    xi	    yi	  phii	 delta	    xf	    yf	  phif	sucesso	passos	 err_x	 err_y	err_phi	    EE	    ET
12.8699	58.9140	-26.7102	1.0000	47.5351	88.4968	72.7169	1.0000	52.0000	0.0493	0.1150	0.1920	20.9071	1.1411
82.3055	0.7895	-74.8888	1.0000	83.8418	-0.4165	-25.7035	0.0000	2.0000	0.6768	1.0042	1.2856	156.8950	1.0240
13.7290	37.8162	82.8261	1.0000	47.5399	86.7276	70.3969	1.0000	60.0000	0.0492	0.1327	0.2178	23.8011	1.0091
67.2027	19.0904	19.6742	1.0000	52.3917	44.4561	118.3344	1.0000	31.0000	0.0478	0.5554	0.3148	62.3994	1.0554
79.8288	80.3524	222.3454	1.0000	52.4743	92.6150	118.3870	1.0000	35.0000	0.0495	0.0739	0.3154	29.4360	1.1675
46.1923	86.2711	161.5138	1.0000	45.0686	88.8642	89.4079	1.0000	3.0000	0.0986	0.1114	0.0066	12.1933	1.0615
0.0284	66.5081	221.4481	1.0000	-0.9315	66.2278	196.2764	0.0000	1.0000	1.0186	0.3377	1.1808	122.5938	1.0000
67.2227	44.3793	17.3177	1.0000	52.1722	70.6337	117.6420	1.0000	32.0000	0.0434	0.2937	0.3071	40.3879	1.0574
8.6204	20.0119	2.1453	1.0000	47.5183	51.8288	70.1703	1.0000	55.0000	0.0496	0.4817	0.2203	52.1521	1.0945
23.1946	40.6175	38.5469	1.0000	47.5336	76.5368	70.7739	1.0000	44.0000	0.0493	0.2346	0.2136	30.4343	1.0141
62.5665	5.1841	174.7517	1.0000	52.2109	15.2924	117.8588	1.0000	15.0000	0.0442	0.8471	0.3095	89.1985	1.0365
57.2961	12.7572	42.6413	1.0000	52.1698	25.1234	117.6961	1.0000	14.0000	0.0434	0.7488	0.3077	79.8642	1.0458
88.3694	51.0046	-3.4559	1.0000	52.3519	78.2669	118.5288	1.0000	53.0000	0.0470	0.2173	0.3170	35.9409	1.1733
3.4244	85.0232	170.6758	1.0000	7.4757	95.5664	45.6009	1.0000	13.0000	0.8505	0.0443	0.4933	61.6381	1.1510
46.8562	49.6934	50.4233	1.0000	47.7828	51.4650	63.9622	1.0000	2.0000	0.0443	0.4854	0.2893	55.1229	1.0004
66.8476	67.6629	61.5332	1.0000	67.0037	69.6371	93.5148	1.0000	2.0000	0.3401	0.3036	0.0391	34.9769	1.0099
45.7720	94.6655	1.1589	1.0000	47.5882	95.4612	31.1589	1.0000	2.0000	0.0482	0.0454	0.6538	59.0652	1.0086
45.6914	72.9710	76.4207	1.0000	47.7765	80.6916	73.9192	1.0000	8.0000	0.0445	0.1931	0.1787	25.2260	1.0004
93.3534	48.5901	72.3108	1.0000	52.2202	73.6388	118.1737	1.0000	53.0000	0.0444	0.2636	0.3130	38.6471	1.1005
67.8246	40.9431	-30.7915	1.0000	71.0790	43.6067	86.1769	1.0000	5.0000	0.4216	0.5639	0.0425	60.3253	1.1889
51.7512	92.4163	-82.7401	1.0000	52.1597	91.5035	-65.8905	1.0000	1.0000	0.0432	0.0850	1.7321	156.1368	1.0000
26.0249	42.1422	116.3682	1.0000	25.9819	43.1412	92.4664	1.0000	1.0000	0.4804	0.5686	0.0274	61.7728	1.0000
13.6993	53.9162	148.3901	1.0000	42.0289	95.7939	60.2697	1.0000	52.0000	0.1594	0.0421	0.3303	31.0663	1.0285
5.7151	83.8799	18.8120	1.0000	33.8267	95.6035	62.2292	1.0000	31.0000	0.3235	0.0440	0.3086	32.4364	1.0178
6.6231	10.2495	164.6779	1.0000	5.4312	12.7984	90.0800	1.0000	3.0000	0.8914	0.8720	0.0009	97.9311	1.0662
60.9513	54.4024	18.3116	1.0000	52.1623	72.9331	117.5918	1.0000	22.0000	0.0432	0.2707	0.3066	38.7117	1.0727
78.7011	22.3942	53.2400	1.0000	52.0599	49.2050	117.1599	1.0000	40.0000	0.0412	0.5079	0.3018	57.6371	1.0583
85.1832	95.9036	249.2184	1.0000	84.7481	95.0032	244.2120	1.0000	1.0000	0.6950	0.0500	1.7135	158.1573	1.0000
80.3505	79.6619	224.3967	1.0000	52.2777	91.9698	118.6146	1.0000	36.0000	0.0456	0.0803	0.3179	29.8071	1.1745
80.0689	85.3684	-73.4011	1.0000	74.8573	95.1635	170.2957	1.0000	20.0000	0.4971	0.0484	0.8922	84.1943	1.8026
64.5528	90.6944	49.0103	1.0000	64.0491	95.4420	116.1193	1.0000	5.0000	0.2810	0.0456	0.2902	30.0062	1.0473
16.6998	92.7043	53.1557	1.0000	19.3906	95.6620	45.9834	1.0000	4.0000	0.6122	0.0434	0.4891	53.7886	1.0004
1.8600	41.6017	45.8038	1.0000	45.2851	95.7495	60.3948	1.0000	70.0000	0.0943	0.0425	0.3289	30.2781	1.0085
98.0948	56.7135	90.7509	1.0000	52.4769	81.0144	118.3909	1.0000	57.0000	0.0495	0.1899	0.3155	34.2437	1.1028
40.0632	31.7259	-46.2192	1.0000	47.5794	36.8281	70.3890	1.0000	11.0000	0.0484	0.6317	0.2179	66.1901	1.2109
64.0278	86.5675	-71.4682	1.0000	64.5141	95.3197	128.2912	1.0000	15.0000	0.2903	0.0468	0.4255	41.2162	1.7112
15.9581	82.6930	-71.2198	1.0000	43.8957	95.0882	60.9088	1.0000	42.0000	0.1221	0.0491	0.3232	30.1278	1.3742
63.6202	32.4210	89.3931	1.0000	52.1921	49.8692	117.7491	1.0000	21.0000	0.0438	0.5013	0.3083	57.3404	1.0068
98.6073	44.2241	214.5096	1.0000	52.2752	57.3068	118.5344	1.0000	54.0000	0.0455	0.4269	0.3170	51.4013	1.1216
80.8106	38.4777	-53.5918	1.0000	84.6314	40.8883	93.8645	1.0000	6.0000	0.6926	0.5911	0.0429	68.6182	1.3281
21.4130	20.9302	225.0899	1.0000	47.5692	68.4892	70.5422	1.0000	60.0000	0.0486	0.3151	0.2162	37.1140	1.1054
19.9079	18.8446	255.5501	1.0000	47.5895	68.3378	71.3482	1.0000	65.0000	0.0482	0.3166	0.2072	36.8265	1.1462
77.6418	28.5315	-49.7854	1.0000	52.4080	55.7518	118.3125	1.0000	46.0000	0.0482	0.4425	0.3146	52.5861	1.2393
60.7543	78.0503	38.4799	1.0000	61.3471	80.9216	93.3351	1.0000	3.0000	0.2269	0.1908	0.0371	22.4469	1.0232
89.5499	64.8421	-12.8637	1.0000	91.8996	67.4969	85.7915	1.0000	4.0000	0.8380	0.3250	0.0468	53.1953	1.1283
18.3012	8.3126	186.4275	1.0000	16.2460	11.2049	88.2140	1.0000	4.0000	0.6751	0.8880	0.0198	95.0110	1.1273
43.4215	90.4449	227.6454	1.0000	40.5214	95.1347	70.8461	1.0000	8.0000	0.1896	0.0487	0.2128	21.9177	1.4508
15.6015	25.3480	81.0009	1.0000	47.7012	73.0189	72.6608	1.0000	58.0000	0.0460	0.2698	0.1927	32.1545	1.0092
94.7315	19.0457	-81.9230	1.0000	99.2126	20.3554	90.6698	1.0000	7.0000	0.9843	0.7964	0.0074	93.6247	1.4994
63.2588	31.3535	211.1800	1.0000	52.0916	39.3671	117.0420	1.0000	15.0000	0.0418	0.6063	0.3005	66.4228	1.0913
8.6957	97.9437	49.1738	1.0000	9.3718	98.6805	47.4594	1.0000	1.0000	0.8126	0.0132	0.4727	58.8396	1.0000
93.9419	35.8008	127.7650	1.0000	52.3839	55.4981	118.3691	1.0000	50.0000	0.0477	0.4450	0.3152	52.8290	1.0872
57.1784	10.9398	-16.8578	1.0000	59.8956	14.3931	87.8529	1.0000	5.0000	0.1979	0.8561	0.0239	86.2037	1.1379
47.7681	47.0968	-53.2016	1.0000	48.5539	46.4784	-38.2016	1.0000	1.0000	0.0289	0.5352	1.4245	138.9328	1.0000
3.9542	77.3357	-9.0609	1.0000	39.8080	95.6452	61.2660	1.0000	44.0000	0.2038	0.0435	0.3193	30.7974	1.0929
86.6534	34.3313	54.5512	1.0000	52.3936	60.2743	118.3261	1.0000	47.0000	0.0479	0.3973	0.3147	48.8491	1.0937
96.9253	21.8999	-48.9176	1.0000	100.3913	22.6994	49.9601	0.0000	4.0000	1.0078	0.7730	0.4449	100.5876	1.1245
62.0889	10.8196	245.5877	1.0000	52.4311	13.2450	118.1711	1.0000	12.0000	0.0486	0.8676	0.3130	91.2467	1.2051
69.8234	87.6287	228.1689	1.0000	54.9952	95.2566	128.4984	1.0000	19.0000	0.0999	0.0474	0.4278	39.1098	1.1394
61.4228	13.9661	2.7117	1.0000	52.4895	33.7200	118.4102	1.0000	24.0000	0.0498	0.6628	0.3157	72.1552	1.1070
3.2672	99.1265	94.1804	1.0000	3.4786	100.1039	77.7943	1.0000	1.0000	0.9304	0.0010	0.1356	48.0960	1.0000
88.1441	76.5036	-28.3059	1.0000	57.8930	95.6475	128.5344	1.0000	45.0000	0.1579	0.0435	0.4282	39.5745	1.2570
79.1993	53.1401	187.9548	1.0000	52.4141	68.2875	118.3166	1.0000	34.0000	0.0483	0.3171	0.3146	42.5833	1.1049
5.1177	92.8869	-39.3382	1.0000	33.5306	95.7453	52.6014	1.0000	30.0000	0.3294	0.0425	0.4155	41.0853	1.0506
99.9175	4.8351	157.1965	1.0000	52.2957	20.8763	118.9043	1.0000	55.0000	0.0459	0.7912	0.3212	84.2692	1.0945
51.0432	88.6869	266.7601	1.0000	50.7302	87.7371	251.7601	1.0000	1.0000	0.0146	0.1226	1.7973	162.2259	1.0000
45.5704	92.9120	168.9784	1.0000	44.0782	95.3056	97.4711	1.0000	3.0000	0.1184	0.0469	0.0830	10.6265	1.0636
9.1122	12.3507	197.7527	1.0000	47.5785	71.7744	70.7297	1.0000	75.0000	0.0484	0.2823	0.2141	34.2622	1.0595
41.8682	91.9055	-63.8839	1.0000	47.9324	91.4938	41.1161	1.0000	7.0000	0.0414	0.0851	0.5432	49.6615	1.1517
94.5109	36.7228	-4.8617	1.0000	96.4865	39.6680	93.4802	1.0000	4.0000	0.9297	0.6033	0.0387	76.2434	1.1279
57.9892	40.0048	122.7517	1.0000	52.3460	48.2314	118.5764	1.0000	10.0000	0.0469	0.5177	0.3175	59.1785	1.0024
14.7370	45.9861	235.2224	1.0000	10.8821	48.3228	86.8766	1.0000	6.0000	0.7824	0.5168	0.0347	64.8884	1.3310
22.5197	17.4168	-56.2993	1.0000	47.5149	38.8553	73.1371	1.0000	42.0000	0.0497	0.6114	0.1874	63.4761	1.2754
71.4834	99.4011	-80.9426	1.0000	72.0227	98.5590	-57.3622	1.0000	1.0000	0.4405	0.0144	1.6374	149.0056	1.0000
88.9271	88.5899	184.8119	1.0000	57.9510	95.5340	128.5354	1.0000	34.0000	0.1590	0.0447	0.4282	39.5998	1.0710
23.5906	90.7488	-42.4941	1.0000	37.9604	95.5184	62.0009	1.0000	19.0000	0.2408	0.0448	0.3111	30.8056	1.2549
59.2581	73.6159	111.3043	1.0000	52.1636	84.4618	117.6022	1.0000	13.0000	0.0433	0.1554	0.3067	31.7490	1.0031
46.2166	93.8017	219.1334	1.0000	42.5334	95.7479	104.0393	1.0000	5.0000	0.1493	0.0425	0.1560	16.4601	1.2003
40.5482	22.0704	259.9492	1.0000	36.0986	23.5387	88.0365	1.0000	7.0000	0.2780	0.7646	0.0218	77.7395	1.4939
52.5005	35.2527	228.1422	1.0000	51.6631	34.7060	213.1422	1.0000	1.0000	0.0333	0.6529	1.3682	139.3918	1.0000
80.2893	68.5984	-75.8828	1.0000	52.1185	95.6292	117.3843	1.0000	51.0000	0.0424	0.0437	0.3043	27.8117	1.3063
36.5360	80.2122	219.8022	1.0000	37.8642	95.6234	68.8393	1.0000	19.0000	0.2427	0.0438	0.2351	24.7832	1.2283
38.2248	51.4599	170.5247	1.0000	47.6635	87.0956	73.5550	1.0000	38.0000	0.0467	0.1290	0.1827	21.0337	1.0308
3.0962	87.8348	84.7306	1.0000	8.1835	95.1342	45.8388	1.0000	9.0000	0.8363	0.0487	0.4907	61.0123	1.0115
33.2170	7.9374	166.3602	1.0000	47.5933	44.9038	77.8997	1.0000	41.0000	0.0481	0.5510	0.1344	56.4606	1.0337
16.9270	48.4397	-9.8205	1.0000	47.5500	78.9698	73.2782	1.0000	48.0000	0.0490	0.2103	0.1858	26.9794	1.1100
24.2298	75.2058	-35.5771	1.0000	45.8279	95.8374	62.6957	1.0000	35.0000	0.0834	0.0416	0.3034	27.9331	1.1718
96.7693	50.8247	-72.2662	1.0000	100.2621	50.1721	25.9825	0.0000	4.0000	1.0052	0.4983	0.7113	95.4323	1.1257
32.7003	90.9841	-79.0481	1.0000	42.6012	95.4760	61.7836	1.0000	15.0000	0.1480	0.0452	0.3135	29.5190	1.3797
60.7427	7.8863	17.7131	1.0000	52.4943	25.5429	118.4181	1.0000	21.0000	0.0499	0.7446	0.3158	79.7350	1.0776
56.5499	4.4536	234.3136	1.0000	51.9640	3.7418	156.8236	1.0000	5.0000	0.0393	0.9626	0.7425	117.1960	1.0774
40.1171	78.4063	248.1068	1.0000	41.2226	95.9270	70.9018	1.0000	23.0000	0.1755	0.0407	0.2122	21.4096	1.3101
65.0061	73.4001	31.0342	1.0000	65.9357	76.1717	87.1824	1.0000	3.0000	0.3187	0.2383	0.0313	28.8040	1.0262
86.3103	38.0335	229.2898	1.0000	52.4662	49.4748	118.3756	1.0000	42.0000	0.0493	0.5053	0.3153	58.0004	1.1756
82.2783	7.3314	87.7009	1.0000	52.1331	33.0653	117.4508	1.0000	42.0000	0.0427	0.6693	0.3050	72.3764	1.0597
85.8202	75.9051	-50.4364	1.0000	57.4198	95.1459	128.5095	1.0000	45.0000	0.1484	0.0485	0.4279	39.5170	1.3118
26.6733	8.7951	237.6788	1.0000	22.5868	10.8146	93.1569	1.0000	6.0000	0.5483	0.8919	0.0351	93.3568	1.3163
66.3065	58.7274	31.0513	1.0000	67.2221	61.4969	88.1421	1.0000	3.0000	0.3444	0.3850	0.0206	42.2202	1.0285
10.6504	22.4822	109.8197	1.0000	47.6799	76.1680	72.1874	1.0000	66.0000	0.0464	0.2383	0.1979	29.8436	1.0120
91.5161	96.9100	38.1380	1.0000	91.9699	97.8011	63.0157	1.0000	1.0000	0.8394	0.0220	0.2998	49.9446	1.0000
79.5150	60.0531	269.7580	1.0000	52.4463	64.3340	118.3489	1.0000	40.0000	0.0489	0.3567	0.3150	45.6257	1.4596
20.6807	97.9791	168.3391	1.0000	19.8735	98.5695	143.8189	1.0000	1.0000	0.6025	0.0143	0.5980	61.6938	1.0000
96.6281	57.3015	39.6174	1.0000	97.0688	59.2032	89.5113	1.0000	2.0000	0.9414	0.4080	0.0054	62.2904	1.0245
19.5367	10.4210	-53.2082	1.0000	47.7292	34.0780	75.1173	1.0000	46.0000	0.0454	0.6592	0.1654	67.6193	1.2499
31.3248	58.0906	45.2003	1.0000	47.6504	87.8658	72.2826	1.0000	34.0000	0.0470	0.1213	0.1969	21.6025	1.0013
31.5634	76.9506	23.2676	1.0000	42.8048	95.7041	61.0447	1.0000	22.0000	0.1439	0.0430	0.3217	30.1435	1.0062
75.0595	69.0943	113.8459	1.0000	52.1670	93.3201	117.6156	1.0000	34.0000	0.0433	0.0668	0.3068	28.4945	1.0201
67.5583	66.1213	261.9974	1.0000	52.4550	73.1761	118.3338	1.0000	21.0000	0.0491	0.2682	0.3148	39.0941	1.2598
34.0777	90.3749	-65.9008	1.0000	43.5460	95.8010	61.8190	1.0000	14.0000	0.1291	0.0420	0.3131	29.2139	1.2829
36.5445	85.0488	6.4214	1.0000	43.6975	95.5656	61.3548	1.0000	13.0000	0.1261	0.0443	0.3183	29.6637	1.0221
9.8398	35.1980	109.3040	1.0000	47.6612	89.5467	71.8852	1.0000	67.0000	0.0468	0.1045	0.2013	21.0448	1.0119
3.8778	40.9643	-9.5970	1.0000	47.6351	74.2128	72.7600	1.0000	61.0000	0.0473	0.2579	0.1916	31.1093	1.1100
1.1078	36.8470	43.3290	1.0000	47.5426	94.6223	70.4125	1.0000	75.0000	0.0491	0.0538	0.2176	20.4604	1.0118
68.1759	87.2317	195.2871	1.0000	56.4962	95.5299	128.5095	1.0000	15.0000	0.1299	0.0447	0.4279	39.3086	1.0469
0.7781	11.8638	-67.7234	1.0000	47.6890	37.4784	74.0175	1.0000	67.0000	0.0462	0.6252	0.1776	64.5734	1.2535
36.1662	71.7794	207.5444	1.0000	33.2067	74.7206	87.4550	1.0000	5.0000	0.3359	0.2528	0.0283	30.4556	1.1983
4.8383	39.5116	-69.4681	1.0000	47.6054	63.8228	73.5251	1.0000	63.0000	0.0479	0.3618	0.1831	39.8239	1.2806
45.7654	75.3554	-25.0026	1.0000	47.7464	75.2688	4.9974	1.0000	2.0000	0.0451	0.2473	0.9445	88.5559	1.0086
73.8143	23.9105	144.6576	1.0000	52.4904	41.8394	118.4115	1.0000	29.0000	0.0498	0.5816	0.3157	64.7771	1.0409
81.3979	3.9895	125.4003	1.0000	52.2772	25.1455	118.6003	1.0000	38.0000	0.0455	0.7485	0.3178	80.1646	1.0557
58.5661	4.4691	50.3720	1.0000	52.0465	18.4012	117.1387	1.0000	16.0000	0.0409	0.8160	0.3015	86.0178	1.0402
47.0711	10.0390	136.9012	1.0000	47.6763	16.8211	73.5298	1.0000	7.0000	0.0465	0.8318	0.1830	84.8257	1.0281
28.4461	28.3242	17.2720	1.0000	47.6781	58.7988	74.3237	1.0000	37.0000	0.0464	0.4120	0.1742	44.1438	1.0268
1.8492	1.5985	-13.0786	1.0000	47.7702	34.8872	73.4199	1.0000	63.0000	0.0446	0.6511	0.1842	67.2276	1.1108
91.0877	46.4451	171.2723	1.0000	52.3540	61.9917	118.5172	1.0000	46.0000	0.0471	0.3801	0.3169	47.5753	1.1021
64.4459	32.0792	10.1010	1.0000	66.0651	35.4646	89.6532	1.0000	4.0000	0.3213	0.6454	0.0039	66.5058	1.0659
69.4731	42.8862	-11.6847	1.0000	52.1256	72.8818	117.4163	1.0000	38.0000	0.0425	0.2712	0.3046	38.6209	1.0967
96.6480	32.5818	215.5427	1.0000	52.3083	45.5737	118.8082	1.0000	52.0000	0.0462	0.5443	0.3201	61.6235	1.1254
37.2556	99.0757	-57.5485	1.0000	37.9923	98.3995	-42.5485	1.0000	1.0000	0.2402	0.0160	1.4728	133.1009	1.0000
9.4759	39.9203	-45.0565	1.0000	47.5414	67.5642	72.7060	1.0000	56.0000	0.0492	0.3244	0.1922	36.8403	1.1904
56.4450	24.0808	55.5425	1.0000	56.8102	26.0298	86.8862	1.0000	2.0000	0.1362	0.7397	0.0346	74.3483	1.0086
8.2042	44.0433	207.2838	1.0000	42.8834	95.6551	60.4419	1.0000	67.0000	0.1423	0.0434	0.3284	30.7116	1.0775
39.9235	17.9810	0.4735	1.0000	47.5474	29.1938	70.3307	1.0000	14.0000	0.0491	0.7081	0.2185	73.5283	1.0325
69.1778	43.2250	30.3340	1.0000	52.0837	71.2162	117.2426	1.0000	34.0000	0.0417	0.2878	0.3027	39.6863	1.0366
49.2093	98.7911	-13.9939	1.0000	50.2091	98.8087	1.0061	1.0000	1.0000	0.0042	0.0119	0.9888	89.0022	1.0000
57.1269	46.1156	57.7089	1.0000	57.4428	48.0732	88.3333	1.0000	2.0000	0.1489	0.5193	0.0185	52.4840	1.0086
8.1439	12.6586	199.0168	1.0000	47.6698	73.6079	72.4377	1.0000	77.0000	0.0466	0.2639	0.1951	31.7869	1.0600
72.0724	34.2114	149.2948	1.0000	52.1172	52.3271	117.3785	1.0000	28.0000	0.0423	0.4767	0.3042	55.0161	1.0389
78.8543	55.8628	233.3644	1.0000	52.2541	66.8451	118.2352	1.0000	35.0000	0.0451	0.3315	0.3137	43.6068	1.2162
61.8859	75.8051	-27.4826	1.0000	53.7569	95.1189	120.5000	1.0000	25.0000	0.0751	0.0488	0.3389	31.1157	1.1930
55.7792	69.3639	70.3894	1.0000	52.3489	77.4897	119.1052	1.0000	9.0000	0.0470	0.2251	0.3234	36.8693	1.0204
18.2597	83.4602	-25.2050	1.0000	39.3813	95.4727	61.0937	1.0000	28.0000	0.2124	0.0453	0.3212	31.1259	1.1523
28.7905	16.0504	194.8745	1.0000	47.7715	56.6543	73.4089	1.0000	48.0000	0.0446	0.4335	0.1843	46.4659	1.0709
16.4228	86.5186	212.2472	1.0000	13.3375	89.2520	88.8351	1.0000	5.0000	0.7332	0.1075	0.0129	38.2232	1.2130
72.5221	95.4795	245.8374	1.0000	58.9996	95.0568	130.0276	1.0000	17.0000	0.1800	0.0494	0.4448	41.3236	1.2565
86.4856	49.6419	-4.9937	1.0000	88.4674	52.5828	93.3604	1.0000	4.0000	0.7693	0.4742	0.0373	61.1508	1.1279
45.7895	31.7858	-24.5819	1.0000	47.7711	31.7137	5.4181	1.0000	2.0000	0.0446	0.6829	0.9398	108.7294	1.0086
11.3365	58.2226	27.2394	1.0000	46.9640	95.8134	66.3139	1.0000	54.0000	0.0607	0.0419	0.2632	24.2441	1.0426
25.7409	4.7459	144.8409	1.0000	47.6788	45.2326	72.1840	1.0000	47.0000	0.0464	0.5477	0.1980	57.6391	1.0207
93.3424	3.1099	268.8233	1.0000	92.3991	-0.7576	248.7742	0.0000	4.0000	0.8480	1.0076	1.7642	192.7668	1.0048
28.6246	79.1168	-44.0547	1.0000	44.7672	95.1355	61.9857	1.0000	27.0000	0.1047	0.0486	0.3113	28.9110	1.1872
35.7213	14.2042	-69.3391	1.0000	47.6199	24.7418	73.2005	1.0000	20.0000	0.0476	0.7526	0.1867	77.1471	1.2583
60.1771	94.6096	264.9874	1.0000	52.3779	93.7786	123.8987	1.0000	10.0000	0.0476	0.0622	0.3767	34.5469	1.2750
87.5653	36.1952	59.7936	1.0000	52.2224	62.1785	118.0015	1.0000	48.0000	0.0444	0.3782	0.3111	47.1115	1.0942
85.4296	53.4834	65.9120	1.0000	85.4131	54.4832	90.9445	1.0000	1.0000	0.7083	0.4552	0.0105	57.6781	1.0000
51.3568	98.8799	46.8771	1.0000	51.8192	99.7666	62.4557	1.0000	1.0000	0.0364	0.0023	0.3060	27.6053	1.0000
17.7944	93.4027	191.9508	1.0000	15.5436	95.0949	118.2349	1.0000	3.0000	0.6891	0.0491	0.3137	44.8165	1.0653
83.6369	85.6558	-2.7111	1.0000	80.0215	95.5103	148.7974	1.0000	13.0000	0.6004	0.0449	0.6533	66.1708	1.2385
92.9979	49.0690	3.0988	1.0000	52.2848	75.8707	118.8535	1.0000	57.0000	0.0457	0.2413	0.3206	37.6824	1.1694
66.9824	90.4442	36.6572	1.0000	67.6447	93.2852	93.4603	1.0000	3.0000	0.3529	0.0671	0.0384	19.1936	1.0284
23.6200	15.1559	22.7756	1.0000	47.6090	47.6871	72.7944	1.0000	42.0000	0.0478	0.5231	0.1912	55.1215	1.0391
95.5785	41.7380	-10.3390	1.0000	97.8111	44.4905	88.3556	1.0000	4.0000	0.9562	0.5551	0.0183	73.2796	1.1286
30.6887	86.8340	224.4343	1.0000	30.7476	95.5204	48.4782	1.0000	13.0000	0.3850	0.0448	0.4614	45.9867	1.4966
78.6223	92.6789	83.4113	1.0000	77.6154	95.4831	116.7565	1.0000	3.0000	0.5523	0.0452	0.2973	38.7159	1.0069
52.5793	0.8475	8.8015	1.0000	54.7022	4.8852	94.0434	1.0000	5.0000	0.0940	0.9511	0.0449	95.3167	1.0961
54.7521	53.7409	-71.9294	1.0000	52.2674	67.6065	118.2232	1.0000	21.0000	0.0453	0.3239	0.3136	43.0236	1.4908
30.4937	66.8370	-49.3228	1.0000	47.6216	88.1205	73.9514	1.0000	31.0000	0.0476	0.1188	0.1783	20.1081	1.1347
76.9847	6.8145	246.3291	1.0000	52.3644	15.7451	118.4630	1.0000	34.0000	0.0473	0.8425	0.3163	88.9641	1.2982
87.3347	73.1319	205.2639	1.0000	52.0822	87.8930	117.2369	1.0000	43.0000	0.0416	0.1211	0.3026	29.8791	1.1251
90.7564	63.8055	-22.2926	1.0000	52.2114	90.8785	117.8664	1.0000	57.0000	0.0442	0.0912	0.3096	29.4045	1.2101
58.9665	79.7237	-80.2558	1.0000	54.2327	95.1311	126.2494	1.0000	24.0000	0.0847	0.0487	0.4028	36.8190	1.4890
1.3223	34.6392	74.2623	1.0000	47.3148	95.4682	68.5608	1.0000	77.0000	0.0537	0.0453	0.2382	22.0768	1.0097
60.0413	90.4699	-68.8873	1.0000	64.5429	92.7864	86.1131	1.0000	7.0000	0.2909	0.0721	0.0432	16.6925	1.3827
14.4032	8.7923	111.2958	1.0000	14.4685	9.7902	86.2531	1.0000	1.0000	0.7106	0.9021	0.0416	97.0275	1.0000
17.9867	73.6775	190.4631	1.0000	15.7467	76.4253	91.8619	1.0000	4.0000	0.6851	0.2357	0.0207	41.6235	1.1283
17.8720	55.1232	-61.5510	1.0000	47.6412	76.0509	71.9187	1.0000	47.0000	0.0472	0.2395	0.2009	30.1008	1.2916
54.3362	82.7235	-65.0246	1.0000	58.8428	85.0405	86.1724	1.0000	7.0000	0.1769	0.1496	0.0425	17.7942	1.3814
40.3280	40.5532	162.3813	1.0000	39.2388	43.1487	87.8058	1.0000	3.0000	0.2152	0.5685	0.0244	57.9024	1.0658
32.0508	23.9801	156.5472	1.0000	31.0825	26.6479	86.7317	1.0000	3.0000	0.3784	0.7335	0.0363	75.8227	1.0570
87.2146	74.1153	35.5757	1.0000	55.4254	95.7684	128.4919	1.0000	43.0000	0.1085	0.0423	0.4277	39.1020	1.1180
76.7277	55.2869	8.5200	1.0000	52.2076	83.1178	117.8416	1.0000	41.0000	0.0442	0.1688	0.3094	32.6349	1.1054
11.5931	51.8102	116.9462	1.0000	11.5588	52.8096	91.9654	1.0000	1.0000	0.7688	0.4719	0.0218	60.8976	1.0000
25.7425	74.7177	260.5635	1.0000	21.1728	76.0038	91.2808	1.0000	7.0000	0.5765	0.2400	0.0142	37.5295	1.4745
0.5713	88.3306	109.9375	1.0000	4.3608	95.1851	47.6124	1.0000	8.0000	0.9128	0.0481	0.4710	62.4726	1.0214
16.1308	55.0006	268.5830	1.0000	41.0287	95.4529	60.2659	1.0000	57.0000	0.1794	0.0455	0.3304	31.3891	1.2000
65.5141	17.0096	226.0137	1.0000	52.1963	26.0371	117.7593	1.0000	18.0000	0.0439	0.7396	0.3084	79.0311	1.1188
99.4155	3.2612	-16.7853	1.0000	100.4067	3.3938	7.6208	0.0000	1.0000	1.0081	0.9661	0.9153	136.6013	1.0000
72.8886	42.2597	32.4032	1.0000	52.3353	71.3331	118.6247	1.0000	37.0000	0.0467	0.2867	0.3181	40.5785	1.0392
84.7865	82.2064	21.7424	1.0000	63.7480	95.1812	149.9400	1.0000	29.0000	0.2750	0.0482	0.6660	61.6850	1.1732
48.5506	23.4340	8.9659	1.0000	49.4644	23.8402	23.9659	1.0000	1.0000	0.0107	0.7616	0.7337	100.8023	1.0000
46.7587	39.1294	253.0759	1.0000	42.0486	40.1859	94.0508	1.0000	7.0000	0.1590	0.5981	0.0450	60.4761	1.4501
88.9737	83.2274	-72.4108	1.0000	63.0492	95.1264	147.2556	1.0000	41.0000	0.2610	0.0487	0.6362	58.9257	1.4373
41.7589	90.8259	165.1512	1.0000	40.5457	93.3647	90.5654	1.0000	3.0000	0.1891	0.0664	0.0063	11.5642	1.0662
46.6699	82.3136	121.4847	1.0000	46.4488	84.2783	87.7554	1.0000	2.0000	0.0710	0.1572	0.0249	16.2733	1.0116
26.1485	33.5324	103.6461	1.0000	47.7597	71.5884	73.0904	1.0000	44.0000	0.0448	0.2841	0.1879	33.1387	1.0054
75.8303	17.3176	113.3972	1.0000	52.3033	40.6837	118.8464	1.0000	34.0000	0.0461	0.5932	0.3205	65.9988	1.0254
28.1879	65.1364	-0.0124	1.0000	47.7146	94.4719	76.0791	1.0000	37.0000	0.0457	0.0553	0.1547	15.1517	1.0499
48.2522	92.2623	268.7191	1.0000	47.9340	91.3143	251.4417	1.0000	1.0000	0.0413	0.0869	1.7938	161.6884	1.0000
12.7812	66.2215	214.6376	1.0000	9.5967	68.8353	90.9577	1.0000	5.0000	0.8081	0.3116	0.0106	51.0351	1.2136
65.3269	74.2005	165.4861	1.0000	52.1783	88.7012	117.6739	1.0000	20.0000	0.0436	0.1130	0.3075	29.9709	1.0217
15.4617	47.5289	1.2723	1.0000	47.7701	78.6006	73.4651	1.0000	49.0000	0.0446	0.2140	0.1837	27.1350	1.0931
81.7035	50.5081	15.8392	1.0000	82.8784	53.0672	90.1422	1.0000	3.0000	0.6576	0.4693	0.0016	57.3036	1.0654
12.6060	92.6309	228.5431	1.0000	9.0271	95.4005	81.0310	1.0000	6.0000	0.8195	0.0460	0.0997	42.1945	1.3258
43.9423	38.3709	51.4103	1.0000	47.6774	46.5290	74.2426	1.0000	9.0000	0.0465	0.5347	0.1751	55.7928	1.0031
48.0786	22.6360	-14.0621	1.0000	49.0785	22.6524	0.9379	1.0000	1.0000	0.0184	0.7735	0.9896	117.9642	1.0000
64.3485	2.8371	269.3407	1.0000	61.9817	-0.1750	209.3407	0.0000	4.0000	0.2396	1.0017	1.3260	156.2715	1.0442
16.6409	75.6534	-4.4132	1.0000	42.3310	95.5944	61.0517	1.0000	36.0000	0.1534	0.0441	0.3216	30.2692	1.1070
41.9574	91.1153	196.4409	1.0000	39.9481	95.5494	70.6875	1.0000	6.0000	0.2010	0.0445	0.2146	22.2221	1.2325
23.5897	73.3672	55.4861	1.0000	39.0484	95.2739	60.2698	1.0000	27.0000	0.2190	0.0473	0.3303	32.0337	1.0070
4.9399	22.8032	84.7765	1.0000	47.6331	81.0956	71.3951	1.0000	73.0000	0.0473	0.1890	0.2067	26.6293	1.0103
13.3038	82.9087	230.2986	1.0000	17.6662	95.6329	45.0732	1.0000	19.0000	0.6467	0.0437	0.4992	55.5245	1.4125
94.3759	18.6572	-18.5197	1.0000	52.4428	45.4028	118.3446	1.0000	60.0000	0.0489	0.5460	0.3149	61.5649	1.2064
63.1839	97.0403	10.9427	1.0000	63.9983	97.6206	35.4725	1.0000	1.0000	0.2800	0.0238	0.6059	56.3459	1.0000
65.6739	63.4020	206.6023	1.0000	52.0797	74.8423	117.2183	1.0000	19.0000	0.0416	0.2516	0.3024	37.1224	1.0694
20.3635	25.6234	189.6947	1.0000	18.1493	28.3977	91.4984	1.0000	4.0000	0.6370	0.7160	0.0166	78.3812	1.1269
35.8466	52.2991	266.5485	1.0000	47.6348	88.2766	76.0276	1.0000	46.0000	0.0473	0.1172	0.1552	18.3918	1.2150
10.8257	47.7984	166.7377	1.0000	9.5411	50.3017	92.2257	1.0000	3.0000	0.8092	0.4970	0.0247	64.1233	1.0662
73.7048	48.1214	8.5630	1.0000	52.2452	77.1520	118.3530	1.0000	39.0000	0.0449	0.2285	0.3150	36.4824	1.0803
90.9445	32.5139	-24.8761	1.0000	52.4282	59.2552	118.3293	1.0000	57.0000	0.0486	0.4074	0.3148	49.6848	1.2156
77.7254	47.6420	165.4595	1.0000	52.2170	64.4446	118.6320	1.0000	33.0000	0.0443	0.3556	0.3181	45.7044	1.0804
89.7975	71.8925	-51.1437	1.0000	53.8195	95.7175	121.7695	1.0000	55.0000	0.0764	0.0428	0.3530	32.2836	1.2746
74.0629	63.2742	-63.5459	1.0000	52.2185	90.3002	118.3055	1.0000	44.0000	0.0444	0.0970	0.3145	30.0035	1.2662
81.1004	85.6739	75.2755	1.0000	67.3872	95.0498	164.2956	1.0000	18.0000	0.3477	0.0495	0.8255	76.4634	1.0836
66.5759	24.4559	198.6666	1.0000	52.3575	37.0696	118.4959	1.0000	20.0000	0.0472	0.6293	0.3166	69.1217	1.0522
48.9118	5.1341	-81.8154	1.0000	49.3055	4.2148	-66.8154	1.0000	1.0000	0.0139	0.9579	1.7424	183.7562	1.0000
88.7705	16.2869	241.4795	1.0000	52.2128	26.2516	117.8751	1.0000	46.0000	0.0443	0.7375	0.3097	78.8717	1.2140
10.6294	32.8888	104.1386	1.0000	47.7193	86.5729	73.1150	1.0000	66.0000	0.0456	0.1343	0.1876	21.6931	1.0115
10.1024	87.4084	-83.8575	1.0000	41.8376	95.2042	60.8226	1.0000	46.0000	0.1632	0.0480	0.3242	30.6749	1.4076
40.3451	86.9871	240.3817	1.0000	36.3020	88.9751	92.1783	1.0000	6.0000	0.2740	0.1102	0.0242	17.7180	1.3317
32.0502	2.5220	195.6570	1.0000	47.6248	39.3023	71.6421	1.0000	43.0000	0.0475	0.6070	0.2040	63.4576	1.0766
94.0818	56.7858	238.2669	1.0000	52.2225	67.0730	117.9930	1.0000	51.0000	0.0445	0.3293	0.3110	43.2751	1.1832
18.6679	8.2434	238.0832	1.0000	14.6918	10.3616	90.0420	1.0000	6.0000	0.7062	0.8964	0.0005	96.3416	1.3318
49.6027	69.8024	76.7488	1.0000	49.8087	70.7809	78.1114	1.0000	1.0000	0.0038	0.2922	0.1321	31.5457	1.0000
70.1053	31.7617	17.1955	1.0000	71.3431	34.3108	87.6365	1.0000	3.0000	0.4269	0.6569	0.0263	69.1099	1.0587
72.9094	25.7355	61.8070	1.0000	72.9866	26.7325	85.5730	1.0000	1.0000	0.4597	0.7327	0.0492	76.9163	1.0000
21.2269	86.9861	-53.1448	1.0000	40.7030	95.6710	61.8998	1.0000	28.0000	0.1859	0.0433	0.3122	29.9131	1.3130
49.9963	96.4780	248.6352	1.0000	49.4033	95.6728	233.6322	1.0000	1.0000	0.0119	0.0433	1.5959	143.6986	1.0000
79.2291	69.5756	108.1318	1.0000	52.1744	93.9857	117.6537	1.0000	38.0000	0.0435	0.0601	0.3073	28.3835	1.0428
91.0572	32.7552	119.6079	1.0000	52.2661	54.0824	118.2508	1.0000	48.0000	0.0453	0.4592	0.3139	53.9599	1.0843
71.2638	23.1181	19.0602	1.0000	72.4032	25.7105	89.9576	1.0000	3.0000	0.4481	0.7429	0.0005	77.5940	1.0594
80.5322	56.9708	267.6960	1.0000	52.2479	61.7634	118.3161	1.0000	41.0000	0.0450	0.3824	0.3146	47.6329	1.4292
75.6860	13.0910	-71.8204	1.0000	52.2177	39.9290	118.3619	1.0000	46.0000	0.0444	0.6007	0.3151	66.4669	1.2903
55.4496	14.3819	266.5801	1.0000	51.9609	11.2866	191.5801	1.0000	5.0000	0.0392	0.8871	1.1287	134.8793	1.0721
9.9340	41.4594	152.9939	1.0000	46.6391	95.4438	64.1181	1.0000	67.0000	0.0672	0.0456	0.2876	26.4939	1.0263
36.4231	41.8101	172.1694	1.0000	47.6658	83.0863	74.8818	1.0000	44.0000	0.0467	0.1691	0.1680	22.8053	1.0285
71.1362	85.5042	78.0494	1.0000	65.0440	95.6603	128.2647	1.0000	12.0000	0.3009	0.0434	0.4252	41.3442	1.0132
11.3403	20.4751	150.6266	1.0000	47.7828	75.8710	73.2708	1.0000	68.0000	0.0443	0.2413	0.1859	29.4447	1.0255
73.1727	49.2511	179.9022	1.0000	52.4201	65.1057	118.3217	1.0000	28.0000	0.0484	0.3489	0.3147	45.0065	1.0721
8.1609	97.5870	32.0701	1.0000	9.0083	98.1179	32.0701	1.0000	1.0000	0.8198	0.0188	0.6437	70.9911	1.0000
65.6453	63.4343	165.0581	1.0000	52.3595	77.8328	118.4883	1.0000	20.0000	0.0472	0.2217	0.3165	36.1736	1.0208
41.8380	62.2706	-59.1123	1.0000	47.9154	62.3647	45.8877	1.0000	7.0000	0.0417	0.3764	0.4901	58.0229	1.1517
51.7583	11.7828	-33.3834	1.0000	52.1093	22.4689	117.7480	1.0000	15.0000	0.0422	0.7753	0.3083	82.3740	1.4029
94.2284	38.3609	267.6708	1.0000	52.2254	43.1624	118.6164	1.0000	55.0000	0.0445	0.5684	0.3180	63.6739	1.3010
25.4307	90.2688	-75.5832	1.0000	42.0118	95.5957	61.5410	1.0000	27.0000	0.1598	0.0440	0.3162	29.8851	1.5503
43.3028	51.8997	18.0238	1.0000	47.7068	59.5383	73.0720	1.0000	9.0000	0.0459	0.4046	0.1881	43.9200	1.0207
57.3844	83.4172	17.7754	1.0000	53.2439	95.4366	120.5107	1.0000	14.0000	0.0649	0.0456	0.3390	31.0201	1.1013
99.1054	89.3279	42.1117	1.0000	99.4682	91.2457	91.8862	1.0000	2.0000	0.9894	0.0875	0.0210	50.2722	1.0247
29.0407	95.1328	-5.6951	1.0000	30.0393	95.0804	-3.0012	1.0000	1.0000	0.3992	0.0492	1.0333	95.2463	1.0000
4.1275	6.0443	29.4144	1.0000	47.5124	49.8510	70.0999	1.0000	64.0000	0.0498	0.5015	0.2211	54.0104	1.0380
7.0808	36.3466	17.0669	1.0000	47.6543	71.8040	72.2558	1.0000	58.0000	0.0469	0.2820	0.1972	33.3972	1.0764
90.4072	73.4955	-34.7858	1.0000	93.5972	76.1015	88.9516	1.0000	5.0000	0.8719	0.2390	0.0116	49.7288	1.2139
24.8526	78.5834	-48.4977	1.0000	45.5629	95.3778	60.9406	1.0000	33.0000	0.0887	0.0462	0.3229	29.7574	1.2376
95.5686	18.0587	-60.6008	1.0000	99.6095	20.0323	88.0668	1.0000	6.0000	0.9922	0.7997	0.0215	94.1258	1.3342
13.8013	73.6943	248.7456	1.0000	26.9514	95.2672	45.0000	1.0000	33.0000	0.4610	0.0473	0.5000	50.7803	1.3062
56.3980	90.3928	-80.5436	1.0000	59.6708	95.5028	119.6537	1.0000	11.0000	0.1934	0.0450	0.3295	31.5134	1.8127
61.7946	32.4013	109.2749	1.0000	52.2253	46.3865	118.6187	1.0000	17.0000	0.0445	0.5361	0.3180	60.8144	1.0032
70.9369	89.1207	46.6119	1.0000	71.2130	91.0591	93.6675	1.0000	2.0000	0.4243	0.0894	0.0407	23.3106	1.0215
71.1678	8.4350	55.4591	1.0000	52.1022	37.1468	117.3132	1.0000	35.0000	0.0420	0.6285	0.3035	68.5635	1.0155
28.6613	96.0362	194.1869	1.0000	27.6747	96.1991	170.6263	1.0000	1.0000	0.4465	0.0380	0.8958	83.7464	1.0000
92.1903	74.4714	64.3670	1.0000	92.1993	75.4713	89.4846	1.0000	1.0000	0.8440	0.2453	0.0057	48.8130	1.0000
21.9810	63.9751	260.2681	1.0000	17.4848	65.3551	89.1100	1.0000	7.0000	0.6503	0.3464	0.0099	47.5216	1.4883
99.0795	72.0439	188.2835	1.0000	52.3601	86.5378	118.4854	1.0000	54.0000	0.0472	0.1346	0.3165	31.5946	1.1039
23.9884	1.6938	257.9826	1.0000	19.5119	3.2251	87.7825	1.0000	7.0000	0.6098	0.9677	0.0246	101.4881	1.4795
63.3257	64.6378	-34.9211	1.0000	66.6788	68.1796	93.7195	1.0000	6.0000	0.3336	0.3182	0.0413	36.1187	1.2302
15.3522	74.4457	8.3912	1.0000	42.1843	95.3638	60.8147	1.0000	37.0000	0.1563	0.0464	0.3243	30.5673	1.0875
43.5034	98.4217	35.9929	1.0000	44.1328	99.1988	50.9929	1.0000	1.0000	0.1173	0.0080	0.4334	39.4540	1.0000
32.3967	78.0848	55.4722	1.0000	42.2775	95.4725	60.2290	1.0000	20.0000	0.1544	0.0453	0.3308	31.0877	1.0000
35.4372	16.8341	196.5214	1.0000	47.5413	61.8023	77.4955	1.0000	49.0000	0.0492	0.3820	0.1389	40.2675	1.0522
29.4812	48.2189	55.4251	1.0000	47.6721	80.3605	72.1606	1.0000	37.0000	0.0466	0.1964	0.1982	26.6340	1.0018
23.7683	98.9391	100.5201	1.0000	23.9258	99.9266	80.9395	1.0000	1.0000	0.5215	0.0007	0.1007	27.6037	1.0000
57.9075	41.3053	178.8695	1.0000	52.4415	45.1252	117.8859	1.0000	7.0000	0.0488	0.5487	0.3098	61.6022	1.0497
2.0402	9.9726	192.5036	1.0000	-0.2260	11.6440	118.7347	0.0000	3.0000	1.0045	0.8836	0.3193	105.6178	1.0654
9.3553	76.3677	259.5952	1.0000	4.9252	77.8644	87.0862	1.0000	7.0000	0.9015	0.2214	0.0324	50.3012	1.4970
60.0446	78.7169	121.5657	1.0000	52.0690	90.1741	117.1916	1.0000	14.0000	0.0414	0.0983	0.3021	28.9864	1.0029
76.3010	68.8847	259.9760	1.0000	52.2855	75.2378	118.8781	1.0000	35.0000	0.0457	0.2476	0.3209	38.1095	1.4089
33.9405	21.2754	24.4250	1.0000	47.5763	46.7172	73.7397	1.0000	29.0000	0.0485	0.5328	0.1807	55.7613	1.0047
24.4421	99.8723	71.3502	1.0000	24.8435	100.7882	66.3346	1.0000	1.0000	0.5031	0.0079	0.2629	34.5474	1.0000
50.0965	54.3407	123.6440	1.0000	49.7040	55.2604	113.1139	1.0000	1.0000	0.0059	0.4474	0.2568	50.3584	1.0000
54.0884	75.3652	246.5006	1.0000	51.7317	73.6212	201.5006	1.0000	3.0000	0.0346	0.2638	1.2389	114.5916	1.0232
19.5533	6.1997	215.7199	1.0000	16.3019	8.7313	92.5185	1.0000	5.0000	0.6740	0.9127	0.0280	97.3236	1.2134
45.9773	35.6948	264.3852	1.0000	47.7449	57.2106	73.8418	1.0000	29.0000	0.0451	0.4279	0.1795	45.7942	1.3433
19.0259	29.9095	186.3968	1.0000	16.9685	32.8017	88.2997	1.0000	4.0000	0.6606	0.6720	0.0189	74.8971	1.1270
74.4437	78.3109	35.5972	1.0000	60.2085	95.6141	128.5201	1.0000	24.0000	0.2042	0.0439	0.4280	40.0905	1.0711
19.0690	88.3391	209.5251	1.0000	16.0903	91.1993	86.8148	1.0000	5.0000	0.6782	0.0880	0.0354	35.1776	1.2108
26.5410	17.9981	118.9000	1.0000	47.7186	56.1554	72.4328	1.0000	44.0000	0.0456	0.4384	0.1952	47.2880	1.0082
85.1063	52.2155	126.2081	1.0000	52.1178	73.3167	117.3811	1.0000	42.0000	0.0424	0.2668	0.3042	38.2911	1.0725
76.0444	9.3077	125.5016	1.0000	52.1827	30.4458	117.6974	1.0000	33.0000	0.0437	0.6955	0.3077	74.8979	1.0352
82.3611	98.6272	197.6995	1.0000	81.3855	98.4076	192.6867	1.0000	1.0000	0.6277	0.0159	1.1410	107.3879	1.0000
71.2513	79.4659	205.8600	1.0000	52.3233	93.9269	118.7014	1.0000	26.0000	0.0465	0.0607	0.3189	29.4288	1.0915
51.6682	75.7495	244.2134	1.0000	51.0150	74.9924	229.2134	1.0000	1.0000	0.0203	0.2501	1.5468	141.4453	1.0000
14.2822	30.3792	102.2478	1.0000	47.5578	79.5647	70.5429	1.0000	60.0000	0.0488	0.2044	0.2162	28.3222	1.0104
74.3661	28.4707	29.2206	1.0000	52.2852	57.0418	118.8652	1.0000	38.0000	0.0457	0.4296	0.3207	51.8057	1.0524
49.8277	46.6852	49.1030	1.0000	50.2943	47.5697	62.1878	1.0000	1.0000	0.0059	0.5243	0.3090	59.3510	1.0000
34.3221	18.9406	106.8137	1.0000	47.7009	61.8733	77.7131	1.0000	45.0000	0.0460	0.3813	0.1365	40.1235	1.0007
70.6847	80.1304	-89.5289	1.0000	60.5615	95.7550	128.5693	1.0000	29.0000	0.2112	0.0424	0.4285	40.2139	1.5577
96.1878	1.8515	10.4916	1.0000	52.1823	28.8793	117.6953	1.0000	60.0000	0.0436	0.7112	0.3077	76.3541	1.1618
63.6857	47.0806	7.5978	1.0000	65.4312	50.3949	87.6090	1.0000	4.0000	0.3086	0.4961	0.0266	52.0049	1.0679
8.3587	24.5632	-3.5197	1.0000	47.5465	56.7400	71.7261	1.0000	56.0000	0.0491	0.4326	0.2030	47.0254	1.1044
8.9322	22.6903	-33.4120	1.0000	47.6516	52.0517	73.0556	1.0000	56.0000	0.0470	0.4795	0.1883	50.9084	1.1524
57.1140	54.4997	-32.0234	1.0000	52.2213	70.8020	118.6814	1.0000	21.0000	0.0444	0.2920	0.3187	40.9888	1.2338
99.8896	5.2121	-48.2327	1.0000	100.8097	4.8204	-23.0572	0.0000	1.0000	1.0162	0.9518	1.2562	156.2777	1.0000
7.0584	99.8944	205.4982	1.0000	6.0585	99.8817	180.7328	1.0000	1.0000	0.8788	0.0012	1.0081	100.8133	1.0000
76.1220	40.1735	106.2777	1.0000	52.4901	64.8025	118.4110	1.0000	35.0000	0.0498	0.3520	0.3157	45.3018	1.0254
64.3372	59.3967	-37.7306	1.0000	67.8515	62.7517	92.0857	1.0000	6.0000	0.3570	0.3725	0.0232	41.3578	1.2349
27.4107	49.7381	-83.3788	1.0000	47.7535	64.9134	74.4897	1.0000	38.0000	0.0449	0.3509	0.1723	38.4277	1.4973
27.7071	81.4506	186.2435	1.0000	25.5658	84.3171	90.8819	1.0000	4.0000	0.4887	0.1568	0.0098	29.0475	1.1179
68.2100	26.4261	159.7862	1.0000	52.2778	43.7638	118.6201	1.0000	24.0000	0.0456	0.5624	0.3180	63.1412	1.0193
77.1027	1.3143	49.5725	1.0000	52.2856	27.4714	118.8810	1.0000	38.0000	0.0457	0.7253	0.3209	78.1008	1.0539
33.4790	43.3407	141.2810	1.0000	32.9542	45.2263	93.6917	1.0000	2.0000	0.3409	0.5477	0.0410	57.4834	1.0218
28.1727	73.0352	-77.7283	1.0000	47.5666	89.4726	73.7496	1.0000	36.0000	0.0487	0.1053	0.1806	19.5147	1.4161
14.5797	21.8119	-13.8480	1.0000	47.7511	52.0174	73.6575	1.0000	50.0000	0.0450	0.4798	0.1816	50.7392	1.1145
36.5856	80.1193	129.6386	1.0000	41.0205	95.3077	71.0125	1.0000	16.0000	0.1796	0.0469	0.2110	21.5215	1.0112
82.2783	75.4008	217.2331	1.0000	52.1822	89.0004	117.6948	1.0000	38.0000	0.0436	0.1100	0.3077	29.8790	1.1506
96.8084	19.7237	133.5842	1.0000	52.1497	38.8483	117.5290	1.0000	53.0000	0.0430	0.6115	0.3059	67.0969	1.0910
85.0289	94.1005	78.1143	1.0000	84.8732	95.0884	98.9565	1.0000	1.0000	0.6975	0.0491	0.0995	36.3385	1.0000
11.6171	39.4223	153.8615	1.0000	47.5037	93.9180	70.4015	1.0000	67.0000	0.0499	0.0608	0.2178	20.6718	1.0268
6.9854	49.2011	18.3859	1.0000	47.7752	86.0922	73.8294	1.0000	59.0000	0.0445	0.1391	0.1797	21.4444	1.0728
27.0883	20.0965	38.4030	1.0000	47.5664	52.8635	70.8848	1.0000	39.0000	0.0487	0.4714	0.2124	50.9231	1.0093
75.3692	47.9224	37.4159	1.0000	75.9228	49.7982	85.6243	1.0000	2.0000	0.5185	0.5020	0.0486	56.6688	1.0226
51.3485	17.2609	106.5139	1.0000	51.1127	18.2327	103.6401	1.0000	1.0000	0.0223	0.8177	0.1516	82.9046	1.0000
64.9881	34.4002	99.6767	1.0000	52.4205	52.3546	118.3222	1.0000	22.0000	0.0484	0.4765	0.3147	55.4805	1.0038
19.5867	39.3721	100.7126	1.0000	47.7104	83.7222	72.3780	1.0000	53.0000	0.0458	0.1628	0.1958	24.0987	1.0092
19.1811	27.8773	200.5840	1.0000	47.5506	77.2987	70.6232	1.0000	61.0000	0.0490	0.2270	0.2153	29.9468	1.0705
10.1449	97.2007	-84.9889	1.0000	10.3190	96.2159	-79.9711	1.0000	1.0000	0.7936	0.0378	1.8886	174.5826	1.0000
8.3825	31.1757	210.9146	1.0000	5.3604	33.9802	87.5005	1.0000	5.0000	0.8928	0.6602	0.0278	79.7343	1.2127
68.5117	78.9216	233.9634	1.0000	52.4534	89.7270	118.3553	1.0000	22.0000	0.0491	0.1027	0.3151	30.2585	1.1366
6.7454	66.2361	192.7552	1.0000	4.3996	68.8951	94.1608	1.0000	4.0000	0.9120	0.3110	0.0462	55.3555	1.1281
0.3946	23.7938	137.3589	1.0000	0.0479	25.7146	87.6369	1.0000	2.0000	0.9990	0.7429	0.0263	89.5495	1.0247
12.3089	54.5574	181.2130	1.0000	39.6218	95.2433	60.0912	1.0000	52.0000	0.2076	0.0476	0.3323	32.0136	1.0612
4.4333	55.5579	8.2492	1.0000	47.5493	90.8737	72.8284	1.0000	61.0000	0.0490	0.0913	0.1908	19.6000	1.0945
89.3883	77.7764	119.8521	1.0000	54.4288	95.4348	128.4908	1.0000	42.0000	0.0886	0.0457	0.4277	39.0128	1.0724
76.1944	4.1875	115.1439	1.0000	52.2581	26.9426	118.1838	1.0000	34.0000	0.0452	0.7306	0.3132	78.3378	1.0295
49.9130	84.9611	144.8088	1.0000	49.4166	85.8292	119.7615	1.0000	1.0000	0.0117	0.1417	0.3307	32.9682	1.0000
64.1805	33.4018	193.9794	1.0000	52.1315	44.1526	117.4255	1.0000	17.0000	0.0426	0.5585	0.3047	62.2546	1.0528
55.6015	5.9925	40.2217	1.0000	52.4217	15.9421	118.8851	1.0000	11.0000	0.0484	0.8406	0.3209	88.9154	1.0531
79.5134	68.5358	-59.9588	1.0000	83.5674	70.5038	87.7528	1.0000	6.0000	0.6713	0.2950	0.0250	44.7420	1.3314
66.8844	57.1289	245.4725	1.0000	52.2139	65.5404	118.1330	1.0000	20.0000	0.0443	0.3446	0.3126	44.5402	1.1827
71.8022	41.9471	97.6890	1.0000	52.2745	68.3926	118.5111	1.0000	33.0000	0.0455	0.3161	0.3168	42.6273	1.0038
61.7938	81.9959	215.2764	1.0000	52.2817	87.2617	118.4094	1.0000	12.0000	0.0456	0.1274	0.3157	31.2180	1.1037
21.2253	16.3235	115.3254	1.0000	21.2102	17.3234	90.8623	1.0000	1.0000	0.5758	0.8268	0.0096	87.5501	1.0000
97.6110	55.0488	-79.1674	1.0000	100.0461	53.6410	-5.0705	0.0000	3.0000	1.0009	0.4636	1.0563	117.0136	1.0666
42.3321	5.9942	-72.8736	1.0000	48.2574	4.6400	32.1264	1.0000	7.0000	0.0349	0.9536	0.6430	111.5613	1.1517
85.4702	10.0547	223.5872	1.0000	52.3873	22.4111	118.3539	1.0000	41.0000	0.0477	0.7759	0.3150	82.6419	1.1610
1.8899	89.9877	-83.3385	1.0000	39.0463	95.2228	61.3424	1.0000	49.0000	0.2191	0.0478	0.3184	31.0494	1.3058
69.7864	63.3603	36.6770	1.0000	52.1572	91.3070	117.5661	1.0000	34.0000	0.0431	0.0869	0.3063	28.9846	1.0290
30.2958	21.4282	-88.4518	1.0000	47.5831	37.1137	72.7424	1.0000	32.0000	0.0483	0.6289	0.1918	65.2561	1.3709
18.1001	44.2200	-4.9224	1.0000	47.5184	73.9592	71.7765	1.0000	46.0000	0.0496	0.2604	0.2025	31.8807	1.0997
33.1946	41.8402	27.2036	1.0000	47.6674	69.1101	74.8271	1.0000	31.0000	0.0467	0.3089	0.1686	34.4942	1.0041
83.5189	90.6121	130.7531	1.0000	66.5919	95.0098	163.2570	1.0000	18.0000	0.3318	0.0499	0.8140	75.2780	1.0292
1.0401	27.3390	-40.8673	1.0000	47.5009	56.0204	70.0416	1.0000	63.0000	0.0500	0.4398	0.2218	48.3610	1.1538
82.4246	59.9181	-88.3009	1.0000	52.4297	85.4519	118.3308	1.0000	53.0000	0.0486	0.1455	0.3148	31.9403	1.3455
52.3320	82.3445	187.2596	1.0000	51.3417	82.4835	172.0107	1.0000	1.0000	0.0268	0.1752	0.9112	83.8712	1.0000
58.8709	12.4909	34.7126	1.0000	59.6386	15.3202	89.8379	1.0000	3.0000	0.1928	0.8468	0.0018	85.2268	1.0233
27.3924	73.0581	0.3199	1.0000	45.1312	95.1795	60.5473	1.0000	30.0000	0.0974	0.0482	0.3273	30.2391	1.0580
85.0675	48.3404	196.8036	1.0000	52.3633	63.0611	118.4687	1.0000	40.0000	0.0473	0.3694	0.3163	46.6962	1.1153
62.5617	53.9990	107.0432	1.0000	52.4423	68.7999	118.3441	1.0000	18.0000	0.0488	0.3120	0.3149	42.2232	1.0039
53.9488	82.8893	-20.8769	1.0000	52.3702	94.6816	119.0822	1.0000	15.0000	0.0474	0.0532	0.3231	29.6594	1.2608
97.3293	82.2014	-16.9533	1.0000	62.6535	95.5403	144.2135	1.0000	46.0000	0.2531	0.0446	0.6024	55.8489	1.2381
26.3048	15.6576	176.0556	1.0000	47.6898	57.2907	72.2526	1.0000	49.0000	0.0462	0.4271	0.1972	46.3076	1.0469
13.3755	66.6768	43.9493	1.0000	37.7752	95.3698	60.0283	1.0000	38.0000	0.2445	0.0463	0.3330	32.6985	1.0089
70.5158	58.5149	219.8702	1.0000	52.3670	71.4301	118.4499	1.0000	25.0000	0.0473	0.2857	0.3161	40.3885	1.1223
11.3415	54.1646	69.2608	1.0000	42.4833	95.2775	60.2248	1.0000	52.0000	0.1503	0.0472	0.3308	31.0703	1.0082
0.3238	28.9005	103.7686	1.0000	47.6064	92.3110	71.1947	1.0000	80.0000	0.0479	0.0769	0.2089	20.4571	1.0114
50.4433	99.7393	34.1929	1.0000	51.0928	100.4997	49.4955	1.0000	1.0000	0.0219	0.0050	0.4500	40.5223	1.0000
49.7008	30.9911	224.2186	1.0000	48.8263	30.5061	209.0177	1.0000	1.0000	0.0235	0.6949	1.3224	137.8260	1.0000
67.2203	96.7500	-84.5214	1.0000	67.7069	95.8764	-60.8820	1.0000	1.0000	0.3541	0.0412	1.6765	151.9734	1.0000
36.6484	50.9865	-69.1494	1.0000	47.5952	59.7896	72.9624	1.0000	18.0000	0.0481	0.4021	0.1893	43.7372	1.2814
14.3767	95.5378	267.2680	1.0000	9.8817	95.4066	119.8378	1.0000	6.0000	0.8024	0.0459	0.3315	50.2083	1.3342
96.3404	9.6093	216.2221	1.0000	52.2079	22.8066	117.8438	1.0000	52.0000	0.0442	0.7719	0.3094	82.0912	1.1289
84.1302	31.8122	147.1815	1.0000	52.0857	50.0209	117.2495	1.0000	40.0000	0.0417	0.4998	0.3028	56.9631	1.0853
37.3426	68.6065	200.4914	1.0000	42.8734	95.5563	71.0900	1.0000	30.0000	0.1425	0.0444	0.2101	20.6911	1.0905
76.8932	61.7358	53.0095	1.0000	52.2182	88.2326	118.3289	1.0000	38.0000	0.0444	0.1177	0.3148	30.7558	1.0495
16.7462	26.3905	-3.9604	1.0000	47.5172	57.2607	72.5620	1.0000	48.0000	0.0497	0.4274	0.1938	46.2265	1.1012
97.5723	25.8919	49.1881	1.0000	52.4356	51.2755	118.3366	1.0000	58.0000	0.0487	0.4872	0.3149	56.4178	1.1200
21.7822	98.9586	128.8039	1.0000	21.5215	99.9240	105.1110	1.0000	1.0000	0.5696	0.0008	0.1679	32.2393	1.0000
95.7048	70.5388	162.7918	1.0000	52.2090	86.6239	117.8507	1.0000	51.0000	0.0442	0.1338	0.3095	30.9752	1.0997
46.1680	29.3107	-11.0057	1.0000	48.1112	29.7059	18.9943	1.0000	2.0000	0.0378	0.7029	0.7890	99.9332	1.0086
58.3744	91.0542	57.6587	1.0000	58.6915	93.0116	88.2981	1.0000	2.0000	0.1738	0.0699	0.0189	11.2817	1.0086
33.5326	99.2588	0.5153	1.0000	34.5024	99.5026	14.1104	1.0000	1.0000	0.3100	0.0050	0.8432	77.4575	1.0000
41.2312	0.4959	258.5883	1.0000	40.6496	-0.3176	234.4377	0.0000	1.0000	0.1870	1.0032	1.6049	176.1059	1.0000
25.4229	10.3380	-29.4215	1.0000	47.6859	34.3641	71.9612	1.0000	37.0000	0.0463	0.6564	0.2004	68.1089	1.1296
70.1552	52.4673	13.5930	1.0000	52.2794	81.5137	118.6731	1.0000	36.0000	0.0456	0.1849	0.3186	34.1919	1.0555
78.5488	97.2392	177.1935	1.0000	77.5491	97.2648	178.5307	1.0000	1.0000	0.5510	0.0274	0.9837	92.7584	1.0000
95.6736	67.2008	243.1966	1.0000	52.2181	76.5441	118.7162	1.0000	53.0000	0.0444	0.2346	0.3191	37.1446	1.1924
24.6922	41.6314	234.0974	1.0000	20.7737	43.9318	88.6130	1.0000	6.0000	0.5845	0.5607	0.0154	63.2435	1.3205
35.8112	22.3011	-76.3917	1.0000	47.6390	32.0180	73.5705	1.0000	20.0000	0.0472	0.6798	0.1825	69.9789	1.3066
40.9768	53.0890	201.7371	1.0000	47.6978	84.8381	74.5986	1.0000	35.0000	0.0460	0.1516	0.1711	21.7345	1.0785
89.3915	65.2130	247.5953	1.0000	52.2993	73.8267	118.8761	1.0000	47.0000	0.0460	0.2617	0.3208	39.0405	1.2343
59.6898	96.0385	195.7447	1.0000	58.6898	96.0255	180.7447	1.0000	1.0000	0.1738	0.0397	1.0083	91.2464	1.0000
49.7725	89.0301	28.4819	1.0000	50.4981	89.7183	43.4819	1.0000	1.0000	0.0100	0.1028	0.5169	47.6434	1.0000
58.5286	20.7332	40.4455	1.0000	52.2703	34.6500	118.2688	1.0000	16.0000	0.0454	0.6535	0.3141	71.2383	1.0485
22.5835	98.1466	131.3989	1.0000	22.2840	99.1007	107.4295	1.0000	1.0000	0.5543	0.0090	0.1937	32.7533	1.0000
35.3841	64.6632	78.7393	1.0000	46.2353	95.8258	74.0518	1.0000	33.0000	0.0753	0.0417	0.1772	16.9098	1.0001
96.4898	57.7009	268.4888	1.0000	52.4490	61.9272	118.3524	1.0000	57.0000	0.0490	0.3807	0.3150	47.5330	1.2883
7.9171	70.0025	126.5473	1.0000	29.3820	95.4283	45.0000	1.0000	34.0000	0.4124	0.0457	0.5000	49.7092	1.0218
36.9826	63.6661	252.2865	1.0000	43.3636	95.8297	70.1099	1.0000	39.0000	0.1327	0.0417	0.2210	21.3787	1.1894
60.1649	65.3842	-88.4691	1.0000	64.9640	67.1059	88.8050	1.0000	8.0000	0.2993	0.3289	0.0133	36.1576	1.5691
96.5775	35.1393	241.0873	1.0000	52.1057	45.0970	117.3280	1.0000	54.0000	0.0421	0.5490	0.3036	61.3644	1.1849
20.7192	87.6348	214.1015	1.0000	17.5294	90.2482	91.2253	1.0000	5.0000	0.6494	0.0975	0.0136	33.9255	1.2125
13.9853	98.4892	13.6520	1.0000	14.9563	98.7283	13.8333	1.0000	1.0000	0.7009	0.0127	0.8463	83.8513	1.0000
35.6445	70.5218	195.7482	1.0000	41.2933	95.5765	69.4244	1.0000	28.0000	0.1741	0.0442	0.2286	22.7756	1.0902
14.0844	90.0972	135.4842	1.0000	13.7933	92.0277	86.0348	1.0000	2.0000	0.7241	0.0797	0.0441	37.2855	1.0244
66.7554	79.6407	139.3765	1.0000	54.1651	95.1640	125.3865	1.0000	20.0000	0.0833	0.0484	0.3932	35.9575	1.0006
31.6688	63.3553	150.2713	1.0000	46.0367	95.4198	62.7720	1.0000	36.0000	0.0793	0.0458	0.3025	27.8935	1.0246
24.2423	97.4933	-52.8750	1.0000	24.9133	96.7518	-47.8582	1.0000	1.0000	0.5017	0.0325	1.5318	140.1599	1.0000
30.1854	99.4833	135.3981	1.0000	29.8100	100.4102	112.0461	1.0000	1.0000	0.4038	0.0041	0.2450	29.8971	1.0000
36.7451	57.8217	29.5750	1.0000	47.7413	77.9250	73.4053	1.0000	23.0000	0.0452	0.2207	0.1844	27.7090	1.0037
52.5817	82.0107	238.4633	1.0000	51.8559	81.3228	223.4633	1.0000	1.0000	0.0371	0.1868	1.4829	134.7766	1.0000
31.4785	7.4886	267.9031	1.0000	47.6349	45.2513	71.5928	1.0000	50.0000	0.0473	0.5475	0.2045	57.8087	1.2173
91.5635	98.9397	-61.5285	1.0000	92.3657	98.3427	-36.6590	1.0000	1.0000	0.8473	0.0166	1.4073	133.5669	1.0000
78.4761	84.3377	-24.0830	1.0000	72.7345	95.1643	165.2721	1.0000	17.0000	0.4547	0.0484	0.8364	78.7790	1.3872
52.5159	93.2306	214.3510	1.0000	51.5724	92.8992	199.3510	1.0000	1.0000	0.0314	0.0710	1.2150	109.5926	1.0000
85.7979	74.0769	-33.3162	1.0000	88.9246	76.7598	90.3399	1.0000	5.0000	0.7785	0.2324	0.0038	45.3359	1.2136
14.6889	89.4551	70.1898	1.0000	18.8252	95.0461	46.3294	1.0000	7.0000	0.6235	0.0495	0.4852	53.8844	1.0065
26.1096	58.1450	-9.8537	1.0000	47.7060	85.8997	74.4182	1.0000	38.0000	0.0459	0.1410	0.1731	21.1394	1.0806
50.9334	37.6065	-25.5298	1.0000	51.9187	37.4358	-9.8277	1.0000	1.0000	0.0384	0.6256	1.1092	117.8284	1.0000
36.7868	77.3941	-9.9070	1.0000	47.5122	93.3639	71.5601	1.0000	20.0000	0.0498	0.0664	0.2049	19.7549	1.0397
67.8414	26.4384	67.7609	1.0000	52.0813	50.3101	117.2338	1.0000	29.0000	0.0416	0.4969	0.3026	56.7018	1.0138
62.6344	73.2342	190.4347	1.0000	52.3930	81.7192	118.1190	1.0000	14.0000	0.0479	0.1828	0.3124	33.6243	1.0527
21.2150	85.6959	155.7356	1.0000	25.5808	95.6276	45.6746	1.0000	12.0000	0.4884	0.0437	0.4925	50.7952	1.1061
71.7180	58.5726	-38.2400	1.0000	52.2168	87.5578	118.5548	1.0000	41.0000	0.0443	0.1244	0.3173	31.2266	1.1736
24.9503	25.8184	257.4606	1.0000	20.4678	27.3658	87.8095	1.0000	7.0000	0.5906	0.7263	0.0243	78.4390	1.4761
17.3846	79.0913	161.9658	1.0000	16.3070	81.6938	87.7036	1.0000	3.0000	0.6739	0.1831	0.0255	38.4137	1.0651
80.6808	83.9847	231.0562	1.0000	52.2110	95.6766	117.8634	1.0000	37.0000	0.0442	0.0432	0.3096	28.2834	1.2022
76.0238	72.3881	182.3120	1.0000	52.3005	88.0346	118.8674	1.0000	31.0000	0.0460	0.1197	0.3207	31.3335	1.0908
47.8711	32.2122	198.4677	1.0000	44.7276	35.0313	90.4998	1.0000	5.0000	0.1054	0.6497	0.0056	65.1842	1.1842
67.7976	83.2538	16.5944	1.0000	62.6851	95.7514	128.4752	1.0000	15.0000	0.2537	0.0425	0.4275	40.7346	1.1109
20.4794	52.6606	138.6005	1.0000	20.0808	54.5736	89.4778	1.0000	2.0000	0.5984	0.4543	0.0058	54.3966	1.0235
79.0775	93.2599	169.0759	1.0000	63.4766	95.4048	149.0238	1.0000	16.0000	0.2695	0.0460	0.6558	60.7170	1.0160
11.4814	90.4891	240.4215	1.0000	7.4455	92.4753	91.8082	1.0000	6.0000	0.8511	0.0752	0.0201	43.2525	1.3339
75.3949	52.8575	-76.4245	1.0000	79.8480	54.4920	93.2603	1.0000	7.0000	0.5970	0.4551	0.0362	54.5207	1.4757
26.5685	30.0143	-63.3417	1.0000	47.6607	47.7099	71.5776	1.0000	36.0000	0.0468	0.5229	0.2047	55.4897	1.3076
1.5137	73.8813	235.7863	1.0000	-0.3406	73.2689	185.8073	0.0000	2.0000	1.0068	0.2673	1.0645	111.4799	1.0242
2.4107	32.1624	-8.7892	1.0000	47.7239	66.3032	74.2364	1.0000	63.0000	0.0455	0.3370	0.1752	37.2713	1.1104
6.4741	20.4501	240.6638	1.0000	2.4301	22.4193	92.0543	1.0000	6.0000	0.9514	0.7758	0.0228	91.0268	1.3339
96.1256	27.2299	-74.6601	1.0000	100.2502	27.1728	48.4555	0.0000	5.0000	1.0050	0.7283	0.4616	97.7488	1.2121
60.7189	30.2581	243.6312	1.0000	52.4517	31.5890	117.7224	1.0000	10.0000	0.0490	0.6841	0.3080	73.8553	1.1942
17.4298	51.5188	59.5912	1.0000	47.6686	95.7064	71.7212	1.0000	54.0000	0.0466	0.0429	0.2031	18.9205	1.0085
47.0695	31.2438	87.5193	1.0000	47.5332	33.1867	73.6841	1.0000	2.0000	0.0493	0.6681	0.1813	68.8209	1.0013
94.7188	73.9089	28.5603	1.0000	55.3614	95.3714	128.4919	1.0000	51.0000	0.1072	0.0463	0.4277	39.1381	1.1377
77.2739	24.0755	-77.4074	1.0000	81.7180	25.6730	93.2372	1.0000	7.0000	0.6344	0.7433	0.0360	80.8766	1.4823
31.1228	12.6728	104.4045	1.0000	47.5826	49.0007	76.9695	1.0000	40.0000	0.0483	0.5100	0.1448	52.6931	1.0029
21.2382	92.9253	260.5912	1.0000	16.7451	94.2898	89.1539	1.0000	7.0000	0.6651	0.0571	0.0094	33.7521	1.4907
44.3352	28.6114	249.1664	1.0000	47.7714	54.6975	73.8457	1.0000	32.0000	0.0446	0.4530	0.1795	48.1481	1.2162
79.1032	77.8857	-68.8021	1.0000	59.1795	95.0617	128.6616	1.0000	37.0000	0.1836	0.0494	0.4296	40.0421	1.4066
94.7016	65.8979	246.7936	1.0000	52.4424	74.3201	118.3441	1.0000	52.0000	0.0488	0.2568	0.3149	38.3251	1.2068
69.9875	47.5910	112.6957	1.0000	52.3004	71.7570	118.8683	1.0000	30.0000	0.0460	0.2824	0.3208	40.4517	1.0018
16.8793	95.3676	-70.8117	1.0000	37.1962	95.3369	60.3752	1.0000	27.0000	0.2561	0.0466	0.3292	32.6084	1.3289
66.1577	6.7191	-44.5245	1.0000	52.2101	34.8734	117.8580	1.0000	37.0000	0.0442	0.6513	0.3095	70.8691	1.1776
21.0668	82.2973	202.7878	1.0000	26.4892	95.5101	45.0433	1.0000	18.0000	0.4702	0.0449	0.4995	50.9315	1.2603
99.2280	69.6562	58.4812	1.0000	52.0986	95.4189	117.2976	1.0000	60.0000	0.0420	0.0458	0.3033	27.7587	1.1171
95.1289	21.2107	177.5006	1.0000	52.3769	36.2878	118.4018	1.0000	50.0000	0.0475	0.6371	0.3156	69.7966	1.1030
73.8789	16.5256	-32.6327	1.0000	77.0856	19.1670	87.8973	1.0000	5.0000	0.5417	0.8083	0.0234	85.2762	1.2035
43.2548	62.5487	-40.2498	1.0000	47.9027	62.9349	34.7502	1.0000	5.0000	0.0419	0.3707	0.6139	66.5639	1.0721
56.7163	28.9719	175.7947	1.0000	52.1729	32.4122	117.8343	1.0000	6.0000	0.0435	0.6759	0.3093	73.1272	1.0528
89.7806	74.9650	146.6373	1.0000	52.3445	92.3389	118.5692	1.0000	45.0000	0.0469	0.0766	0.3174	29.6713	1.0903
2.2089	65.8497	68.6964	1.0000	30.4542	95.4440	45.0000	1.0000	41.0000	0.3909	0.0456	0.5000	49.2727	1.0022
32.0074	17.5532	87.7749	1.0000	47.6233	55.3950	76.8259	1.0000	41.0000	0.0475	0.4461	0.1464	46.5705	1.0015
23.1252	63.8200	8.5419	1.0000	47.5405	93.5599	71.8463	1.0000	41.0000	0.0492	0.0644	0.2017	19.4186	1.0655
55.1913	39.4058	-82.6667	1.0000	59.8205	41.5878	94.0904	1.0000	8.0000	0.1964	0.5841	0.0454	59.3731	1.5632
66.0787	78.3295	172.5413	1.0000	52.0662	93.2223	117.1811	1.0000	21.0000	0.0413	0.0678	0.3020	28.0895	1.0270
76.5136	43.4412	60.8275	1.0000	52.4564	69.6401	118.3622	1.0000	37.0000	0.0491	0.3036	0.3151	41.6194	1.0402
63.5548	11.2613	110.8255	1.0000	52.1320	27.6030	117.4458	1.0000	20.0000	0.0426	0.7240	0.3050	77.4542	1.0031
82.0614	16.0809	-62.7449	1.0000	86.1850	17.8836	85.5296	1.0000	6.0000	0.7237	0.8212	0.0497	89.8468	1.3332
35.7742	81.4914	-29.7836	1.0000	47.4322	95.8782	69.2611	1.0000	20.0000	0.0514	0.0412	0.2304	21.2999	1.0801
17.2178	42.1012	41.7110	1.0000	47.6913	84.5741	72.4323	1.0000	53.0000	0.0462	0.1543	0.1952	23.4928	1.0139
78.6424	46.4295	23.1592	1.0000	52.0665	74.3763	117.1825	1.0000	42.0000	0.0413	0.2562	0.3020	37.4130	1.0891
4.1753	63.3565	-7.8537	1.0000	46.8500	95.1904	66.7598	1.0000	59.0000	0.0630	0.0481	0.2582	23.9408	1.1082
88.0243	3.0484	114.5527	1.0000	52.0865	25.9584	117.2526	1.0000	46.0000	0.0417	0.7404	0.3028	78.9254	1.0793
49.3423	80.0996	49.0158	1.0000	49.8175	80.9794	61.6225	1.0000	1.0000	0.0036	0.1902	0.3153	34.1628	1.0000
40.9185	5.8254	197.9270	1.0000	47.7701	37.7633	73.6047	1.0000	35.0000	0.0446	0.6224	0.1822	64.3987	1.0715
84.4717	41.8672	194.5555	1.0000	52.0945	57.2536	117.2818	1.0000	40.0000	0.0419	0.4275	0.3031	50.7537	1.1158
43.2762	44.8125	96.9187	1.0000	47.5508	59.1709	77.3863	1.0000	15.0000	0.0490	0.4083	0.1402	42.8033	1.0013
95.2590	81.3489	75.2873	1.0000	59.5311	95.7683	128.9449	1.0000	42.0000	0.1906	0.0423	0.4327	40.3169	1.0901
72.2271	12.3078	140.4714	1.0000	52.1422	32.1872	117.4931	1.0000	29.0000	0.0428	0.6781	0.3055	73.2054	1.0262
23.7171	74.5598	17.8780	1.0000	42.4930	95.8448	61.4171	1.0000	30.0000	0.1501	0.0416	0.3176	29.8429	1.0570
70.7989	45.7898	35.0350	1.0000	52.3383	74.2993	118.6066	1.0000	35.0000	0.0468	0.2570	0.3179	38.5270	1.0305
35.6622	74.9190	116.4842	1.0000	35.6277	75.9184	91.9813	1.0000	1.0000	0.2874	0.2408	0.0220	28.1143	1.0000
96.2458	95.5288	-20.8018	1.0000	97.2437	95.5947	3.7789	1.0000	1.0000	0.9449	0.0441	0.9580	98.4146	1.0000
18.3668	17.8161	55.3157	1.0000	47.5495	60.3459	70.3022	1.0000	52.0000	0.0490	0.3965	0.2189	44.3447	1.0082
97.7301	91.4379	107.3011	1.0000	95.0765	95.6305	132.3581	1.0000	5.0000	0.9015	0.0437	0.4706	62.0096	1.0077
36.2541	82.0353	6.5900	1.0000	44.8307	95.1969	61.4021	1.0000	16.0000	0.1034	0.0480	0.3178	29.4556	1.0185
64.7413	40.8703	225.8250	1.0000	52.0912	49.1758	117.1332	1.0000	17.0000	0.0418	0.5082	0.3015	57.6514	1.1234
22.7794	28.8472	-44.4714	1.0000	47.7327	53.1762	75.7264	1.0000	42.0000	0.0453	0.4682	0.1586	49.0035	1.2051
51.6510	90.0905	-34.3368	1.0000	55.1489	95.4695	113.1239	1.0000	9.0000	0.1030	0.0453	0.2569	24.1195	1.4027
94.1174	52.8158	203.1868	1.0000	52.4347	66.7849	118.3357	1.0000	49.0000	0.0487	0.3322	0.3148	43.7274	1.1146
79.9694	22.1336	120.1082	1.0000	52.2935	44.1023	118.9212	1.0000	37.0000	0.0459	0.5590	0.3213	62.9782	1.0471
89.9855	34.9777	37.7175	1.0000	90.4867	36.8648	87.6302	1.0000	2.0000	0.8097	0.6314	0.0263	75.0389	1.0243
98.6896	16.0023	-14.2004	1.0000	100.4976	16.7448	34.5659	0.0000	2.0000	1.0100	0.8326	0.6159	112.0463	1.0233
67.1280	46.2479	176.8032	1.0000	52.2171	61.5551	118.4087	1.0000	22.0000	0.0443	0.3844	0.3157	47.8538	1.0295
86.2455	6.9899	247.0441	1.0000	69.8225	-0.0332	183.1150	0.0000	19.0000	0.3964	1.0003	1.0346	138.0941	1.0637
42.4350	87.7094	1.3505	1.0000	47.5303	94.6332	70.3811	1.0000	9.0000	0.0494	0.0537	0.2180	20.4891	1.0469
18.8902	20.7682	41.0131	1.0000	47.5214	60.9382	70.5387	1.0000	50.0000	0.0496	0.3906	0.2162	43.7117	1.0136
99.4620	51.4717	78.6657	1.0000	52.2037	76.1486	117.8171	1.0000	59.0000	0.0441	0.2385	0.3091	36.7087	1.1067
40.8164	11.1322	-36.3240	1.0000	47.6695	16.2788	69.9105	1.0000	10.0000	0.0466	0.8372	0.2232	86.1293	1.1668
10.2021	82.7810	88.9035	1.0000	19.9564	95.1986	45.0220	1.0000	16.0000	0.6009	0.0480	0.4998	54.3019	1.0133
35.7115	89.2299	-79.9420	1.0000	46.4515	95.7179	64.9492	1.0000	17.0000	0.0710	0.0428	0.2783	25.6607	1.3548
66.6595	88.9304	175.0548	1.0000	58.0938	95.3671	128.6482	1.0000	11.0000	0.1619	0.0463	0.4294	39.7574	1.0266
80.2562	26.5647	74.5697	1.0000	52.2199	52.2694	118.1985	1.0000	40.0000	0.0444	0.4773	0.3133	55.4823	1.0516
61.0821	97.5355	216.8860	1.0000	60.1542	97.1628	201.8860	1.0000	1.0000	0.2031	0.0284	1.2432	112.3817	1.0000
63.7094	51.4545	159.3879	1.0000	52.1819	64.9146	117.6932	1.0000	18.0000	0.0436	0.3509	0.3077	44.7511	1.0157
71.9697	28.0253	108.0546	1.0000	52.1876	54.2799	117.7244	1.0000	33.0000	0.0438	0.4572	0.3080	53.5141	1.0039
46.7977	5.9723	222.9170	1.0000	42.9298	8.4453	86.5222	1.0000	6.0000	0.1414	0.9155	0.0386	91.8931	1.3069
2.2552	63.9191	98.3961	1.0000	30.9981	95.4707	49.3264	1.0000	43.0000	0.3800	0.0453	0.4519	45.1212	1.0075
37.7908	78.3147	-38.5288	1.0000	47.7116	89.5477	74.6649	1.0000	17.0000	0.0458	0.1045	0.1704	18.6990	1.1343
22.3235	50.6251	252.1317	1.0000	46.8388	95.4832	64.8678	1.0000	59.0000	0.0632	0.0452	0.2792	25.7298	1.1541
11.4083	25.1171	96.6829	1.0000	47.5592	77.1146	70.6287	1.0000	64.0000	0.0488	0.2289	0.2152	30.0823	1.0106
29.0906	1.4388	20.1452	1.0000	47.6601	30.3097	71.7981	1.0000	35.0000	0.0468	0.6969	0.2022	72.0661	1.0196
70.8325	74.8815	96.7081	1.0000	56.1750	95.0238	128.4906	1.0000	25.0000	0.1235	0.0498	0.4277	39.2991	1.0036
51.5800	26.7754	232.7099	1.0000	50.7888	26.1638	217.7099	1.0000	1.0000	0.0158	0.7384	1.4190	147.5202	1.0000
21.9169	9.2121	26.0401	1.0000	47.6035	43.0066	72.2456	1.0000	44.0000	0.0479	0.5699	0.1973	59.7429	1.0366
38.6967	27.7978	118.9050	1.0000	38.6255	28.7953	94.0863	1.0000	1.0000	0.2275	0.7120	0.0454	72.2232	1.0000
84.7776	24.3913	103.6390	1.0000	52.4097	48.4014	118.3135	1.0000	43.0000	0.0482	0.5160	0.3146	58.9056	1.0670
12.0456	87.4097	-63.7035	1.0000	39.5803	95.1859	61.7395	1.0000	37.0000	0.2084	0.0481	0.3140	30.5024	1.2932
52.9998	85.6512	69.5464	1.0000	53.1511	87.6390	90.2194	1.0000	2.0000	0.0630	0.1236	0.0024	12.7582	1.0032
32.7280	69.9006	175.1540	1.0000	42.5274	95.3345	61.5816	1.0000	29.0000	0.1495	0.0467	0.3158	29.7525	1.0640
59.2355	33.9160	138.1019	1.0000	52.2317	43.6084	118.5254	1.0000	12.0000	0.0446	0.5639	0.3169	63.2352	1.0035
52.0073	49.9769	257.4121	1.0000	51.5442	49.0906	242.4121	1.0000	1.0000	0.0309	0.5091	1.6935	160.6973	1.0000
0.3923	88.9198	180.3316	1.0000	-0.5250	89.3180	156.5341	0.0000	1.0000	1.0105	0.1068	0.7393	84.2239	1.0000
11.2589	77.0198	-24.7213	1.0000	42.1389	95.7736	61.0096	1.0000	41.0000	0.1572	0.0423	0.3221	30.3332	1.1348
4.5372	51.8067	155.6508	1.0000	37.9446	95.7518	60.0590	1.0000	57.0000	0.2411	0.0425	0.3327	32.5552	1.0326
72.9524	23.9183	127.7653	1.0000	52.1264	46.2071	117.4201	1.0000	31.0000	0.0425	0.5379	0.3047	60.4157	1.0163
78.7673	7.5024	204.5030	1.0000	52.2314	22.1635	118.5356	1.0000	34.0000	0.0446	0.7784	0.3171	82.9323	1.1215
59.4259	81.8110	-65.3668	1.0000	63.8072	84.4042	88.6151	1.0000	7.0000	0.2761	0.1560	0.0154	20.8755	1.3749
53.2613	87.8208	75.6092	1.0000	53.3104	88.8196	87.1818	1.0000	1.0000	0.0662	0.1118	0.0313	11.9960	1.0000
3.1262	78.1359	-12.7202	1.0000	39.3423	95.6246	61.6555	1.0000	44.0000	0.2132	0.0438	0.3149	30.5965	1.0940
50.5123	78.2648	122.5504	1.0000	50.0980	79.1749	114.4760	1.0000	1.0000	0.0020	0.2083	0.2720	32.1367	1.0000
24.6264	71.7486	-18.2686	1.0000	46.6311	95.7755	64.6710	1.0000	36.0000	0.0674	0.0422	0.2814	25.8989	1.1049
51.3174	4.1551	132.2484	1.0000	50.8818	5.0553	115.8220	1.0000	1.0000	0.0176	0.9494	0.2869	98.3975	1.0000
33.1763	3.0770	116.9459	1.0000	33.1209	4.0754	93.1761	1.0000	1.0000	0.3376	0.9592	0.0353	97.4501	1.0000
12.8197	76.0501	32.3107	1.0000	35.9900	95.5827	60.0305	1.0000	31.0000	0.2802	0.0442	0.3330	33.3760	1.0229
10.9854	62.6753	236.5166	1.0000	7.0848	64.9281	88.0268	1.0000	6.0000	0.8583	0.3507	0.0219	55.4586	1.3320
26.1792	99.9650	-54.5144	1.0000	26.8286	99.2046	-49.5062	1.0000	1.0000	0.4634	0.0080	1.5501	141.4197	1.0000
51.6110	54.7797	-0.3755	1.0000	52.2395	65.9743	107.0541	1.0000	13.0000	0.0448	0.3403	0.1895	38.1262	1.1595
0.8060	65.6192	-71.4924	1.0000	47.6243	90.0733	72.7998	1.0000	67.0000	0.0475	0.0993	0.1911	20.0008	1.2685
11.9330	5.2703	-42.0569	1.0000	47.5303	31.3127	70.5375	1.0000	52.0000	0.0494	0.6869	0.2163	71.4342	1.1790
92.5350	84.8085	158.3594	1.0000	55.8425	95.4917	128.4935	1.0000	41.0000	0.1168	0.0451	0.4277	39.1945	1.0728
48.4653	42.7814	71.7270	1.0000	48.7125	43.7504	75.6891	1.0000	1.0000	0.0258	0.5625	0.1590	58.0558	1.0000
1.2316	38.8597	154.7231	1.0000	43.0459	95.1259	60.2373	1.0000	72.0000	0.1391	0.0487	0.3307	30.9505	1.0271
37.1690	79.6270	-0.3331	1.0000	47.3357	95.1307	68.8935	1.0000	19.0000	0.0533	0.0487	0.2345	21.8241	1.0248
82.1720	52.0323	65.4140	1.0000	82.1684	53.0323	90.2053	1.0000	1.0000	0.6434	0.4697	0.0023	56.9282	1.0000
81.7272	91.5251	10.0307	1.0000	82.6013	95.8560	111.8370	1.0000	5.0000	0.6520	0.0414	0.2426	39.4572	1.1317
37.5267	31.9625	172.7586	1.0000	47.7378	70.4008	74.1726	1.0000	41.0000	0.0452	0.2960	0.1759	33.6413	1.0309
88.7702	86.6437	46.4926	1.0000	83.4693	95.3905	149.1358	1.0000	11.0000	0.6694	0.0461	0.6571	68.1064	1.0755
19.6951	20.7550	64.1982	1.0000	47.6123	62.9753	71.2401	1.0000	51.0000	0.0478	0.3702	0.2084	41.5748	1.0076
21.2604	57.8496	173.5593	1.0000	43.2808	95.6153	60.2756	1.0000	46.0000	0.1344	0.0438	0.3303	30.7882	1.0522
72.6128	42.9105	244.5802	1.0000	52.1781	52.5045	117.6727	1.0000	29.0000	0.0436	0.4750	0.3075	55.0122	1.2846
62.1431	79.9235	201.9431	1.0000	52.2890	86.9419	117.3860	1.0000	13.0000	0.0458	0.1306	0.3043	30.4261	1.0746
89.8872	86.8901	108.4065	1.0000	65.1440	95.2475	158.6153	1.0000	28.0000	0.3029	0.0475	0.7624	70.4272	1.0721
99.5419	9.8497	98.2356	1.0000	52.3086	33.3296	118.8058	1.0000	58.0000	0.0462	0.6667	0.3201	72.6640	1.0996
88.4619	6.0845	-63.4046	1.0000	52.1749	32.6483	117.6560	1.0000	58.0000	0.0435	0.6735	0.3073	72.8411	1.2897
8.6818	11.0231	256.1258	1.0000	47.6800	71.8212	72.1879	1.0000	81.0000	0.0464	0.2818	0.1979	33.4170	1.1214
70.3633	4.7032	244.0325	1.0000	52.0518	15.2590	117.1320	1.0000	26.0000	0.0410	0.8474	0.3015	89.0022	1.2301
70.6771	94.0687	202.7948	1.0000	63.0574	95.1584	150.6674	1.0000	8.0000	0.2611	0.0484	0.6741	62.2452	1.0393
57.9944	67.5121	170.5264	1.0000	52.2043	72.5111	117.6921	1.0000	8.0000	0.0441	0.2749	0.3077	39.0813	1.0458
9.2177	47.2698	223.3577	1.0000	41.3944	95.5647	60.3174	1.0000	64.0000	0.1721	0.0444	0.3298	31.2215	1.1028
52.4227	9.9778	43.0844	1.0000	53.2953	13.7854	93.2114	1.0000	4.0000	0.0659	0.8621	0.0357	86.3373	1.0240
43.5398	39.3057	110.9591	1.0000	43.6050	40.3036	86.2593	1.0000	1.0000	0.1279	0.5970	0.0416	60.1544	1.0000
43.3316	36.3968	269.2504	1.0000	47.5913	64.6585	77.7809	1.0000	36.0000	0.0482	0.3534	0.1358	37.4718	1.2596
34.2516	80.0196	198.3191	1.0000	36.4333	95.4553	66.3608	1.0000	18.0000	0.2713	0.0454	0.2627	27.6319	1.1547
35.3021	50.7657	67.3496	1.0000	47.6364	82.4033	76.9707	1.0000	34.0000	0.0473	0.1760	0.1448	22.0225	1.0013
43.8620	61.3953	176.0486	1.0000	47.6625	81.7941	74.9359	1.0000	22.0000	0.0468	0.1821	0.1674	23.7454	1.0603
61.6946	81.3549	175.4108	1.0000	52.4610	89.8015	118.2397	1.0000	13.0000	0.0492	0.1020	0.3138	30.1255	1.0388
39.8820	19.1021	253.2405	1.0000	47.6179	58.1867	74.5398	1.0000	46.0000	0.0476	0.4181	0.1718	44.6435	1.1545
71.0993	59.8699	-51.7906	1.0000	75.0237	62.2470	91.0712	1.0000	6.0000	0.5005	0.3775	0.0119	45.3059	1.3077
6.8080	73.9394	39.5900	1.0000	31.9600	95.2393	54.9603	1.0000	33.0000	0.3608	0.0476	0.3893	39.6974	1.0012
45.6997	52.0998	83.4442	1.0000	47.7415	59.8332	74.3422	1.0000	8.0000	0.0452	0.4017	0.1740	43.1699	1.0002
6.9325	3.8329	213.0741	1.0000	3.8156	6.5283	89.4738	1.0000	5.0000	0.9237	0.9347	0.0058	104.2604	1.2134
80.8911	54.8845	252.2713	1.0000	52.2246	62.6154	118.6265	1.0000	39.0000	0.0445	0.3738	0.3181	47.1384	1.3135
67.3825	86.1170	74.3758	1.0000	67.3701	87.1170	90.7102	1.0000	1.0000	0.3474	0.1288	0.0079	21.6379	1.0000
67.7146	47.5879	240.7744	1.0000	52.3224	57.1288	118.6875	1.0000	21.0000	0.0464	0.4287	0.3187	51.6362	1.1596
9.3151	61.1705	210.7819	1.0000	6.2988	63.9815	87.3822	1.0000	5.0000	0.8740	0.3602	0.0291	56.6920	1.2127
16.2473	73.4340	214.0265	1.0000	13.0841	76.0738	90.4847	1.0000	5.0000	0.7383	0.2393	0.0054	43.9942	1.2136
85.6497	47.9264	208.1446	1.0000	52.2175	62.1635	118.7239	1.0000	41.0000	0.0444	0.3784	0.3192	47.5561	1.1283
71.8400	36.2753	-38.5562	1.0000	52.2641	65.1385	118.1946	1.0000	41.0000	0.0453	0.3486	0.3133	44.8931	1.1756
66.6237	43.0286	80.4549	1.0000	52.2737	64.4358	118.4841	1.0000	26.0000	0.0455	0.3556	0.3165	45.6216	1.0089
89.3866	4.1574	75.8414	1.0000	52.1648	29.3329	117.6038	1.0000	49.0000	0.0433	0.7067	0.3067	75.8979	1.0904
8.8789	7.3638	132.2980	1.0000	47.7226	64.1298	72.9237	1.0000	70.0000	0.0455	0.3587	0.1897	39.7927	1.0177
13.2076	12.6842	99.4974	1.0000	47.6921	63.4041	72.2659	1.0000	62.0000	0.0462	0.3660	0.1970	40.7319	1.0109
32.9692	41.2376	193.6868	1.0000	47.5749	76.4433	71.1867	1.0000	41.0000	0.0485	0.2356	0.2090	30.2446	1.0757
38.4822	69.3065	148.6391	1.0000	46.0917	95.7436	73.4114	1.0000	28.0000	0.0782	0.0426	0.1843	17.5662	1.0178
52.2457	30.2277	53.0262	1.0000	52.8817	33.1266	87.7000	1.0000	3.0000	0.0576	0.6687	0.0256	66.9750	1.0108
38.9421	57.1404	121.7322	1.0000	47.7170	85.7050	74.8043	1.0000	30.0000	0.0457	0.1429	0.1688	20.9873	1.0039
74.9704	91.5207	-49.2895	1.0000	78.3841	95.0776	108.8257	1.0000	7.0000	0.5677	0.0492	0.2092	34.4136	1.4199
62.5131	21.8251	32.3635	1.0000	63.3798	24.6223	88.0339	1.0000	3.0000	0.2676	0.7538	0.0218	76.5812	1.0245
85.9408	81.4961	243.9605	1.0000	52.3779	90.7356	118.3969	1.0000	43.0000	0.0476	0.0926	0.3155	29.9644	1.2352
4.7740	45.6216	85.2512	1.0000	43.4973	95.8476	60.0885	1.0000	64.0000	0.1301	0.0415	0.3324	30.8906	1.0091
16.5356	18.7140	180.2670	1.0000	47.5771	70.1996	71.3551	1.0000	63.0000	0.0485	0.2980	0.2072	35.2359	1.0479
83.7012	4.3009	205.0802	1.0000	52.2171	18.8567	118.6659	1.0000	39.0000	0.0443	0.8114	0.3185	86.0865	1.1244
56.6295	99.7787	28.5601	1.0000	57.2271	100.5804	53.2985	1.0000	1.0000	0.1445	0.0058	0.4078	37.4108	1.0000
70.9609	89.1204	8.8983	1.0000	71.1232	95.1652	120.2981	1.0000	7.0000	0.4225	0.0483	0.3366	37.2497	1.1576
87.9515	45.3317	96.6678	1.0000	52.1592	69.9741	117.5757	1.0000	47.0000	0.0432	0.3003	0.3064	40.8244	1.0816
34.6548	22.7327	217.8961	1.0000	47.6200	60.2985	76.2840	1.0000	44.0000	0.0476	0.3970	0.1524	42.0714	1.1072
26.1991	28.1659	104.1178	1.0000	47.7826	66.2414	73.2909	1.0000	44.0000	0.0443	0.3376	0.1857	37.7327	1.0053
2.8810	83.1880	202.6479	1.0000	7.6644	95.6971	45.1149	1.0000	17.0000	0.8467	0.0430	0.4987	61.8506	1.2694
54.3664	59.6469	99.7343	1.0000	52.2648	65.2661	109.5598	1.0000	6.0000	0.0453	0.3473	0.2173	39.9269	1.0001
8.3399	93.0276	57.6264	1.0000	10.2472	95.3406	48.0694	1.0000	3.0000	0.7951	0.0466	0.4659	57.9670	1.0007
55.2880	43.2887	122.1500	1.0000	52.2162	48.4346	118.2089	1.0000	6.0000	0.0443	0.5157	0.3134	58.8187	1.0011
28.3451	17.0795	-24.1063	1.0000	47.5763	42.6686	74.1229	1.0000	35.0000	0.0485	0.5733	0.1764	59.5387	1.0934
78.7116	39.5197	-45.7528	1.0000	52.2248	67.0770	118.6242	1.0000	47.0000	0.0445	0.3292	0.3180	43.6831	1.2296
12.3382	68.5578	231.9412	1.0000	30.6920	95.3670	45.0000	1.0000	39.0000	0.3862	0.0463	0.5000	49.1860	1.2004
11.5328	55.5085	-0.0472	1.0000	47.5164	86.4095	70.2321	1.0000	52.0000	0.0497	0.1359	0.2196	24.1172	1.0963
47.1330	78.5976	-28.2673	1.0000	48.1063	78.3681	-13.2673	1.0000	1.0000	0.0379	0.2163	1.1474	105.5257	1.0000
92.5399	89.6464	202.0069	1.0000	58.3470	95.1918	128.5892	1.0000	37.0000	0.1669	0.0481	0.4288	39.7733	1.0681
41.8912	68.4222	133.9552	1.0000	47.5668	90.4993	76.5585	1.0000	23.0000	0.0487	0.0950	0.1493	16.6390	1.0090
39.7960	26.8056	145.0673	1.0000	47.7710	55.2991	73.9846	1.0000	30.0000	0.0446	0.4470	0.1779	47.5356	1.0139
68.9658	82.2124	208.7624	1.0000	52.9121	95.0093	119.0454	1.0000	22.0000	0.0582	0.0499	0.3227	29.6146	1.0716
14.0786	72.1624	-57.2993	1.0000	47.6892	95.2787	72.1182	1.0000	51.0000	0.0462	0.0472	0.1987	18.6384	1.2502
71.9529	89.6552	252.4843	1.0000	53.4856	95.5390	118.7475	1.0000	26.0000	0.0697	0.0446	0.3194	29.2996	1.3415
72.8725	40.6798	243.0650	1.0000	52.2474	50.3189	118.3231	1.0000	29.0000	0.0449	0.4968	0.3147	57.2317	1.2738
10.8152	15.6637	110.7454	1.0000	10.8924	16.6607	85.5721	1.0000	1.0000	0.7822	0.8334	0.0492	92.1654	1.0000
65.7432	35.0408	176.8290	1.0000	52.2164	48.9589	117.8989	1.0000	20.0000	0.0443	0.5104	0.3100	58.2104	1.0305
60.1080	42.8262	63.9720	1.0000	60.2300	44.8053	93.9720	1.0000	2.0000	0.2046	0.5519	0.0441	56.2751	1.0086
39.7681	7.8385	109.3340	1.0000	47.6360	34.6804	78.1469	1.0000	28.0000	0.0473	0.6532	0.1317	66.4284	1.0010
49.8106	79.4174	144.8274	1.0000	49.3139	80.2854	119.7792	1.0000	1.0000	0.0137	0.1971	0.3309	35.7203	1.0000
7.1903	79.8252	229.6944	1.0000	14.4349	95.4063	45.0072	1.0000	23.0000	0.7113	0.0459	0.4999	57.5355	1.3385
42.7922	10.7705	260.8088	1.0000	38.3309	12.1670	88.4213	1.0000	7.0000	0.2334	0.8783	0.0175	88.6189	1.4974
39.0287	9.7119	42.2741	1.0000	47.5624	26.6455	73.6394	1.0000	19.0000	0.0488	0.7335	0.1818	75.1964	1.0020
37.2785	7.5617	113.7705	1.0000	37.2978	8.5615	88.8945	1.0000	1.0000	0.2540	0.9144	0.0123	92.3232	1.0000
79.4723	24.7882	219.1891	1.0000	52.2412	37.8614	118.4045	1.0000	35.0000	0.0448	0.6214	0.3156	68.3597	1.1587
86.7879	1.1323	265.6603	1.0000	86.3769	-0.8230	255.6236	0.0000	2.0000	0.7275	1.0082	1.8403	197.2808	1.0010
31.6538	59.2902	120.9007	1.0000	47.6478	95.6839	77.8217	1.0000	40.0000	0.0470	0.0432	0.1353	13.1329	1.0062
24.5906	35.1904	158.6327	1.0000	23.6073	37.8381	86.1829	1.0000	3.0000	0.5279	0.6216	0.0424	67.6406	1.0621
30.4721	42.1535	197.6215	1.0000	47.7757	81.2532	73.1820	1.0000	46.0000	0.0445	0.1875	0.1869	25.2831	1.0758
16.0058	70.9450	-45.6468	1.0000	47.4001	95.5985	70.3125	1.0000	48.0000	0.0520	0.0440	0.2187	20.3403	1.2025
98.2418	92.2632	188.2806	1.0000	60.6768	95.3815	130.1926	1.0000	39.0000	0.2135	0.0462	0.4466	41.8421	1.0346
33.3396	13.7931	57.1077	1.0000	47.6600	41.2412	73.8780	1.0000	31.0000	0.0468	0.5876	0.1791	60.9754	1.0013
48.1286	57.5633	267.9158	1.0000	47.7959	56.6202	250.5733	1.0000	1.0000	0.0441	0.4338	1.7841	166.3443	1.0000
96.8635	51.5152	174.0894	1.0000	52.2395	66.9014	118.4279	1.0000	52.0000	0.0448	0.3310	0.3159	43.6884	1.1016
92.2407	35.1522	133.0329	1.0000	52.3629	54.1478	118.4709	1.0000	48.0000	0.0473	0.4585	0.3163	54.0241	1.0867
18.4926	87.7538	-48.4340	1.0000	39.4163	95.7471	60.3091	1.0000	28.0000	0.2117	0.0425	0.3299	31.8064	1.2501
12.1825	71.1206	53.1811	1.0000	34.0589	95.6059	60.6976	1.0000	33.0000	0.3188	0.0439	0.3256	33.6460	1.0050
67.5224	49.7703	-56.4705	1.0000	52.3688	78.2791	118.4412	1.0000	39.0000	0.0474	0.2172	0.3160	35.8652	1.2080
29.3065	19.6674	-11.8973	1.0000	47.7240	44.7954	72.4907	1.0000	33.0000	0.0455	0.5520	0.1945	57.9595	1.0592
74.9633	88.4907	1.7222	1.0000	74.7924	95.1562	125.4115	1.0000	8.0000	0.4958	0.0484	0.3935	43.4983	1.1998
4.1823	82.5769	241.9737	1.0000	0.0952	84.4535	93.3989	1.0000	6.0000	0.9981	0.1555	0.0378	52.3807	1.3341
1.4366	60.2824	-6.5593	1.0000	47.7029	94.8749	74.0614	1.0000	64.0000	0.0459	0.0513	0.1771	16.8992	1.1079
54.8133	79.5046	142.4645	1.0000	52.1596	83.7032	117.2058	1.0000	5.0000	0.0432	0.1630	0.3023	31.7868	1.0067
54.4757	40.4345	26.8697	1.0000	52.1790	50.2894	117.9405	1.0000	11.0000	0.0436	0.4971	0.3105	57.0664	1.0871
47.6073	14.7720	133.8946	1.0000	47.7141	19.6309	73.5894	1.0000	5.0000	0.0457	0.8037	0.1823	82.0593	1.0288
97.6854	70.4824	3.8948	1.0000	53.1040	95.6927	119.1145	1.0000	60.0000	0.0621	0.0431	0.3235	29.5946	1.1715
50.4865	65.8012	41.8634	1.0000	51.0275	66.6423	57.2495	1.0000	1.0000	0.0205	0.3336	0.3639	46.7589	1.0000
52.8630	37.1615	-76.5214	1.0000	57.9522	38.6341	85.7768	1.0000	8.0000	0.1590	0.6137	0.0469	62.0230	1.5100
38.6523	36.8034	87.6920	1.0000	47.5604	68.5748	73.6138	1.0000	33.0000	0.0488	0.3143	0.1821	35.5247	1.0001
8.4760	65.2630	146.0272	1.0000	32.5231	95.5576	60.4569	1.0000	40.0000	0.3495	0.0444	0.3283	34.6117	1.0342
3.4643	80.7794	214.3291	1.0000	0.2930	83.4094	90.6616	1.0000	5.0000	0.9941	0.1659	0.0074	52.4067	1.2136
65.7097	10.9116	142.0941	1.0000	52.3257	28.2956	118.6860	1.0000	22.0000	0.0465	0.7170	0.3187	77.2646	1.0028
6.6238	6.7574	191.4188	1.0000	4.3399	9.4688	92.7895	1.0000	4.0000	0.9132	0.9053	0.0310	101.4324	1.1283
68.2333	86.0291	242.2299	1.0000	52.7139	95.1598	119.4502	1.0000	21.0000	0.0543	0.0484	0.3272	29.9684	1.1663
50.4688	39.7463	4.0419	1.0000	51.4114	40.0802	19.5079	1.0000	1.0000	0.0282	0.5992	0.7832	92.5284	1.0000
45.0020	24.3069	267.3246	1.0000	47.6347	47.9667	76.5976	1.0000	31.0000	0.0473	0.5203	0.1489	53.7836	1.3022
27.9209	15.3803	118.5805	1.0000	47.6335	52.1546	71.7787	1.0000	42.0000	0.0473	0.4785	0.2025	51.2523	1.0066
22.3634	82.2804	186.0298	1.0000	20.3020	85.1786	88.6275	1.0000	4.0000	0.5940	0.1482	0.0152	33.2194	1.1247
13.1375	33.4232	-43.9896	1.0000	47.6293	59.0045	71.3057	1.0000	51.0000	0.0474	0.4100	0.2077	45.1190	1.1876
98.1778	96.3941	35.5141	1.0000	98.6695	97.2649	60.5451	1.0000	1.0000	0.9734	0.0274	0.3273	56.9543	1.0000
67.4434	37.5575	-4.8400	1.0000	69.6133	40.4534	86.5508	1.0000	4.0000	0.3923	0.5955	0.0383	62.7884	1.1054
82.7243	33.4307	60.6212	1.0000	52.3313	59.6580	118.6500	1.0000	43.0000	0.0466	0.4034	0.3183	49.5352	1.0711
5.4277	23.0177	27.6780	1.0000	47.5750	64.9951	70.5493	1.0000	62.0000	0.0485	0.3500	0.2161	40.1193	1.0423
55.3797	90.7149	147.0651	1.0000	52.4374	94.6769	118.3023	1.0000	5.0000	0.0487	0.0532	0.3145	28.9015	1.0132
93.1905	2.9667	154.7375	1.0000	52.4752	19.2285	118.3883	1.0000	48.0000	0.0495	0.8077	0.3154	85.6507	1.0948
98.8070	11.0055	44.2928	1.0000	99.1035	12.9348	93.8438	1.0000	2.0000	0.9821	0.8707	0.0427	100.0313	1.0246
16.1302	8.1393	2.1744	1.0000	47.7328	39.8886	74.4201	1.0000	49.0000	0.0453	0.6011	0.1731	62.1390	1.0938
90.5837	94.7204	27.9156	1.0000	91.1842	95.5200	53.0964	1.0000	1.0000	0.8237	0.0448	0.4100	55.4805	1.0000
23.4149	88.6374	-25.3702	1.0000	37.3105	95.2913	61.7231	1.0000	18.0000	0.2538	0.0471	0.3142	31.3493	1.1683
56.0490	51.3409	-35.5802	1.0000	59.4191	54.8555	92.7019	1.0000	6.0000	0.1884	0.4514	0.0300	46.1957	1.2322
91.5421	0.9175	243.8632	1.0000	90.4349	-0.7458	233.8436	0.0000	2.0000	0.8087	1.0075	1.5983	180.2101	1.0010
14.7729	41.0315	-59.4137	1.0000	47.6611	65.2926	74.9001	1.0000	52.0000	0.0468	0.3471	0.1678	37.9220	1.2724
67.1105	54.4047	-31.7638	1.0000	52.1269	83.1067	117.4221	1.0000	37.0000	0.0425	0.1689	0.3047	32.2781	1.1428
90.5460	22.9548	-74.2734	1.0000	52.4960	48.3419	118.4203	1.0000	60.0000	0.0499	0.5166	0.3158	59.0128	1.3117
70.7384	2.5607	44.1957	1.0000	71.0972	4.4855	91.2040	1.0000	2.0000	0.4219	0.9551	0.0134	97.8241	1.0215
84.1729	63.2095	160.5895	1.0000	52.4377	79.4753	118.3387	1.0000	39.0000	0.0488	0.2052	0.3149	35.0755	1.0936
20.3116	92.0859	75.9273	1.0000	22.2247	95.5780	54.0834	1.0000	4.0000	0.5555	0.0442	0.3991	45.6182	1.0046
37.9653	70.0027	239.9273	1.0000	33.8827	71.9981	93.5255	1.0000	6.0000	0.3223	0.2800	0.0392	32.5008	1.3204
53.6672	52.6359	172.0163	1.0000	51.9929	53.6825	138.8238	1.0000	2.0000	0.0399	0.4632	0.5425	67.3279	1.0129
93.3202	46.3069	88.2881	1.0000	52.0833	71.4093	117.2410	1.0000	53.0000	0.0417	0.2859	0.3027	39.5454	1.0978
35.5493	90.2303	243.1863	1.0000	32.3907	95.7007	68.4442	1.0000	10.0000	0.3522	0.0430	0.2395	28.1642	1.5831
66.4307	81.8991	238.7021	1.0000	52.3106	90.3198	118.7037	1.0000	19.0000	0.0462	0.0968	0.3189	30.3801	1.1557
85.0064	45.7392	-2.1106	1.0000	52.1724	73.6756	117.6434	1.0000	50.0000	0.0434	0.2632	0.3071	38.2341	1.1598
32.9294	97.2344	-29.3306	1.0000	33.8941	96.9709	-15.2773	1.0000	1.0000	0.3221	0.0303	1.1697	106.5453	1.0000
47.0467	25.1304	195.3572	1.0000	47.6901	40.7412	77.2933	1.0000	18.0000	0.0462	0.5926	0.1412	60.6498	1.1521
59.6489	16.1702	-61.5725	1.0000	63.8653	19.0488	91.9457	1.0000	7.0000	0.2773	0.8095	0.0216	82.1531	1.3711
61.6875	85.3085	0.8274	1.0000	59.8032	95.2800	128.2219	1.0000	12.0000	0.1961	0.0472	0.4247	39.7403	1.1825
27.3882	87.5184	190.3487	1.0000	27.8949	95.4254	50.3598	1.0000	10.0000	0.4421	0.0457	0.4404	45.6169	1.2621
13.5510	18.6902	94.7378	1.0000	47.6014	68.5613	70.8791	1.0000	61.0000	0.0480	0.3144	0.2125	36.8748	1.0102
91.7635	4.0452	62.8058	1.0000	91.8014	5.0445	87.8265	1.0000	1.0000	0.8360	0.9496	0.0241	103.7720	1.0000
24.2448	70.7561	177.9832	1.0000	37.2562	95.1291	60.0458	1.0000	30.0000	0.2549	0.0487	0.3328	32.9148	1.0858
53.4298	58.6049	245.6893	1.0000	51.9841	57.2478	215.6893	1.0000	2.0000	0.0397	0.4275	1.3965	132.7760	1.0086
50.5742	22.1747	112.7119	1.0000	50.2532	23.1218	108.7212	1.0000	1.0000	0.0051	0.7688	0.2080	79.1253	1.0000
92.1736	79.4872	-63.5972	1.0000	59.4948	95.5598	128.8911	1.0000	49.0000	0.1899	0.0444	0.4321	40.2788	1.3455
25.1750	34.6941	-63.2722	1.0000	47.7177	53.8981	74.1019	1.0000	39.0000	0.0456	0.4610	0.1766	48.8196	1.3170
49.1552	79.7752	95.7905	1.0000	49.1586	80.7752	89.8082	1.0000	1.0000	0.0168	0.1922	0.0021	19.2441	1.0000
89.4735	24.6467	-45.4819	1.0000	52.0506	51.9154	117.1295	1.0000	58.0000	0.0410	0.4808	0.3014	55.2480	1.2526
15.2134	71.9334	7.8908	1.0000	43.4661	95.4281	61.0903	1.0000	40.0000	0.1307	0.0457	0.3212	29.9894	1.0886
37.4863	37.3199	127.9703	1.0000	47.6983	70.6110	74.5966	1.0000	35.0000	0.0460	0.2939	0.1711	33.2607	1.0051
45.3617	4.8141	252.7287	1.0000	47.7025	28.6573	77.1829	1.0000	30.0000	0.0459	0.7134	0.1424	72.5212	1.2522
16.1584	65.8187	204.8020	1.0000	34.7605	95.0229	60.0112	1.0000	39.0000	0.3048	0.0498	0.3332	34.0050	1.1263
45.7013	32.0060	161.5335	1.0000	44.5969	34.6024	88.6372	1.0000	3.0000	0.1081	0.6540	0.0151	65.6346	1.0632
15.9832	64.3113	178.5895	1.0000	36.4467	95.4734	60.0901	1.0000	40.0000	0.2711	0.0453	0.3323	33.1480	1.0729
75.3476	86.1829	-14.5507	1.0000	73.5463	95.2638	141.5871	1.0000	12.0000	0.4709	0.0474	0.5732	56.9042	1.2962
8.9477	72.6662	62.7744	1.0000	31.0678	95.7366	50.0212	1.0000	32.0000	0.3786	0.0426	0.4442	44.4400	1.0012
3.4094	50.2360	91.8952	1.0000	39.4055	95.0039	60.1575	1.0000	58.0000	0.2119	0.0500	0.3316	32.0590	1.0097
91.9878	52.0832	14.5841	1.0000	93.2120	54.6163	89.2101	1.0000	3.0000	0.8642	0.4538	0.0088	62.6705	1.0663
87.1932	44.3339	210.4933	1.0000	52.0650	58.7243	117.1771	1.0000	43.0000	0.0413	0.4128	0.3020	49.4626	1.1327
23.7851	83.5058	199.7359	1.0000	27.9151	95.4294	45.0951	1.0000	16.0000	0.4417	0.0457	0.4989	50.2502	1.2680
41.0735	6.5750	-75.8388	1.0000	47.6383	5.6128	44.1612	1.0000	8.0000	0.0472	0.9439	0.5093	104.9558	1.2057
14.4960	59.7874	8.8531	1.0000	47.7854	91.6808	73.3383	1.0000	50.0000	0.0443	0.0832	0.1851	18.7543	1.0846
80.8973	69.9440	53.9556	1.0000	53.1002	95.0371	119.1094	1.0000	40.0000	0.0620	0.0496	0.3234	29.6917	1.0682
64.0793	80.5410	74.8702	1.0000	64.0815	81.5410	89.8702	1.0000	1.0000	0.2816	0.1846	0.0014	23.2173	1.0000
7.1754	39.8490	248.9391	1.0000	44.4801	95.3781	60.0062	1.0000	75.0000	0.1104	0.0462	0.3333	30.8458	1.1211
38.7048	54.4275	206.3899	1.0000	47.5440	95.6965	74.1523	1.0000	45.0000	0.0491	0.0430	0.1761	16.6043	1.0662
79.7698	14.6873	-26.9096	1.0000	52.1369	42.9936	117.4686	1.0000	47.0000	0.0427	0.5701	0.3052	63.3153	1.1881
21.9381	94.7852	32.6247	1.0000	22.7803	95.3243	32.6247	1.0000	1.0000	0.5444	0.0468	0.6375	63.6765	1.0000
33.2071	39.6454	4.3135	1.0000	47.6283	63.1359	71.6348	1.0000	28.0000	0.0474	0.3686	0.2041	41.2537	1.0158
44.1286	94.4734	2.8316	1.0000	45.9209	95.3218	32.8316	1.0000	2.0000	0.0816	0.0468	0.6352	57.5044	1.0086
75.0625	33.4817	39.1886	1.0000	75.5598	35.3734	87.3193	1.0000	2.0000	0.5112	0.6463	0.0298	69.5491	1.0225
7.1146	59.1836	47.0442	1.0000	38.0411	95.4460	60.1408	1.0000	48.0000	0.2392	0.0455	0.3318	32.4858	1.0071
87.9853	41.7835	192.3614	1.0000	52.2977	56.6140	118.8883	1.0000	43.0000	0.0460	0.4339	0.3210	52.1743	1.1127
12.7983	42.5193	103.6511	1.0000	47.5026	93.1095	70.3224	1.0000	62.0000	0.0499	0.0689	0.2186	20.9982	1.0106
1.5959	30.1738	62.5777	1.0000	47.7792	90.8344	73.2961	1.0000	77.0000	0.0444	0.0917	0.1856	19.1823	1.0100
63.7764	64.9961	237.3392	1.0000	52.2270	70.5526	117.2682	1.0000	15.0000	0.0445	0.2945	0.3030	40.1953	1.1704
62.4808	69.6588	127.2051	1.0000	52.4223	83.3179	118.3238	1.0000	17.0000	0.0484	0.1668	0.3147	32.9605	1.0022
18.3205	50.0372	131.7899	1.0000	47.2269	95.7983	67.6006	1.0000	55.0000	0.0555	0.0420	0.2489	22.9582	1.0161
47.4253	66.3297	-77.4631	1.0000	47.8876	65.4430	-62.4631	1.0000	1.0000	0.0422	0.3456	1.6940	156.3447	1.0000
25.2346	61.3419	84.6082	1.0000	45.9954	95.3562	60.9977	1.0000	40.0000	0.0801	0.0464	0.3222	29.6435	1.0038
1.3675	32.4300	195.8949	1.0000	-0.4617	33.1198	147.1462	0.0000	2.0000	1.0092	0.6688	0.6350	101.4151	1.0231
8.4828	27.2065	-59.8373	1.0000	47.5977	52.3250	73.0407	1.0000	58.0000	0.0480	0.4767	0.1884	50.6586	1.2477
49.0441	95.6687	11.0601	1.0000	49.9424	96.1080	26.0601	1.0000	1.0000	0.0012	0.0389	0.7104	64.0583	1.0000
39.4480	33.0672	-39.6386	1.0000	47.6079	40.6339	72.9173	1.0000	13.0000	0.0478	0.5937	0.1898	61.8213	1.1682
9.6186	22.0925	225.5267	1.0000	47.6067	81.8329	71.1966	1.0000	77.0000	0.0479	0.1817	0.2089	26.2553	1.0876
0.8410	68.3798	22.5855	1.0000	40.1516	95.5150	60.4132	1.0000	50.0000	0.1970	0.0449	0.3287	31.5037	1.0468
3.0000	47.7692	-36.5742	1.0000	47.5658	76.8167	70.4361	1.0000	61.0000	0.0487	0.2318	0.2174	30.4325	1.1467
24.1136	24.0771	106.6962	1.0000	47.7323	64.3238	73.0285	1.0000	47.0000	0.0454	0.3568	0.1886	39.5723	1.0072
32.8837	24.1410	84.2443	1.0000	47.5597	68.7708	77.1213	1.0000	47.0000	0.0488	0.3123	0.1431	33.8686	1.0004
86.4771	93.2258	-49.9014	1.0000	90.1203	95.9067	97.6997	1.0000	6.0000	0.8024	0.0409	0.0856	41.0570	1.3265
39.0761	38.7210	93.4419	1.0000	47.5457	65.3889	77.0734	1.0000	28.0000	0.0491	0.3461	0.1436	37.0277	1.0007
60.2815	12.8509	220.5243	1.0000	52.1787	16.3941	116.7808	1.0000	10.0000	0.0436	0.8361	0.2976	87.8174	1.1308
27.7165	60.3011	-76.2761	1.0000	47.6038	76.2685	72.6748	1.0000	36.0000	0.0479	0.2373	0.1925	29.4803	1.4115
13.2200	26.1368	181.8672	1.0000	47.7156	81.1022	72.3410	1.0000	68.0000	0.0457	0.1890	0.1962	25.9651	1.0479
3.7202	20.4569	95.4494	1.0000	47.5626	80.2897	70.7944	1.0000	75.0000	0.0487	0.1971	0.2134	27.6278	1.0111
78.3841	5.3247	-26.6279	1.0000	52.4232	33.0588	118.3246	1.0000	45.0000	0.0485	0.6694	0.3147	72.7275	1.1846
85.5160	48.8372	109.9534	1.0000	52.1424	72.8475	117.4943	1.0000	44.0000	0.0428	0.2715	0.3055	38.7012	1.0702
46.0766	30.5132	39.9026	1.0000	47.5275	33.1286	65.4894	1.0000	3.0000	0.0494	0.6687	0.2723	71.2647	1.0030
67.0206	89.3295	-26.5406	1.0000	70.0587	92.2437	90.4843	1.0000	5.0000	0.4012	0.0776	0.0054	21.5115	1.1877
59.4876	32.4896	-23.1346	1.0000	52.2683	51.4901	118.3169	1.0000	24.0000	0.0454	0.4851	0.3146	56.2157	1.1808
67.9300	38.8812	129.6448	1.0000	52.2628	59.5764	118.1578	1.0000	26.0000	0.0453	0.4042	0.3129	49.3158	1.0017
51.4947	44.9463	86.0350	1.0000	51.4647	45.9458	91.7164	1.0000	1.0000	0.0293	0.5405	0.0191	54.1013	1.0000
81.9835	88.6463	20.2655	1.0000	82.9689	91.2870	94.2250	1.0000	3.0000	0.6594	0.0871	0.0469	34.3615	1.0644
68.2570	83.7502	107.9771	1.0000	60.0870	95.0644	128.4899	1.0000	14.0000	0.2017	0.0494	0.4277	40.0946	1.0032
91.3677	5.5352	155.0720	1.0000	52.0918	22.5640	117.2718	1.0000	47.0000	0.0418	0.7744	0.3030	82.1246	1.0979
97.5404	86.2244	-61.8607	1.0000	100.2947	85.6289	12.2740	0.0000	3.0000	1.0059	0.1437	0.8636	93.6879	1.0646
80.0684	78.3666	232.9142	1.0000	52.3695	89.2443	118.4374	1.0000	36.0000	0.0474	0.1076	0.3160	30.4957	1.2097
77.0481	38.8771	90.9456	1.0000	52.2099	64.6163	117.8566	1.0000	37.0000	0.0442	0.3538	0.3095	45.0875	1.0344
63.7574	61.3957	106.0489	1.0000	52.4476	77.7913	118.3508	1.0000	20.0000	0.0490	0.2221	0.3150	36.0969	1.0041
39.9185	55.8827	238.2265	1.0000	35.9471	58.0202	90.2108	1.0000	6.0000	0.2811	0.4198	0.0023	44.2700	1.3304
79.1816	96.2588	243.2673	1.0000	78.6554	95.4084	238.2546	1.0000	1.0000	0.5731	0.0459	1.6473	151.0683	1.0000
88.2620	37.1258	136.3419	1.0000	52.2749	55.9297	118.5221	1.0000	44.0000	0.0455	0.4407	0.3169	52.5441	1.0836
75.6270	45.4551	84.5192	1.0000	52.2278	71.7191	118.5839	1.0000	36.0000	0.0446	0.2828	0.3176	40.2717	1.0234
94.4805	35.6188	153.7532	1.0000	52.1357	52.4939	117.4626	1.0000	50.0000	0.0427	0.4751	0.3051	54.9144	1.0969
88.0023	64.1927	199.1814	1.0000	52.3351	78.7373	118.6258	1.0000	43.0000	0.0467	0.2126	0.3181	35.7350	1.1163
18.7616	9.7608	186.3296	1.0000	16.7085	12.6557	88.1998	1.0000	4.0000	0.6658	0.8734	0.0200	93.4912	1.1271
23.5150	14.1812	217.6804	1.0000	47.6834	60.1526	72.0631	1.0000	57.0000	0.0463	0.3985	0.1993	43.7598	1.0975
22.6623	5.8023	147.7145	1.0000	47.5352	48.9801	70.4137	1.0000	51.0000	0.0493	0.5102	0.2176	54.7058	1.0235
27.8637	14.7942	31.2356	1.0000	47.5207	45.5730	70.0811	1.0000	37.0000	0.0496	0.5443	0.2213	58.0104	1.0131
88.7752	84.2346	173.6288	1.0000	54.7240	95.7196	128.4911	1.0000	39.0000	0.0945	0.0428	0.4277	39.0154	1.0853
44.4890	32.8289	214.3673	1.0000	41.2908	35.4257	91.2678	1.0000	5.0000	0.1742	0.6457	0.0141	65.1713	1.2137
15.7329	99.6949	-70.2482	1.0000	16.1517	98.7868	-65.2381	1.0000	1.0000	0.6770	0.0121	1.7249	158.8900	1.0000
5.0131	3.5622	210.4972	1.0000	2.0095	6.3873	87.1292	1.0000	5.0000	0.9598	0.9361	0.0319	105.2363	1.2126
8.4543	24.7111	77.3385	1.0000	47.7642	79.3666	72.9745	1.0000	68.0000	0.0447	0.2063	0.1892	26.8441	1.0100
97.3842	10.5443	247.8034	1.0000	52.3226	18.8307	118.7058	1.0000	55.0000	0.0465	0.8117	0.3190	86.1271	1.2004
31.9238	63.6794	54.3833	1.0000	47.7206	92.6064	72.7662	1.0000	33.0000	0.0456	0.0739	0.1915	18.8909	1.0012
43.6444	27.5000	167.6317	1.0000	42.3161	29.9814	93.2877	1.0000	3.0000	0.1537	0.7002	0.0365	70.5157	1.0659
64.5006	33.5773	167.7686	1.0000	52.4316	46.3752	118.3315	1.0000	18.0000	0.0486	0.5362	0.3148	60.6976	1.0232
37.8932	10.8983	-57.8819	1.0000	47.5298	18.2679	70.6048	1.0000	15.0000	0.0494	0.8173	0.2155	84.0381	1.2364
82.6430	34.9107	28.2983	1.0000	52.2680	62.2736	118.3075	1.0000	45.0000	0.0454	0.3773	0.3145	47.2201	1.1007
48.0063	31.4724	68.6233	1.0000	48.3107	32.4250	72.2801	1.0000	1.0000	0.0338	0.6758	0.1969	69.8801	1.0000
61.2894	94.6719	128.8260	1.0000	60.6652	95.4531	128.6297	1.0000	1.0000	0.2133	0.0455	0.4292	40.3320	1.0000
38.7521	78.8878	163.9600	1.0000	37.5891	81.4518	89.5458	1.0000	3.0000	0.2482	0.1855	0.0050	22.3220	1.0656
54.3971	62.5427	218.7446	1.0000	52.4934	61.9880	188.7446	1.0000	2.0000	0.0499	0.3801	1.0972	105.8378	1.0086
85.6233	23.6861	138.5007	1.0000	52.4394	42.1468	118.3405	1.0000	41.0000	0.0488	0.5785	0.3149	64.4681	1.0797
44.6943	21.4730	195.9699	1.0000	47.7556	42.1396	74.1836	1.0000	23.0000	0.0449	0.5786	0.1757	60.0252	1.1009
41.8858	40.0435	147.5022	1.0000	47.7611	62.8539	74.0749	1.0000	24.0000	0.0448	0.3715	0.1769	40.4778	1.0189
51.3230	29.5217	24.2119	1.0000	52.0870	30.1668	40.1741	1.0000	1.0000	0.0417	0.6983	0.5536	85.8117	1.0000
72.9753	6.1310	-76.6012	1.0000	77.4861	7.6892	91.6187	1.0000	7.0000	0.5497	0.9231	0.0180	96.3296	1.4668
90.1891	67.7625	117.9536	1.0000	52.4340	89.2122	118.3350	1.0000	47.0000	0.0487	0.1079	0.3148	30.4167	1.0824
18.7611	74.8085	-29.8737	1.0000	44.7094	95.1578	60.3037	1.0000	38.0000	0.1058	0.0484	0.3300	30.5501	1.1524
47.9415	89.8605	-32.8534	1.0000	48.8933	89.5539	-17.8534	1.0000	1.0000	0.0221	0.1045	1.1984	108.3637	1.0000
83.0134	75.1511	-22.3933	1.0000	57.4055	95.0315	128.5094	1.0000	40.0000	0.1481	0.0497	0.4279	39.5285	1.2338
34.9345	50.2246	151.5880	1.0000	47.6522	93.8203	74.5757	1.0000	46.0000	0.0470	0.0618	0.1714	16.7812	1.0129
59.9371	99.2457	-15.9048	1.0000	60.9263	99.3928	8.4610	1.0000	1.0000	0.2185	0.0061	0.9060	82.2701	1.0000
17.4392	65.6410	-65.9591	1.0000	47.5713	85.9552	71.7763	1.0000	48.0000	0.0486	0.1404	0.2025	23.1357	1.3209
69.5654	90.9008	-1.9402	1.0000	71.5402	93.8994	91.9616	1.0000	4.0000	0.4308	0.0610	0.0218	22.4732	1.1141
73.6934	47.7255	-78.4518	1.0000	78.2308	49.1604	90.3502	1.0000	7.0000	0.5646	0.5084	0.0039	58.1530	1.4709
54.5421	5.9587	120.8099	1.0000	52.0584	10.2971	118.1763	1.0000	5.0000	0.0412	0.8970	0.3131	94.0466	1.0002
0.7068	61.9754	117.6881	1.0000	0.6585	62.9742	92.7644	1.0000	1.0000	0.9868	0.3703	0.0307	61.7506	1.0000
94.2290	15.6937	66.6993	1.0000	94.1960	16.6932	91.8943	1.0000	1.0000	0.8839	0.8331	0.0210	94.3234	1.0000
92.6325	51.7902	149.0459	1.0000	52.2375	68.9690	118.4544	1.0000	48.0000	0.0447	0.3103	0.3162	42.1614	1.0935
67.2377	26.4254	233.9228	1.0000	52.4581	35.9734	118.3528	1.0000	20.0000	0.0492	0.6403	0.3150	70.0666	1.1367
5.5961	16.2070	188.5216	1.0000	3.4478	19.0263	89.9139	1.0000	4.0000	0.9310	0.8097	0.0010	93.4016	1.1285
99.9332	87.3746	-43.3841	1.0000	100.8832	87.0623	-18.1940	0.0000	1.0000	1.0177	0.1294	1.2022	120.2598	1.0000
94.8798	88.3105	-87.4722	1.0000	95.9096	95.0320	136.9783	1.0000	14.0000	0.9182	0.0497	0.5220	65.8736	2.0588
67.8730	98.6419	174.9724	1.0000	66.9001	98.8731	166.6322	1.0000	1.0000	0.3380	0.0113	0.8515	78.4817	1.0000
29.0286	40.1747	-79.1409	1.0000	47.5879	55.8484	72.4398	1.0000	34.0000	0.0482	0.4415	0.1951	47.5767	1.3996
61.2204	83.0887	48.1177	1.0000	55.3070	95.0152	128.4822	1.0000	14.0000	0.1061	0.0498	0.4276	39.1650	1.0517
97.1143	3.9147	7.2377	1.0000	52.2509	30.7623	118.2770	1.0000	61.0000	0.0450	0.6924	0.3142	74.8233	1.1667
90.8494	19.9901	89.4344	1.0000	52.3478	44.7694	118.5512	1.0000	50.0000	0.0470	0.5523	0.3172	62.2181	1.0920
66.4430	70.1745	226.7589	1.0000	52.3700	79.7801	118.4022	1.0000	19.0000	0.0474	0.2022	0.3156	34.9449	1.1151
89.9036	47.8401	191.7713	1.0000	52.2682	62.6954	118.3135	1.0000	45.0000	0.0454	0.3730	0.3146	46.8874	1.1122
35.7342	14.9547	87.6492	1.0000	47.5539	57.3350	74.3547	1.0000	44.0000	0.0489	0.4266	0.1738	45.5089	1.0001
78.6399	92.7138	79.8258	1.0000	77.6800	95.5318	116.1143	1.0000	3.0000	0.5536	0.0447	0.2902	38.3158	1.0077
25.8714	14.3718	-17.6265	1.0000	47.5802	40.1995	71.8964	1.0000	37.0000	0.0484	0.5980	0.2012	62.5276	1.0966
47.3038	74.2039	118.0535	1.0000	47.0724	76.1754	89.6940	1.0000	2.0000	0.0586	0.2382	0.0034	24.0057	1.0075
45.5995	56.2714	263.4275	1.0000	47.5845	78.0742	76.4089	1.0000	29.0000	0.0483	0.2193	0.1510	25.9093	1.3246
31.4304	41.5617	-79.4465	1.0000	47.7349	57.8973	73.5419	1.0000	29.0000	0.0453	0.4210	0.1829	45.2618	1.2565
59.4157	1.8107	-66.9190	1.0000	63.8509	4.2847	87.5052	1.0000	7.0000	0.2770	0.9572	0.0277	96.7445	1.3784
29.1038	38.0992	260.3154	1.0000	24.4486	39.2954	93.6850	1.0000	7.0000	0.5110	0.6070	0.0409	65.9659	1.4564
63.0469	92.8087	205.2143	1.0000	55.7879	95.4063	140.2244	1.0000	8.0000	0.1158	0.0459	0.5580	50.7650	1.0376
20.7629	89.6854	-52.6114	1.0000	39.0292	95.5846	61.7260	1.0000	25.0000	0.2194	0.0442	0.3142	30.6476	1.3024
82.4702	87.1075	16.1568	1.0000	83.6285	89.6739	90.5431	1.0000	3.0000	0.6726	0.1033	0.0060	35.1824	1.0655
70.2076	72.7099	192.7595	1.0000	52.2749	87.8480	118.5250	1.0000	25.0000	0.0455	0.1215	0.3169	31.0890	1.0653
12.9955	9.5163	0.3198	1.0000	47.5016	41.7973	72.5541	1.0000	52.0000	0.0500	0.5820	0.1938	60.8125	1.1005
34.7199	98.7815	-78.2850	1.0000	35.1680	97.8875	-63.3798	1.0000	1.0000	0.2966	0.0211	1.7042	154.1097	1.0000
71.7848	3.4795	-1.0209	1.0000	73.6671	6.5254	94.0439	1.0000	4.0000	0.4733	0.9347	0.0449	96.5089	1.1171
85.3488	45.0331	132.1215	1.0000	52.4823	64.3904	118.3990	1.0000	41.0000	0.0496	0.3561	0.3155	45.6148	1.0749
41.0114	28.6446	148.1482	1.0000	47.5379	53.3323	77.1648	1.0000	26.0000	0.0492	0.4667	0.1426	48.4631	1.0182
97.5168	6.7516	190.8786	1.0000	52.1130	21.7088	117.3598	1.0000	53.0000	0.0423	0.7829	0.3040	82.9610	1.1087
95.1762	16.0621	257.7413	1.0000	52.3864	22.5175	118.3579	1.0000	54.0000	0.0477	0.7748	0.3151	82.5433	1.2479
90.1496	65.1409	181.7182	1.0000	52.3890	80.1978	118.3464	1.0000	45.0000	0.0478	0.1980	0.3150	34.6605	1.1070
69.3715	87.1876	-58.4338	1.0000	69.1751	95.4741	142.7199	1.0000	14.0000	0.3835	0.0453	0.5858	56.2811	1.6890
13.4128	77.5554	248.3127	1.0000	23.0456	95.6251	45.0007	1.0000	28.0000	0.5391	0.0437	0.5000	52.6367	1.3674
22.3643	19.9180	94.0366	1.0000	47.7123	61.4263	72.7185	1.0000	49.0000	0.0458	0.3857	0.1920	42.3298	1.0075
68.2899	15.4218	258.7622	1.0000	52.4862	23.3710	118.3957	1.0000	22.0000	0.0497	0.7663	0.3155	81.7588	1.2436
24.2120	10.9436	209.2530	1.0000	21.1891	13.7808	88.0478	1.0000	5.0000	0.5762	0.8622	0.0217	90.9265	1.2061
16.1131	99.1152	27.4837	1.0000	17.0002	99.5767	27.4837	1.0000	1.0000	0.6600	0.0042	0.6946	70.6926	1.0000
67.5697	7.5325	171.3068	1.0000	52.1257	23.7362	117.4165	1.0000	23.0000	0.0425	0.7626	0.3046	81.0701	1.0275
86.9900	0.6884	264.4430	1.0000	86.8066	-0.2947	259.4298	0.0000	1.0000	0.7361	1.0029	1.8826	200.3003	1.0000
58.6617	41.7233	129.4229	1.0000	52.3247	50.6781	118.6916	1.0000	11.0000	0.0465	0.4932	0.3188	57.1074	1.0027
99.1521	21.5908	124.6271	1.0000	52.1264	42.0547	117.4198	1.0000	56.0000	0.0425	0.5795	0.3047	64.1406	1.0919
55.2027	56.6229	98.1448	1.0000	52.0687	62.8727	117.2311	1.0000	7.0000	0.0414	0.3713	0.3026	46.0896	1.0012
86.8436	73.9442	197.3151	1.0000	52.2521	88.7586	118.2612	1.0000	42.0000	0.0450	0.1124	0.3140	30.4982	1.1161
7.2533	98.3889	22.9672	1.0000	8.1740	98.7791	22.9672	1.0000	1.0000	0.8365	0.0122	0.7448	79.0209	1.0000
66.1729	17.0812	183.4339	1.0000	52.3302	30.5552	118.6553	1.0000	20.0000	0.0466	0.6944	0.3184	75.1607	1.0353
81.1154	67.3588	23.1444	1.0000	52.2172	95.0024	118.4020	1.0000	44.0000	0.0443	0.0500	0.3156	28.9234	1.1002
5.7839	98.7720	-15.6322	1.0000	6.7667	98.5876	-10.6233	1.0000	1.0000	0.8647	0.0141	1.1180	109.5269	1.0000
96.7157	81.3172	145.8121	1.0000	54.3049	95.0608	127.2973	1.0000	48.0000	0.0861	0.0494	0.4144	37.8684	1.0767
38.0110	11.7130	81.7727	1.0000	47.7752	42.1695	73.6749	1.0000	32.0000	0.0445	0.5783	0.1814	60.1318	1.0005
57.1509	85.9119	85.7759	1.0000	52.4405	94.6452	118.7400	1.0000	10.0000	0.0488	0.0535	0.3193	29.3363	1.0078
85.2099	3.5836	17.9218	1.0000	86.2870	6.1849	92.4097	1.0000	3.0000	0.7257	0.9382	0.0268	100.6172	1.0655
19.9878	18.4373	146.0568	1.0000	47.6019	64.5699	71.1591	1.0000	55.0000	0.0480	0.3543	0.2093	40.1998	1.0230
46.8343	37.1676	183.1465	1.0000	44.6170	39.9593	91.9694	1.0000	4.0000	0.1077	0.6004	0.0219	60.3137	1.1220
79.4123	86.5446	60.8613	1.0000	73.4120	95.0358	152.0742	1.0000	11.0000	0.4682	0.0496	0.6897	66.5280	1.0580
31.3829	79.4405	-50.8182	1.0000	46.3166	95.5497	62.7064	1.0000	25.0000	0.0737	0.0445	0.3033	27.8983	1.1381
70.4462	96.2341	64.5939	1.0000	70.4805	97.2335	88.0345	1.0000	1.0000	0.4096	0.0277	0.0218	20.7598	1.0000
63.0334	48.5217	-43.8010	1.0000	66.8140	51.5390	86.8537	1.0000	6.0000	0.3363	0.4846	0.0350	51.3915	1.2404
0.1353	22.9046	143.0669	1.0000	-0.3360	23.7866	118.1138	0.0000	1.0000	1.0067	0.7621	0.3124	95.5645	1.0000
46.0422	34.0400	78.0888	1.0000	47.6328	39.8227	74.2176	1.0000	6.0000	0.0473	0.6018	0.1754	62.2575	1.0004
30.6686	27.1701	182.9772	1.0000	28.6351	30.1304	89.1986	1.0000	4.0000	0.4273	0.6987	0.0089	73.0675	1.1138
47.4059	5.2646	-45.7351	1.0000	48.2654	4.7536	-30.7351	1.0000	1.0000	0.0347	0.9525	1.3415	153.7916	1.0000
28.5753	26.0553	244.7347	1.0000	47.5155	66.8259	70.4409	1.0000	52.0000	0.0497	0.3317	0.2173	38.5909	1.1567
81.5785	60.8725	127.5928	1.0000	52.2770	81.6609	118.5936	1.0000	38.0000	0.0455	0.1834	0.3177	34.0456	1.0577
75.2368	18.8203	97.5407	1.0000	52.3966	44.4969	118.3134	1.0000	35.0000	0.0479	0.5550	0.3146	62.3537	1.0185
59.0314	39.7709	216.9355	1.0000	52.2655	42.2056	117.7277	1.0000	8.0000	0.0453	0.5779	0.3081	64.1416	1.1126
54.0470	14.6573	212.8272	1.0000	52.0962	14.3019	182.8272	1.0000	2.0000	0.0419	0.8570	1.0314	126.3545	1.0086
16.6641	50.3792	46.1101	1.0000	47.7798	95.0783	73.2328	1.0000	55.0000	0.0444	0.0492	0.1863	17.6151	1.0099
78.2033	77.4635	133.2144	1.0000	53.4025	95.4082	118.9231	1.0000	32.0000	0.0681	0.0459	0.3214	29.4824	1.0453
91.6865	79.4296	125.2211	1.0000	54.9388	95.4029	128.4911	1.0000	43.0000	0.0988	0.0460	0.4277	39.0780	1.0731
20.3831	79.2057	241.4034	1.0000	16.2809	81.0734	93.7204	1.0000	6.0000	0.6744	0.1893	0.0413	38.8463	1.3312
70.7851	30.1812	29.5962	1.0000	52.2212	59.5783	118.0931	1.0000	36.0000	0.0444	0.4042	0.3121	49.2754	1.0354
85.7641	99.1829	235.2730	1.0000	85.1249	98.4139	230.2652	1.0000	1.0000	0.7025	0.0159	1.5585	144.6050	1.0000
92.0004	51.0376	4.0258	1.0000	52.2799	77.9565	118.6898	1.0000	56.0000	0.0456	0.2204	0.3188	36.2522	1.1671
81.8626	0.1430	14.5802	1.0000	83.0911	2.6759	88.9698	1.0000	3.0000	0.6618	0.9732	0.0114	102.8011	1.0657
94.7496	4.3633	255.6438	1.0000	91.6154	-0.6746	225.5921	0.0000	6.0000	0.8323	1.0067	1.5066	173.9323	1.0112
61.4169	46.9430	31.5987	1.0000	62.3059	49.7323	87.6320	1.0000	3.0000	0.2461	0.5027	0.0263	51.8062	1.0248
23.9045	88.5302	116.4771	1.0000	23.8641	89.5294	92.3153	1.0000	1.0000	0.5227	0.1047	0.0257	28.2503	1.0000
75.3937	51.1042	184.1381	1.0000	52.4936	66.3750	118.4165	1.0000	30.0000	0.0499	0.3363	0.3157	44.0948	1.0899
89.3175	39.8597	207.8632	1.0000	52.0944	54.3080	117.2812	1.0000	45.0000	0.0419	0.4569	0.3031	53.2580	1.1270
47.9700	71.2383	-9.3515	1.0000	48.9652	71.3367	5.6485	1.0000	1.0000	0.0207	0.2866	0.9372	89.0945	1.0000
69.3409	99.8744	131.0412	1.0000	68.6567	100.6037	133.1737	1.0000	1.0000	0.3731	0.0060	0.4797	47.0363	1.0000
4.3586	10.9515	184.6256	1.0000	2.3946	13.9044	86.2909	1.0000	4.0000	0.9521	0.8610	0.0412	98.4504	1.1279
84.2873	91.3443	160.4130	1.0000	61.3755	95.4754	135.4861	1.0000	24.0000	0.2275	0.0452	0.5054	47.1047	1.0309
22.1940	61.1435	-58.8946	1.0000	47.7487	81.4824	73.1357	1.0000	42.0000	0.0450	0.1852	0.1874	25.1471	1.2860
12.9350	23.9319	185.8041	1.0000	10.9151	26.8458	87.3543	1.0000	4.0000	0.7817	0.7315	0.0294	82.9829	1.1282
19.3523	39.3444	-17.6587	1.0000	47.6375	66.9412	71.3984	1.0000	44.0000	0.0472	0.3306	0.2067	38.0064	1.1134
96.3744	59.8777	47.6486	1.0000	52.4052	85.4769	118.3106	1.0000	57.0000	0.0481	0.1452	0.3146	31.9092	1.1203
81.6654	45.4516	-30.9279	1.0000	84.7007	48.2452	92.1061	1.0000	5.0000	0.6940	0.5175	0.0234	62.3469	1.2121
59.6943	92.0707	-78.5622	1.0000	63.7807	95.5662	110.7675	1.0000	9.0000	0.2756	0.0443	0.2307	25.3151	1.6736
9.8858	60.1909	-74.2128	1.0000	47.6310	80.7837	71.3170	1.0000	57.0000	0.0474	0.1922	0.2076	26.9060	1.3257
27.0326	24.7448	217.4291	1.0000	47.6346	67.1158	71.4065	1.0000	52.0000	0.0473	0.3288	0.2066	37.8508	1.1037
13.0501	64.4134	221.3714	1.0000	33.7307	95.4787	60.3796	1.0000	43.0000	0.3254	0.0452	0.3291	34.0954	1.1522
90.7132	85.3379	-15.4637	1.0000	87.1644	95.4190	151.7345	1.0000	14.0000	0.7433	0.0458	0.6859	72.2034	1.3100
77.6542	66.8309	185.2434	1.0000	52.1555	82.6124	117.5575	1.0000	33.0000	0.0431	0.1739	0.3062	32.6557	1.1005
79.0203	47.0465	32.9982	1.0000	52.3379	74.0661	118.6087	1.0000	41.0000	0.0468	0.2593	0.3179	38.6845	1.0797
33.7369	72.4459	-74.2871	1.0000	47.7515	85.7050	72.7799	1.0000	24.0000	0.0450	0.1429	0.1913	22.4930	1.2440
6.2748	27.2853	205.0097	1.0000	47.7000	90.0394	72.2579	1.0000	80.0000	0.0460	0.0996	0.1971	20.4765	1.0639
63.8477	62.0194	229.3827	1.0000	52.2979	68.3389	117.4894	1.0000	15.0000	0.0460	0.3166	0.3054	41.9925	1.1393
20.4881	53.1811	191.3988	1.0000	18.1951	55.8911	93.1525	1.0000	4.0000	0.6361	0.4411	0.0350	54.4709	1.1268
52.7637	17.8411	224.3891	1.0000	51.8924	17.3504	209.3891	1.0000	1.0000	0.0378	0.8265	1.3265	145.2181	1.0000
76.1201	64.0794	-46.9634	1.0000	52.0857	91.9001	117.2495	1.0000	45.0000	0.0417	0.0810	0.3028	28.5043	1.2240
59.8869	40.2185	-59.8131	1.0000	64.0155	43.2250	93.6698	1.0000	7.0000	0.2803	0.5677	0.0408	58.5944	1.3706
28.3501	26.2212	-44.1737	1.0000	47.6633	48.0936	73.6681	1.0000	34.0000	0.0467	0.5191	0.1815	54.4653	1.1652
3.4291	13.7882	71.3846	1.0000	47.7194	73.3720	72.8420	1.0000	75.0000	0.0456	0.2663	0.1906	31.7592	1.0102
50.7710	46.7744	-19.7858	1.0000	51.7684	46.7020	-4.1568	1.0000	1.0000	0.0354	0.5330	1.0462	108.2096	1.0000
90.7647	82.2012	208.7933	1.0000	52.7563	95.1998	119.5615	1.0000	45.0000	0.0551	0.0480	0.3285	30.0753	1.1202
10.7188	88.3834	257.8817	1.0000	6.3290	90.0153	85.5158	1.0000	7.0000	0.8734	0.0998	0.0498	45.0217	1.4947
47.7552	61.7864	-86.4349	1.0000	48.0736	60.8385	-71.4349	1.0000	1.0000	0.0385	0.3916	1.7937	166.1282	1.0000
24.4981	9.5121	6.0495	1.0000	47.5345	38.1714	70.7804	1.0000	39.0000	0.0493	0.6183	0.2136	64.7939	1.0606
82.8354	70.8207	101.9081	1.0000	52.4381	94.8264	118.3392	1.0000	41.0000	0.0488	0.0517	0.3149	28.9106	1.0585
68.1356	84.9035	-24.6292	1.0000	71.0857	87.8979	92.3568	1.0000	5.0000	0.4217	0.1210	0.0262	24.4259	1.1895
86.4720	70.6904	146.5284	1.0000	52.2228	88.4854	117.9413	1.0000	42.0000	0.0445	0.1151	0.3105	30.3025	1.0882
25.5043	6.5996	141.4566	1.0000	24.9823	8.4849	93.4632	1.0000	2.0000	0.5004	0.9152	0.0385	94.9363	1.0224
47.7528	20.1744	31.1207	1.0000	48.4460	20.8952	46.1207	1.0000	1.0000	0.0311	0.7910	0.4875	90.4731	1.0000
94.5148	21.6151	259.2794	1.0000	52.1950	28.1786	117.7649	1.0000	54.0000	0.0439	0.7182	0.3085	77.0327	1.2609
7.2252	58.0045	14.8226	1.0000	47.5390	93.0162	72.2206	1.0000	58.0000	0.0492	0.0698	0.1975	19.2597	1.0862
99.8483	15.0943	4.3827	1.0000	100.7271	15.5716	28.5062	0.0000	1.0000	1.0145	0.8443	0.6833	116.1158	1.0000
2.7233	23.1800	95.2865	1.0000	47.7633	84.5510	73.2792	1.0000	77.0000	0.0447	0.1545	0.1858	22.8749	1.0115
20.2302	4.7076	17.7053	1.0000	47.7221	37.0738	73.6141	1.0000	45.0000	0.0456	0.6293	0.1821	65.0646	1.0597
99.1904	66.9918	-42.2265	1.0000	100.1465	66.6987	-17.0456	0.0000	1.0000	1.0029	0.3330	1.1894	122.8105	1.0000
83.9736	38.4474	243.2041	1.0000	52.3234	47.8383	118.7009	1.0000	41.0000	0.0465	0.5216	0.3189	59.5817	1.2419
33.1570	54.6462	161.1605	1.0000	32.0075	57.2375	90.4970	1.0000	3.0000	0.3599	0.4276	0.0055	46.3962	1.0583
46.6092	99.6720	-23.5762	1.0000	47.5980	99.5229	-8.5762	1.0000	1.0000	0.0480	0.0048	1.0953	98.6066	1.0000
47.8034	27.1941	-2.8327	1.0000	48.7809	27.4048	12.1673	1.0000	1.0000	0.0244	0.7260	0.8648	106.4400	1.0000
68.3345	10.6947	156.8209	1.0000	52.0701	29.1349	117.1948	1.0000	25.0000	0.0414	0.7087	0.3022	75.9323	1.0168
61.8072	39.3093	-68.6950	1.0000	66.3189	41.6195	86.3693	1.0000	7.0000	0.3264	0.5838	0.0403	60.7270	1.3810
53.0573	8.7571	28.3522	1.0000	54.3400	12.3678	91.3818	1.0000	4.0000	0.0868	0.8763	0.0154	87.7505	1.0439
37.3337	93.4437	42.7878	1.0000	38.3419	95.1697	61.6308	1.0000	2.0000	0.2332	0.0483	0.3152	31.0492	1.0006
70.8546	65.4062	242.3332	1.0000	52.2845	75.3184	118.8491	1.0000	26.0000	0.0457	0.2468	0.3205	38.0351	1.2352
84.8129	11.0369	94.7024	1.0000	52.2182	36.2214	118.3277	1.0000	44.0000	0.0444	0.6378	0.3148	69.8219	1.0682
6.0408	16.4217	172.0128	1.0000	47.5932	77.9427	71.0900	1.0000	77.0000	0.0481	0.2206	0.2101	29.1532	1.0372
59.8596	31.5509	-76.0573	1.0000	52.3651	51.4849	118.4600	1.0000	29.0000	0.0473	0.4852	0.3162	56.2964	1.3617
55.4343	26.8367	99.9165	1.0000	52.1708	33.0186	117.6837	1.0000	7.0000	0.0434	0.6698	0.3076	72.5094	1.0014
52.4688	52.0839	230.1003	1.0000	51.6507	51.5089	215.1003	1.0000	1.0000	0.0330	0.4849	1.3900	134.1797	1.0000
18.0717	73.0897	264.3952	1.0000	13.5287	74.1800	92.2130	1.0000	7.0000	0.7294	0.2582	0.0246	44.7407	1.4983
20.2732	12.6562	49.8061	1.0000	47.7576	53.9020	73.0599	1.0000	50.0000	0.0448	0.4610	0.1882	49.1632	1.0088
58.1628	36.5560	-25.0499	1.0000	52.2631	53.9121	118.1599	1.0000	22.0000	0.0453	0.4609	0.3129	54.0573	1.2001
85.7112	94.4297	123.5960	1.0000	85.0873	95.2112	128.6032	1.0000	1.0000	0.7017	0.0479	0.4289	52.3857	1.0000
13.7464	36.7457	-10.9498	1.0000	47.5242	67.6733	72.4971	1.0000	51.0000	0.0495	0.3233	0.1945	36.8442	1.1136
46.3466	82.0815	44.0224	1.0000	47.7157	84.7463	66.2612	1.0000	3.0000	0.0457	0.1525	0.2638	28.3094	1.0013
69.7793	21.4449	69.9912	1.0000	69.7390	22.4441	92.3088	1.0000	1.0000	0.3948	0.7756	0.0257	80.0617	1.0000
23.9869	21.2755	-82.6885	1.0000	47.6411	36.0869	72.1683	1.0000	42.0000	0.0472	0.6391	0.1981	66.3959	1.5049
65.0052	99.3786	80.1762	1.0000	64.9150	100.3745	95.1784	1.0000	1.0000	0.2983	0.0037	0.0575	15.7928	1.0000
95.9830	66.1040	9.5319	1.0000	52.1205	93.2644	117.3932	1.0000	60.0000	0.0424	0.0674	0.3044	28.2887	1.1630
75.5278	24.5089	131.7652	1.0000	52.2045	44.7047	117.8223	1.0000	32.0000	0.0441	0.5530	0.3091	61.9396	1.0372
51.6622	19.5280	214.9215	1.0000	50.7221	19.1873	199.9215	1.0000	1.0000	0.0144	0.8081	1.2214	136.4329	1.0000
2.1604	5.5583	192.6646	1.0000	-0.1103	7.2235	118.8872	0.0000	3.0000	1.0022	0.9278	0.3210	109.3298	1.0654
0.4435	75.8990	-49.0187	1.0000	43.3720	95.3406	60.1891	1.0000	55.0000	0.1326	0.0466	0.3312	30.8922	1.1671
52.7488	17.2405	220.3752	1.0000	51.8453	16.8119	205.3752	1.0000	1.0000	0.0369	0.8319	1.2819	142.2501	1.0000
69.6686	90.5993	160.3359	1.0000	61.1226	95.3808	130.3958	1.0000	10.0000	0.2225	0.0462	0.4488	42.1529	1.0212
34.6037	32.9810	-54.4926	1.0000	47.7592	47.8396	74.7416	1.0000	23.0000	0.0448	0.5216	0.1695	54.3926	1.1590
50.0389	19.5315	-62.0349	1.0000	50.7209	18.8001	-47.0062	1.0000	1.0000	0.0144	0.8120	1.5223	159.2628	1.0000
22.2701	78.7709	251.1346	1.0000	30.3734	95.1284	45.0000	1.0000	26.0000	0.3925	0.0487	0.5000	49.3349	1.4243
94.2690	20.9853	93.6826	1.0000	52.4010	45.1477	118.3079	1.0000	53.0000	0.0480	0.5485	0.3145	61.7728	1.0964
77.7656	68.3351	-56.2646	1.0000	81.7187	70.5302	90.5438	1.0000	6.0000	0.6344	0.2947	0.0060	43.2994	1.3270
5.1458	45.4420	-79.6660	1.0000	47.5088	67.5852	72.7813	1.0000	64.0000	0.0498	0.3241	0.1913	36.7887	1.3389
11.2672	61.3314	229.0425	1.0000	34.7042	95.8051	60.5998	1.0000	48.0000	0.3059	0.0419	0.3267	33.4055	1.1515
49.4390	75.2279	25.3595	1.0000	50.2010	75.8755	40.3595	1.0000	1.0000	0.0040	0.2412	0.5516	55.1925	1.0000
28.2903	82.6596	63.8151	1.0000	36.2885	95.3153	60.0612	1.0000	15.0000	0.2742	0.0468	0.3327	33.2609	1.0019
26.4590	83.0366	155.8538	1.0000	32.2833	95.5408	61.6046	1.0000	15.0000	0.3543	0.0446	0.3155	33.7648	1.0874
56.0242	10.2211	62.2796	1.0000	56.2047	12.1958	92.2796	1.0000	2.0000	0.1241	0.8780	0.0253	88.0527	1.0086
19.3798	59.1158	85.1173	1.0000	43.8830	95.2666	60.0531	1.0000	44.0000	0.1223	0.0473	0.3327	30.9296	1.0075
84.7266	16.8992	161.3650	1.0000	52.2231	33.4707	117.9482	1.0000	40.0000	0.0445	0.6653	0.3105	72.1955	1.0964
49.3608	95.0597	103.7955	1.0000	49.2562	96.0542	96.0088	1.0000	1.0000	0.0149	0.0395	0.0668	7.2269	1.0000
87.3450	97.0351	193.2715	1.0000	86.3579	96.8752	189.2026	1.0000	1.0000	0.7272	0.0312	1.1023	105.7015	1.0000
13.7292	0.4384	148.3661	1.0000	47.5980	52.9368	71.1283	1.0000	64.0000	0.0480	0.4706	0.2097	50.7628	1.0244
46.0285	90.0270	158.3582	1.0000	45.0286	92.6740	86.6894	1.0000	3.0000	0.0994	0.0733	0.0368	9.4522	1.0602
64.1270	34.7559	73.0084	1.0000	64.1618	35.7552	88.0084	1.0000	1.0000	0.2832	0.6424	0.0221	65.8173	1.0000
26.3182	79.6060	34.8472	1.0000	38.2901	95.1456	60.3421	1.0000	20.0000	0.2342	0.0485	0.3295	32.2533	1.0195
61.4113	86.9495	32.9048	1.0000	62.2503	89.7562	88.5355	1.0000	3.0000	0.2450	0.1024	0.0163	16.0359	1.0241
35.5682	89.2375	228.3921	1.0000	31.8253	91.9310	85.5222	1.0000	6.0000	0.3635	0.0807	0.0498	20.3834	1.3011
40.4389	41.0811	170.7966	1.0000	47.5690	70.1026	76.9163	1.0000	31.0000	0.0486	0.2990	0.1454	32.7254	1.0373
1.0961	85.8823	165.4918	1.0000	-0.1163	87.4138	115.9668	0.0000	2.0000	1.0023	0.1259	0.2885	57.8302	1.0239
55.7727	74.6944	169.9823	1.0000	52.1230	77.7762	117.4455	1.0000	5.0000	0.0425	0.2222	0.3049	35.3788	1.0467
0.7957	38.7874	198.6221	1.0000	-0.1990	38.8896	174.1347	0.0000	1.0000	1.0040	0.6111	0.9348	115.4689	1.0000
30.8731	98.4582	110.1478	1.0000	30.9273	99.4567	86.8927	1.0000	1.0000	0.3815	0.0054	0.0345	19.3318	1.0000
43.2881	42.9136	39.3112	1.0000	47.5762	51.9012	74.0269	1.0000	10.0000	0.0485	0.4810	0.1775	50.7396	1.0042
64.5629	0.1419	121.5307	1.0000	52.1962	17.0570	117.7717	1.0000	21.0000	0.0439	0.8294	0.3086	87.4964	1.0022
3.3587	97.4821	237.8504	1.0000	2.5188	96.9394	212.8681	1.0000	1.0000	0.9496	0.0306	1.3652	131.7589	1.0000
11.8886	80.4428	-47.6747	1.0000	41.9846	95.6853	61.6244	1.0000	41.0000	0.1603	0.0431	0.3153	29.8000	1.2153
1.5008	67.3537	-36.6582	1.0000	46.4776	95.6169	64.5956	1.0000	61.0000	0.0704	0.0438	0.2823	26.0193	1.1483
64.6925	22.2920	183.4891	1.0000	52.2171	34.3399	118.3305	1.0000	18.0000	0.0443	0.6566	0.3148	71.5456	1.0379
31.9917	75.8137	98.8694	1.0000	40.0693	95.1615	66.0226	1.0000	21.0000	0.1986	0.0484	0.2664	26.3997	1.0016
10.4011	52.4200	-58.7512	1.0000	47.6148	77.3580	73.3558	1.0000	56.0000	0.0477	0.2264	0.1849	28.2025	1.2501
96.3951	36.4578	219.6958	1.0000	52.2658	49.1031	118.2416	1.0000	52.0000	0.0453	0.5090	0.3138	58.2514	1.1328
4.5745	0.2056	44.4367	1.0000	47.5089	55.8100	70.3994	1.0000	71.0000	0.0498	0.4419	0.2178	48.4060	1.0107
38.1552	82.1550	130.0216	1.0000	41.9247	95.4534	71.0487	1.0000	14.0000	0.1615	0.0455	0.2106	21.0958	1.0129
25.6051	25.6353	99.2790	1.0000	47.5157	63.5308	70.4675	1.0000	44.0000	0.0497	0.3647	0.2170	41.4451	1.0052
70.4171	90.5288	-43.3376	1.0000	73.1863	95.2786	115.8750	1.0000	8.0000	0.4637	0.0472	0.2875	35.0630	1.4550
8.5397	86.9498	24.7486	1.0000	26.7028	95.3226	24.7486	1.0000	20.0000	0.4659	0.0468	0.7250	69.4434	1.0000
9.9900	62.8615	28.3637	1.0000	43.8821	95.7056	60.2745	1.0000	49.0000	0.1224	0.0429	0.3303	30.6509	1.0382
41.4323	98.3523	261.7949	1.0000	40.8995	97.5061	237.8047	1.0000	1.0000	0.1820	0.0249	1.6423	148.1056	1.0000
48.6844	6.3510	223.8396	1.0000	47.8005	5.8833	207.8834	1.0000	1.0000	0.0440	0.9412	1.3098	150.8618	1.0000
96.3593	42.4579	202.1835	1.0000	52.0815	57.0830	117.2345	1.0000	52.0000	0.0416	0.4292	0.3026	50.8716	1.1151
24.5783	93.0063	3.4197	1.0000	33.1187	95.2952	39.5901	1.0000	9.0000	0.3376	0.0470	0.5601	53.3692	1.0179
96.0932	17.9356	5.8532	1.0000	52.2798	44.7394	118.6857	1.0000	60.0000	0.0456	0.5526	0.3187	62.3041	1.1682
20.7834	79.3988	47.9648	1.0000	34.2488	95.3279	60.1011	1.0000	21.0000	0.3150	0.0467	0.3322	34.1156	1.0068
87.9067	49.8038	-33.7009	1.0000	91.0501	52.4667	89.9789	1.0000	5.0000	0.8210	0.4753	0.0002	62.8055	1.2137
81.9237	89.4465	-64.8715	1.0000	83.9918	95.5512	126.7091	1.0000	11.0000	0.6798	0.0445	0.4079	50.2274	1.7066
46.1819	37.6727	-24.0086	1.0000	48.1641	37.6205	5.9914	1.0000	2.0000	0.0367	0.6238	0.9334	104.6519	1.0086
49.2923	77.6071	61.6039	1.0000	49.6977	78.5212	66.0876	1.0000	1.0000	0.0060	0.2148	0.2657	32.1439	1.0000
70.7780	26.2086	23.7962	1.0000	71.7063	28.8849	94.4767	1.0000	3.0000	0.4341	0.7112	0.0497	74.4887	1.0590
94.5672	56.6296	81.1110	1.0000	52.2200	81.3916	118.1901	1.0000	54.0000	0.0444	0.1861	0.3132	33.8509	1.1008
32.2165	43.2634	64.4348	1.0000	47.5840	71.2989	71.1433	1.0000	32.0000	0.0483	0.2870	0.2095	34.4263	1.0009
75.6233	17.9640	14.9063	1.0000	76.8953	20.4852	87.4614	1.0000	3.0000	0.5379	0.7951	0.0282	83.9786	1.0624
96.4158	3.2394	269.3708	1.0000	95.5095	-0.6369	249.3222	0.0000	4.0000	0.9102	1.0064	1.7702	193.8620	1.0048
6.6989	81.0085	165.0539	1.0000	5.4902	83.5494	90.4654	1.0000	3.0000	0.8902	0.1645	0.0052	47.4549	1.0662
98.1766	71.7795	-66.5802	1.0000	100.8698	70.9578	7.6862	0.0000	3.0000	1.0174	0.2904	0.9146	101.0284	1.0655
20.4359	29.0039	9.8196	1.0000	47.5129	58.6681	70.2515	1.0000	43.0000	0.0497	0.4133	0.2194	45.8750	1.0706
45.3667	67.3269	-81.1323	1.0000	48.1393	64.6837	-21.1323	1.0000	4.0000	0.0372	0.3532	1.2348	116.6237	1.0442
36.5220	58.3115	-1.5150	1.0000	47.6819	76.6131	74.2226	1.0000	22.0000	0.0464	0.2339	0.1753	28.3063	1.0263
55.1323	44.4545	158.6637	1.0000	52.4060	47.2193	117.8187	1.0000	4.0000	0.0481	0.5278	0.3091	59.7116	1.0302
41.4584	36.0675	237.8910	1.0000	37.5055	38.2280	89.5335	1.0000	6.0000	0.2499	0.6177	0.0052	63.0247	1.3319
93.0085	33.5665	-35.7028	1.0000	96.2374	36.1236	88.0654	1.0000	5.0000	0.9247	0.6388	0.0215	78.8786	1.2139
72.6509	56.3270	120.2323	1.0000	52.0565	80.4460	117.1489	1.0000	32.0000	0.0411	0.1955	0.3017	33.5209	1.0090
78.1507	25.7147	169.1211	1.0000	52.4166	41.9077	118.3183	1.0000	33.0000	0.0483	0.5809	0.3146	64.6721	1.0854
68.5703	97.7660	215.2991	1.0000	67.6495	97.3760	202.9515	1.0000	1.0000	0.3530	0.0262	1.2550	114.3522	1.0000
66.5372	43.8660	-85.4490	1.0000	52.0973	72.3355	117.2923	1.0000	41.0000	0.0419	0.2766	0.3032	38.9177	1.2844
95.8180	5.2911	60.3091	1.0000	52.2871	30.6521	118.9338	1.0000	56.0000	0.0457	0.6935	0.3215	75.1766	1.1116
29.1187	18.1277	216.7673	1.0000	47.5872	58.3706	71.0486	1.0000	49.0000	0.0483	0.4163	0.2106	45.8037	1.1066
72.6683	80.2810	72.0839	1.0000	61.6518	95.3989	128.4947	1.0000	19.0000	0.2330	0.0460	0.4277	40.4818	1.0157
72.4902	34.3811	172.8600	1.0000	52.1887	51.3544	117.7300	1.0000	28.0000	0.0438	0.4865	0.3081	56.0369	1.0581
32.5665	55.8765	97.8350	1.0000	47.5878	93.9585	76.9116	1.0000	41.0000	0.0482	0.0604	0.1454	14.6159	1.0015
10.9669	78.8501	267.3121	1.0000	19.6915	95.6274	45.0011	1.0000	28.0000	0.6062	0.0437	0.5000	54.4300	1.4807
70.8704	38.8382	263.4986	1.0000	52.2968	45.4988	118.8918	1.0000	28.0000	0.0459	0.5450	0.3210	61.7284	1.4190
29.7152	41.6767	-58.5326	1.0000	47.6474	61.3139	73.6308	1.0000	32.0000	0.0471	0.3869	0.1819	42.0726	1.2033
71.7753	75.5229	180.7320	1.0000	52.2228	91.6910	117.9725	1.0000	27.0000	0.0445	0.0831	0.3108	29.2650	1.0642
99.2703	52.2657	224.8192	1.0000	52.3162	64.0819	118.7509	1.0000	55.0000	0.0463	0.3592	0.3195	46.0661	1.1359
43.0143	48.9270	189.2357	1.0000	40.8325	51.7205	90.6092	1.0000	4.0000	0.1834	0.4828	0.0068	49.1460	1.1285
85.6009	5.4925	102.9852	1.0000	52.2697	29.5401	118.3596	1.0000	44.0000	0.0454	0.7046	0.3151	75.9869	1.0705
99.7704	13.3257	257.0518	1.0000	52.1508	20.1654	117.5342	1.0000	59.0000	0.0430	0.7983	0.3059	84.4768	1.2264
35.9549	32.1187	114.4871	1.0000	35.9565	33.1187	89.9093	1.0000	1.0000	0.2809	0.6688	0.0010	68.3399	1.0000
91.9919	69.4708	260.1855	1.0000	52.4802	75.4348	118.3957	1.0000	51.0000	0.0496	0.2457	0.3155	37.6287	1.2763
74.8582	69.0371	158.7097	1.0000	52.3594	86.2334	118.4891	1.0000	30.0000	0.0472	0.1377	0.3165	31.7288	1.0594
89.4744	86.4302	2.4895	1.0000	86.9974	95.1707	141.3153	1.0000	11.0000	0.7399	0.0483	0.5702	63.4460	1.2108
59.4969	70.6824	121.2009	1.0000	52.1317	81.3499	117.4452	1.0000	13.0000	0.0426	0.1865	0.3049	33.2507	1.0028
14.5503	83.2932	-23.2466	1.0000	39.0461	95.6532	60.1829	1.0000	31.0000	0.2191	0.0435	0.3313	32.0615	1.1298
77.1492	11.6011	-78.4561	1.0000	81.6191	13.1135	92.2391	1.0000	7.0000	0.6324	0.8689	0.0249	92.4881	1.4834
48.7609	70.2010	209.8736	1.0000	47.7905	69.9594	193.9782	1.0000	1.0000	0.0442	0.3004	1.1553	108.2534	1.0000
67.7399	46.2818	106.7074	1.0000	52.1752	68.2280	117.6579	1.0000	27.0000	0.0435	0.3177	0.3073	42.1800	1.0035
26.7855	99.1404	83.0510	1.0000	27.1151	100.0846	70.7568	1.0000	1.0000	0.4577	0.0008	0.2138	29.9003	1.0000
4.1780	39.9702	75.8014	1.0000	46.2146	95.1795	61.8023	1.0000	70.0000	0.0757	0.0482	0.3133	28.8561	1.0088
76.5140	42.3692	111.1072	1.0000	52.1900	66.0548	117.7371	1.0000	35.0000	0.0438	0.3395	0.3082	43.8910	1.0309
89.7955	32.5436	106.8159	1.0000	52.3747	56.1498	118.4123	1.0000	48.0000	0.0475	0.4385	0.3157	52.3043	1.0849
8.5585	39.8822	244.4076	1.0000	45.0127	95.2670	60.1339	1.0000	74.0000	0.0997	0.0473	0.3318	30.6473	1.1161
44.6857	54.2062	25.4310	1.0000	47.6230	59.3343	70.5222	1.0000	6.0000	0.0475	0.4067	0.2164	45.1524	1.0153
61.1541	9.8364	123.4732	1.0000	52.3869	21.9660	118.3557	1.0000	15.0000	0.0477	0.7803	0.3151	83.0605	1.0022
61.8037	55.0758	121.5581	1.0000	52.4288	67.9988	118.3300	1.0000	16.0000	0.0486	0.3200	0.3148	42.8085	1.0022
40.0800	28.6579	-76.2809	1.0000	47.6042	29.3938	63.3918	1.0000	10.0000	0.0479	0.7061	0.2956	75.4915	1.3227
20.4164	8.5823	257.5546	1.0000	15.9999	10.1985	86.1187	1.0000	7.0000	0.6800	0.8980	0.0431	96.1009	1.4884
32.3047	38.8682	113.6910	1.0000	32.3011	39.8682	90.2087	1.0000	1.0000	0.3540	0.6013	0.0023	62.6828	1.0000
95.9009	47.7504	238.6184	1.0000	52.1375	58.0238	117.4713	1.0000	53.0000	0.0428	0.4198	0.3052	50.2120	1.1790
99.6817	91.4964	239.7506	1.0000	55.7999	95.6724	128.4931	1.0000	50.0000	0.1160	0.0433	0.4277	39.1674	1.1343
43.6503	43.9454	21.1820	1.0000	47.5364	50.7767	72.0512	1.0000	8.0000	0.0493	0.4922	0.1994	52.4515	1.0179
2.8924	70.5174	-80.4447	1.0000	47.5440	91.4108	70.4721	1.0000	65.0000	0.0491	0.0859	0.2170	21.4743	1.3185
72.4294	7.8545	156.9260	1.0000	52.2168	25.4397	118.5563	1.0000	28.0000	0.0443	0.7456	0.3173	79.8725	1.0451
6.6392	23.8325	249.4254	1.0000	47.5326	86.4148	70.5608	1.0000	83.0000	0.0493	0.1359	0.2160	23.8438	1.1102
31.8094	56.1352	179.6425	1.0000	29.9370	59.2064	86.3337	1.0000	4.0000	0.4013	0.4079	0.0407	45.6080	1.1120
77.0277	24.2132	120.3009	1.0000	52.3323	45.8636	118.6439	1.0000	34.0000	0.0466	0.5414	0.3183	61.2917	1.0353
8.1548	63.9655	55.5002	1.0000	35.6942	95.3613	60.0086	1.0000	42.0000	0.2861	0.0464	0.3332	33.5509	1.0057
73.1243	40.2022	202.6998	1.0000	52.2783	54.7198	118.6343	1.0000	28.0000	0.0456	0.4528	0.3182	53.6229	1.1022
4.8714	89.7320	219.5003	1.0000	3.0342	95.7263	58.0308	1.0000	9.0000	0.9393	0.0427	0.3552	56.9744	1.4355
90.1792	96.9991	193.2364	1.0000	89.1920	96.8395	189.1853	1.0000	1.0000	0.7838	0.0316	1.1021	106.6946	1.0000
5.8131	84.2832	112.6562	1.0000	5.8573	85.2822	87.4668	1.0000	1.0000	0.8829	0.1472	0.0281	46.6006	1.0000
13.8468	60.5619	218.0188	1.0000	10.5176	62.9894	94.3578	1.0000	5.0000	0.7896	0.3701	0.0484	54.2921	1.2135
80.3827	40.5795	181.7545	1.0000	52.0496	56.7047	117.1260	1.0000	36.0000	0.0410	0.4330	0.3014	51.1322	1.1043
93.3874	17.2527	-85.0673	1.0000	97.9309	18.3040	87.4087	1.0000	7.0000	0.9586	0.8170	0.0288	94.7540	1.5010
74.7756	31.2170	-88.6931	1.0000	52.2770	57.2570	118.5915	1.0000	46.0000	0.0455	0.4274	0.3177	51.4745	1.3367
86.1230	88.9547	227.3448	1.0000	56.1341	95.0608	128.4939	1.0000	35.0000	0.1227	0.0494	0.4277	39.2912	1.1436
89.9157	18.5420	-32.3207	1.0000	92.9992	21.2758	91.2547	1.0000	5.0000	0.8600	0.7872	0.0139	89.7107	1.2133
37.3817	12.5728	-26.5127	1.0000	47.6653	25.6223	72.7291	1.0000	18.0000	0.0467	0.7438	0.1919	76.3923	1.0834
19.6454	75.0179	94.3858	1.0000	34.9147	95.6934	60.4905	1.0000	26.0000	0.3017	0.0431	0.3279	33.4204	1.0116
29.1904	44.3166	68.2510	1.0000	47.5976	77.5185	71.4350	1.0000	38.0000	0.0480	0.2248	0.2063	29.2549	1.0010
87.1818	22.2262	26.9095	1.0000	52.4941	48.7021	118.4173	1.0000	49.0000	0.0499	0.5130	0.3157	58.6961	1.1229
8.7386	40.2024	170.5930	1.0000	45.9791	95.2506	61.1849	1.0000	69.0000	0.0804	0.0475	0.3202	29.4794	1.0382
95.3015	15.7465	58.2335	1.0000	52.1291	41.5754	117.4325	1.0000	56.0000	0.0426	0.5842	0.3048	64.5794	1.1131
91.7367	23.0038	216.5219	1.0000	52.3843	35.9880	118.3675	1.0000	47.0000	0.0477	0.6401	0.3152	70.0566	1.1342
49.8132	97.3332	38.9880	1.0000	50.4012	98.1421	53.9880	1.0000	1.0000	0.0080	0.0186	0.4001	36.0621	1.0000
83.0540	78.9192	62.9718	1.0000	83.0917	79.9185	87.8367	1.0000	1.0000	0.6618	0.2008	0.0240	38.7686	1.0000
47.8813	86.5745	241.2603	1.0000	43.0911	88.0793	91.1009	1.0000	7.0000	0.1382	0.1192	0.0122	13.8220	1.3941
45.8632	81.7415	-56.6583	1.0000	47.5040	80.6281	-26.6583	1.0000	2.0000	0.0499	0.1937	1.2962	118.2821	1.0086
16.8492	98.9401	8.7396	1.0000	17.8352	99.1069	9.5995	1.0000	1.0000	0.6433	0.0089	0.8933	86.6003	1.0000
99.8079	54.4389	205.2046	1.0000	52.2732	68.2802	118.4686	1.0000	55.0000	0.0455	0.3172	0.3163	42.6823	1.1109
88.3118	47.9265	82.9119	1.0000	52.1212	73.2586	117.3963	1.0000	48.0000	0.0424	0.2674	0.3044	38.3427	1.0866
15.8982	36.8196	262.2393	1.0000	11.4098	38.1036	89.6866	1.0000	7.0000	0.7718	0.6190	0.0035	72.9415	1.4994
22.8790	41.8356	175.6891	1.0000	47.5174	86.0975	70.0638	1.0000	53.0000	0.0497	0.1390	0.2215	24.4314	1.0462
68.3653	57.0108	235.9302	1.0000	52.3378	67.7032	118.6032	1.0000	22.0000	0.0468	0.3230	0.3178	43.2053	1.1419
72.3849	25.0223	193.1495	1.0000	52.4145	39.8503	118.3167	1.0000	27.0000	0.0483	0.6015	0.3146	66.5256	1.0855
46.4716	25.9545	-22.5772	1.0000	48.4544	25.9519	7.4228	1.0000	2.0000	0.0309	0.7405	0.9175	110.9257	1.0086
70.3222	11.5945	27.9788	1.0000	52.4200	40.2188	118.3216	1.0000	35.0000	0.0484	0.5978	0.3147	66.1949	1.0367
44.0030	90.9598	19.7341	1.0000	47.2306	95.8808	67.4050	1.0000	6.0000	0.0554	0.0412	0.2511	23.1337	1.0195
70.1163	14.5895	36.5081	1.0000	52.3681	42.4575	118.4446	1.0000	34.0000	0.0474	0.5754	0.3161	64.2327	1.0291
71.2097	61.5053	40.1127	1.0000	71.7013	63.4003	87.2578	1.0000	2.0000	0.4340	0.3660	0.0305	42.6380	1.0216
38.1644	59.8035	63.4753	1.0000	47.6806	80.6819	76.9242	1.0000	23.0000	0.0464	0.1932	0.1453	23.4424	1.0024
52.7702	54.5206	-57.8431	1.0000	52.2783	66.1926	118.3781	1.0000	18.0000	0.0456	0.3381	0.3153	44.1978	1.5408
95.0905	98.5201	68.4728	1.0000	95.0270	99.5181	93.6412	1.0000	1.0000	0.9005	0.0048	0.0405	45.1766	1.0000
34.1329	53.2518	27.8311	1.0000	47.5976	78.8149	74.2327	1.0000	29.0000	0.0480	0.2119	0.1752	26.5177	1.0037
27.4312	9.0582	21.6578	1.0000	47.6731	40.0582	73.4851	1.0000	38.0000	0.0465	0.5994	0.1835	62.2188	1.0264
89.2686	50.5767	13.0080	1.0000	90.5637	53.0742	87.5644	1.0000	3.0000	0.8113	0.4693	0.0271	62.0756	1.0664
12.0646	21.8479	204.1980	1.0000	47.7462	79.0620	73.1088	1.0000	72.0000	0.0451	0.2094	0.1877	26.9962	1.0678
33.4071	10.9726	22.9211	1.0000	47.7493	37.1358	74.6426	1.0000	30.0000	0.0450	0.6286	0.1706	64.7520	1.0055
40.4070	89.7056	205.2742	1.0000	38.5935	95.6303	71.6034	1.0000	8.0000	0.2281	0.0437	0.2044	22.0825	1.2912
2.6525	38.8344	141.5025	1.0000	2.1752	40.7277	91.6457	1.0000	2.0000	0.9565	0.5927	0.0183	76.1782	1.0243
7.7509	96.8278	236.4193	1.0000	6.8973	96.3068	211.3981	1.0000	1.0000	0.8621	0.0369	1.3489	128.8758	1.0000
11.9354	37.3253	-9.6961	1.0000	47.7374	69.9189	75.7832	1.0000	54.0000	0.0453	0.3008	0.1580	33.3483	1.1153
15.7766	39.9406	168.5746	1.0000	14.4092	42.4000	94.2011	1.0000	3.0000	0.7118	0.5760	0.0467	67.8389	1.0661
59.0221	62.2430	48.8218	1.0000	52.3725	76.0814	118.4401	1.0000	16.0000	0.0475	0.2392	0.3160	37.2366	1.0421
50.0010	68.3542	213.8657	1.0000	49.0547	68.0308	198.8657	1.0000	1.0000	0.0189	0.3197	1.2096	113.4666	1.0000
83.8459	68.9869	63.8537	1.0000	83.8672	69.9866	88.7796	1.0000	1.0000	0.6773	0.3001	0.0136	45.2690	1.0000
28.9039	76.9416	94.9665	1.0000	39.0458	95.2733	60.1973	1.0000	21.0000	0.2191	0.0473	0.3311	32.1020	1.0024
87.8192	28.1761	175.1532	1.0000	52.2169	43.8998	118.5896	1.0000	43.0000	0.0443	0.5610	0.3177	63.0041	1.1048
22.4950	33.1419	-60.1792	1.0000	47.7300	53.4760	73.5890	1.0000	42.0000	0.0454	0.4652	0.1823	49.3858	1.2960
15.4010	62.4678	57.1317	1.0000	40.7524	95.5356	60.3919	1.0000	42.0000	0.1850	0.0446	0.3290	31.3383	1.0080
87.5563	47.3105	114.1020	1.0000	52.2870	69.7308	118.9291	1.0000	45.0000	0.0457	0.3027	0.3214	41.9327	1.0768
12.7673	33.0239	-32.0355	1.0000	47.5239	60.5928	70.6545	1.0000	51.0000	0.0495	0.3941	0.2149	43.9694	1.1496
83.5227	80.5895	160.8634	1.0000	53.0736	95.6661	119.0772	1.0000	37.0000	0.0615	0.0433	0.3231	29.5586	1.0890
29.9335	4.0213	29.0471	1.0000	47.6192	33.8862	71.7956	1.0000	35.0000	0.0476	0.6611	0.2023	68.6156	1.0084
1.3884	85.5280	196.2495	1.0000	-0.4450	86.2067	147.5053	0.0000	2.0000	1.0089	0.1379	0.6389	77.7290	1.0230
89.1749	14.5676	100.2786	1.0000	52.1300	38.8006	117.4364	1.0000	48.0000	0.0426	0.6120	0.3048	67.1018	1.0843
65.0826	97.4717	52.2218	1.0000	65.4236	98.4118	70.0617	1.0000	1.0000	0.3085	0.0159	0.2215	25.2576	1.0000
44.4285	28.9867	122.6836	1.0000	47.5515	41.5078	76.9332	1.0000	13.0000	0.0490	0.5849	0.1452	59.9839	1.0074
17.5673	64.4302	-86.6169	1.0000	47.6949	80.6783	73.1954	1.0000	51.0000	0.0461	0.1932	0.1867	25.7106	1.4899
19.0988	35.4171	-4.4644	1.0000	47.5236	64.9872	71.8922	1.0000	45.0000	0.0495	0.3501	0.2012	39.4958	1.0971
90.9543	59.1774	164.5510	1.0000	52.2820	75.0981	118.7582	1.0000	46.0000	0.0456	0.2490	0.3195	38.1097	1.0999
90.2312	29.9405	179.9797	1.0000	52.4373	45.0126	118.3384	1.0000	45.0000	0.0487	0.5499	0.3149	61.9081	1.1060
54.9209	6.7469	9.5209	1.0000	56.5956	10.1041	88.5121	1.0000	4.0000	0.1319	0.8990	0.0165	90.1498	1.0662
16.6293	33.6197	44.5028	1.0000	47.7759	78.2456	73.3979	1.0000	55.0000	0.0445	0.2175	0.1845	27.4560	1.0107
2.9623	59.0417	-35.5864	1.0000	47.5392	88.2579	70.3374	1.0000	61.0000	0.0492	0.1174	0.2185	23.0336	1.1445
22.6288	45.3431	109.1061	1.0000	47.6970	86.9680	72.0995	1.0000	49.0000	0.0461	0.1303	0.1989	22.2613	1.0084
29.6786	50.0418	184.8863	1.0000	27.5676	52.9416	90.5608	1.0000	4.0000	0.4486	0.4706	0.0062	52.1347	1.1152
37.3199	1.1702	67.4848	1.0000	47.6845	28.2126	73.5564	1.0000	29.0000	0.0463	0.7179	0.1827	73.6830	1.0014
13.0633	80.2431	-54.1792	1.0000	42.9586	95.6082	61.2510	1.0000	42.0000	0.1408	0.0439	0.3194	29.9228	1.2495
56.8180	84.3273	132.5148	1.0000	52.3272	90.9166	118.6311	1.0000	8.0000	0.0465	0.0908	0.3181	30.1275	1.0032
14.1361	59.2361	81.2841	1.0000	40.7672	95.0254	60.3557	1.0000	45.0000	0.1847	0.0497	0.3294	31.4448	1.0087
37.9418	61.3275	221.2290	1.0000	45.4964	95.6929	71.0614	1.0000	39.0000	0.0901	0.0431	0.2104	19.9375	1.1084
43.2766	83.0877	260.1866	1.0000	38.8264	84.5273	87.8581	1.0000	7.0000	0.2235	0.1547	0.0238	19.2052	1.4966
84.1076	66.5255	128.7798	1.0000	52.4790	86.5523	118.3940	1.0000	40.0000	0.0496	0.1345	0.3155	31.5151	1.0685
50.8767	0.7849	154.9182	1.0000	50.2092	1.5295	131.8758	1.0000	1.0000	0.0042	0.9847	0.4653	107.0050	1.0000
19.3206	37.8912	-46.1505	1.0000	47.6129	62.0634	72.5718	1.0000	45.0000	0.0477	0.3794	0.1936	41.8166	1.2093
56.7953	12.7230	138.6152	1.0000	52.2581	19.2681	118.3866	1.0000	8.0000	0.0452	0.8073	0.3154	85.6069	1.0045
25.6310	64.2469	227.2353	1.0000	40.7903	95.0175	60.2216	1.0000	40.0000	0.1842	0.0498	0.3309	31.5657	1.1661
12.5676	75.6950	232.3188	1.0000	23.8163	95.4201	45.0003	1.0000	29.0000	0.5237	0.0458	0.5000	52.2641	1.2771
91.7441	76.4486	-54.2019	1.0000	95.5611	78.8536	94.0204	1.0000	6.0000	0.9112	0.2115	0.0447	50.3900	1.3299
32.6867	22.4350	92.5266	1.0000	47.5512	62.7454	73.7070	1.0000	43.0000	0.0490	0.3725	0.1810	40.7353	1.0008
20.2948	69.4774	-32.2298	1.0000	47.2820	95.1498	69.9980	1.0000	43.0000	0.0544	0.0485	0.2222	20.7603	1.1544
90.4695	94.7155	54.0722	1.0000	90.6750	95.6941	78.1407	1.0000	1.0000	0.8135	0.0431	0.1318	42.5868	1.0000
75.7541	36.4676	145.7063	1.0000	52.4605	54.5980	118.3676	1.0000	31.0000	0.0492	0.4540	0.3152	53.5921	1.0502
1.1769	42.4023	71.1326	1.0000	43.2344	95.1216	60.2798	1.0000	68.0000	0.1353	0.0488	0.3302	30.8685	1.0083
13.8706	38.1657	-36.1847	1.0000	47.5645	64.9033	70.9560	1.0000	50.0000	0.0487	0.3510	0.2116	40.0048	1.1624
26.6222	0.0129	-1.9385	1.0000	47.7762	27.7143	73.3278	1.0000	37.0000	0.0445	0.7229	0.1852	74.2168	1.0615
60.7004	15.1448	229.7616	1.0000	52.3697	17.7504	117.6789	1.0000	10.0000	0.0474	0.8225	0.3075	86.8144	1.1456
45.2295	37.4113	84.7089	1.0000	47.5334	46.1089	77.5957	1.0000	9.0000	0.0493	0.5389	0.1378	55.3553	1.0003
60.4950	96.6378	254.4579	1.0000	59.9868	95.7765	239.4579	1.0000	1.0000	0.1997	0.0422	1.6606	149.8507	1.0000
52.8536	20.9599	-50.5771	1.0000	57.3166	23.6998	88.6868	1.0000	7.0000	0.1463	0.7630	0.0146	76.6614	1.3367
42.2105	1.6450	-1.2613	1.0000	47.6571	9.4103	73.4942	1.0000	10.0000	0.0469	0.9059	0.1834	92.1109	1.0543
98.6851	84.9507	77.5272	1.0000	63.3614	95.3875	148.6809	1.0000	40.0000	0.2672	0.0461	0.6520	60.3594	1.0860
72.7622	8.8328	15.9866	1.0000	74.0201	11.3666	87.4844	1.0000	3.0000	0.4804	0.8863	0.0280	91.8650	1.0605
58.7116	87.3853	9.9552	1.0000	60.3152	90.7767	89.6346	1.0000	4.0000	0.2063	0.0922	0.0041	13.8422	1.0663
60.1557	71.7296	238.9400	1.0000	52.0639	73.7472	118.6303	1.0000	10.0000	0.0413	0.2625	0.3181	38.8994	1.1991
93.1318	0.2942	105.2944	1.0000	52.1544	24.4069	117.5521	1.0000	52.0000	0.0431	0.7559	0.3061	80.4865	1.0937
86.4819	17.2499	-37.3390	1.0000	89.7804	19.7169	86.4265	1.0000	5.0000	0.7956	0.8028	0.0397	89.6695	1.2139
57.9546	47.1856	-2.9729	1.0000	52.3185	62.8819	118.7445	1.0000	19.0000	0.0464	0.3712	0.3194	47.0040	1.1393
57.4919	96.6012	-45.8196	1.0000	58.4261	96.2445	-20.9026	1.0000	1.0000	0.1685	0.0376	1.2323	111.2856	1.0000
49.8183	68.2005	254.8317	1.0000	49.3133	67.3373	239.6696	1.0000	1.0000	0.0137	0.3266	1.6630	153.1937	1.0000
91.2715	59.7785	94.5583	1.0000	52.3538	84.0179	118.5183	1.0000	50.0000	0.0471	0.1598	0.3169	32.7759	1.0905
8.7178	6.9359	-47.5186	1.0000	47.7410	35.4110	75.8756	1.0000	58.0000	0.0452	0.6459	0.1569	66.1539	1.2006
74.0670	61.8432	-40.8522	1.0000	52.3188	88.9705	118.7321	1.0000	42.0000	0.0464	0.1103	0.3192	30.8636	1.2080
23.2464	37.2251	109.6844	1.0000	47.5653	78.1667	70.8273	1.0000	48.0000	0.0487	0.2183	0.2130	29.1584	1.0080
92.7211	12.3492	143.2887	1.0000	52.3717	29.9548	118.4271	1.0000	48.0000	0.0474	0.7005	0.3159	75.6310	1.0903
39.3680	59.4604	-20.2532	1.0000	47.6802	70.5083	75.3966	1.0000	15.0000	0.0464	0.2949	0.1623	32.9909	1.0849
40.8770	93.8613	83.3972	1.0000	41.4978	95.7625	71.9157	1.0000	2.0000	0.1700	0.0424	0.2009	20.4276	1.0000
72.4136	35.8892	45.7504	1.0000	72.7087	37.8240	93.2021	1.0000	2.0000	0.4542	0.6218	0.0356	66.2706	1.0219
0.0417	66.6967	61.4884	1.0000	27.9369	95.3231	45.0000	1.0000	40.0000	0.4413	0.0468	0.5000	50.3354	1.0007
73.1049	85.2872	73.6298	1.0000	65.4510	95.4001	130.8162	1.0000	13.0000	0.3090	0.0460	0.4535	43.8846	1.0250
93.4425	5.8958	-73.1421	1.0000	52.3781	31.3315	118.3962	1.0000	63.0000	0.0476	0.6867	0.3155	74.3462	1.3042
36.1156	26.6835	-3.7573	1.0000	47.6428	45.8375	74.9208	1.0000	23.0000	0.0471	0.5416	0.1675	56.2718	1.0288
46.6535	16.0501	129.9244	1.0000	46.2041	17.9742	94.2353	1.0000	2.0000	0.0759	0.8203	0.0471	82.2228	1.0122
87.2885	10.9592	-33.2791	1.0000	90.4136	13.6440	90.3746	1.0000	5.0000	0.8083	0.8636	0.0042	95.3455	1.2136
74.5158	92.4219	161.7329	1.0000	63.9305	95.0170	150.6821	1.0000	11.0000	0.2786	0.0498	0.6742	62.4596	1.0093
47.7135	92.1069	124.1661	1.0000	47.3395	95.0326	84.8399	1.0000	3.0000	0.0532	0.0497	0.0573	7.6407	1.0171
65.7460	37.5297	260.9153	1.0000	52.4650	42.6901	118.1040	1.0000	18.0000	0.0493	0.5731	0.3123	63.8775	1.2633
85.5277	13.7184	-56.4966	1.0000	89.4273	15.9725	92.0068	1.0000	6.0000	0.7885	0.8403	0.0223	92.8394	1.3321
94.6646	87.0782	63.9254	1.0000	94.6818	88.0781	89.0178	1.0000	1.0000	0.8936	0.1192	0.0109	46.2553	1.0000
53.3743	59.6075	220.8280	1.0000	52.4742	59.1719	205.8280	1.0000	1.0000	0.0495	0.4083	1.2870	122.8380	1.0000
54.4747	50.2915	142.1433	1.0000	52.3335	53.6498	118.4994	1.0000	4.0000	0.0467	0.4635	0.3167	54.4610	1.0043
47.3693	28.0344	-4.0055	1.0000	48.3509	28.2251	10.9945	1.0000	1.0000	0.0330	0.7177	0.8778	106.7531	1.0000
84.1357	30.2494	-21.2076	1.0000	52.3947	57.4785	118.3214	1.0000	50.0000	0.0479	0.4252	0.3147	51.1460	1.1956
4.7505	35.3206	-44.6070	1.0000	47.5510	64.3249	72.9899	1.0000	61.0000	0.0490	0.3568	0.1890	39.5986	1.1798
15.6710	11.4561	170.2383	1.0000	47.5658	63.0327	70.6501	1.0000	63.0000	0.0487	0.3697	0.2150	41.7962	1.0389
79.5152	70.6222	189.1853	1.0000	52.0928	86.2964	117.2754	1.0000	35.0000	0.0419	0.1370	0.3031	30.5960	1.1081
78.8539	47.8988	217.4739	1.0000	52.3485	60.8472	118.5469	1.0000	34.0000	0.0470	0.3915	0.3172	48.5117	1.1526
99.3894	26.7092	-29.7170	1.0000	100.3859	26.6254	-4.8074	0.0000	1.0000	1.0077	0.7337	1.0534	130.0424	1.0000
60.4209	48.6147	235.5876	1.0000	52.1995	50.8047	117.5651	1.0000	10.0000	0.0440	0.4920	0.3063	56.4345	1.1753
84.2442	22.2692	97.1681	1.0000	52.2741	46.9229	118.4983	1.0000	43.0000	0.0455	0.5308	0.3166	60.2868	1.0651
57.4279	2.7571	194.6208	1.0000	52.4481	5.3603	117.7946	1.0000	6.0000	0.0490	0.9464	0.3088	98.6671	1.0678
57.0576	3.4048	-9.8656	1.0000	59.3775	7.1539	93.7411	1.0000	5.0000	0.1876	0.9285	0.0416	93.3934	1.1341
74.7310	56.8011	197.8976	1.0000	52.1918	71.9732	117.7471	1.0000	30.0000	0.0438	0.2803	0.3083	39.4995	1.1042
81.2839	30.4062	217.3603	1.0000	52.1848	44.0020	117.7091	1.0000	37.0000	0.0437	0.5600	0.3079	62.5168	1.1520
50.5585	4.5395	42.9221	1.0000	51.0827	5.3911	58.3821	1.0000	1.0000	0.0217	0.9461	0.3513	99.7582	1.0000
47.7830	59.2218	235.7532	1.0000	47.6546	76.6273	77.7640	1.0000	23.0000	0.0469	0.2337	0.1360	26.4859	1.3214
25.9061	58.1721	234.8433	1.0000	21.9349	60.4011	89.9974	1.0000	6.0000	0.5613	0.3960	0.0000	48.5357	1.3175
2.3435	15.3965	-80.3594	1.0000	47.5443	38.0584	72.9700	1.0000	67.0000	0.0491	0.6194	0.1892	64.2869	1.3251
55.5141	20.1479	22.3118	1.0000	52.1266	31.6360	118.1649	1.0000	13.0000	0.0425	0.6836	0.3129	73.9690	1.0854
66.8131	36.0928	90.2516	1.0000	52.2340	57.4322	118.5005	1.0000	26.0000	0.0447	0.4257	0.3167	51.2766	1.0060
13.3647	40.5205	117.7085	1.0000	13.3161	41.5193	92.7864	1.0000	1.0000	0.7337	0.5848	0.0310	69.0903	1.0000
10.7324	64.2706	37.9951	1.0000	39.7213	95.0214	60.3334	1.0000	43.0000	0.2056	0.0498	0.3296	31.7890	1.0175
46.0596	11.0157	-15.4010	1.0000	48.0273	11.2608	14.5990	1.0000	2.0000	0.0395	0.8874	0.8378	116.4640	1.0086
12.4900	86.8299	99.9158	1.0000	18.6385	95.7103	45.3638	1.0000	11.0000	0.6272	0.0429	0.4960	54.7206	1.0184
29.0465	18.2274	105.5653	1.0000	47.7795	53.4273	73.3980	1.0000	40.0000	0.0444	0.4657	0.1845	49.4932	1.0032
69.9767	98.4536	211.5970	1.0000	69.0804	98.0102	206.3209	1.0000	1.0000	0.3816	0.0199	1.2925	117.8922	1.0000
99.6437	55.6757	-18.3470	1.0000	100.6379	55.7825	6.1286	0.0000	1.0000	1.0128	0.4422	0.9319	107.4886	1.0000
49.8887	75.9466	0.9871	1.0000	50.8500	76.2220	15.9871	1.0000	1.0000	0.0170	0.2378	0.8224	77.7433	1.0000
22.2522	52.3069	219.6650	1.0000	45.7392	95.0300	60.5281	1.0000	54.0000	0.0852	0.0497	0.3275	30.1902	1.1076
78.4090	64.1116	-8.2495	1.0000	80.5677	66.9346	89.5147	1.0000	4.0000	0.6114	0.3307	0.0054	45.0326	1.1256
96.7339	25.0641	-57.0164	1.0000	100.2774	25.3679	41.7342	0.0000	4.0000	1.0055	0.7463	0.5363	102.1144	1.1247
13.5284	16.0164	-61.7904	1.0000	47.6538	38.4602	71.9871	1.0000	52.0000	0.0469	0.6154	0.2001	64.1647	1.2731
20.6305	68.4202	33.0257	1.0000	42.9941	95.4807	60.3991	1.0000	36.0000	0.1401	0.0452	0.3289	30.7525	1.0255
82.7529	19.1810	217.7915	1.0000	52.3934	32.2574	118.3271	1.0000	38.0000	0.0479	0.6774	0.3147	73.4657	1.1496
50.7653	25.8775	205.7159	1.0000	49.7828	25.6916	190.7159	1.0000	1.0000	0.0043	0.7431	1.1191	125.1618	1.0000
20.1258	77.6682	265.4241	1.0000	15.5483	78.6499	93.7466	1.0000	7.0000	0.6890	0.2135	0.0416	40.7036	1.4952
0.9064	26.0212	268.3512	1.0000	-0.2873	24.4749	219.9557	0.0000	2.0000	1.0057	0.7553	1.4440	158.4971	1.0238
47.1379	50.3598	68.8932	1.0000	47.7063	52.2765	75.1010	1.0000	2.0000	0.0459	0.4772	0.1655	50.0477	1.0004
42.6582	75.0305	-78.1217	1.0000	47.5428	72.6879	11.8783	1.0000	6.0000	0.0491	0.2731	0.8680	82.7949	1.1076
21.8850	89.2300	-74.8292	1.0000	41.6242	95.1585	61.7997	1.0000	31.0000	0.1675	0.0484	0.3133	29.8136	1.5041
36.0290	59.1024	63.8571	1.0000	47.6380	84.5235	76.6102	1.0000	28.0000	0.0472	0.1548	0.1488	20.6006	1.0019
58.0552	38.4888	123.4540	1.0000	52.3977	46.7028	118.3194	1.0000	10.0000	0.0480	0.5330	0.3147	60.4014	1.0026
57.7199	64.6948	267.0007	1.0000	52.3110	61.9563	160.8203	1.0000	7.0000	0.0462	0.3804	0.7869	80.4250	1.1546
15.5903	73.6281	108.1743	1.0000	32.8998	95.1630	58.6389	1.0000	28.0000	0.3420	0.0484	0.3485	36.0463	1.0134
0.2163	40.2470	182.7422	1.0000	-0.7175	40.6047	159.0417	0.0000	1.0000	1.0144	0.5940	0.7671	104.2441	1.0000
32.2375	0.0724	-76.7343	1.0000	32.6873	-0.8207	-63.2667	0.0000	1.0000	0.3463	1.0082	1.7030	184.2695	1.0000
29.7032	28.6128	-25.4689	1.0000	47.5282	53.3967	73.5409	1.0000	33.0000	0.0494	0.4660	0.1829	49.4861	1.0810
7.5262	54.2601	-85.2334	1.0000	47.5891	73.0252	70.8018	1.0000	61.0000	0.0482	0.2697	0.2133	33.1968	1.3788
64.6528	13.1273	-82.8857	1.0000	52.4669	38.6688	118.3765	1.0000	37.0000	0.0493	0.6133	0.3153	67.6227	1.3074
74.7697	52.7294	215.1694	1.0000	52.2302	66.2830	118.5518	1.0000	30.0000	0.0446	0.3372	0.3172	44.2381	1.1406
44.6826	63.8175	229.4206	1.0000	47.5466	87.4787	75.1817	1.0000	28.0000	0.0491	0.1252	0.1646	19.5547	1.1748
3.6548	91.5154	237.3972	1.0000	-0.2972	92.7095	114.0008	0.0000	5.0000	1.0059	0.0729	0.2667	56.2049	1.2111
73.8765	30.1856	36.2738	1.0000	52.4007	58.4903	118.3078	1.0000	37.0000	0.0480	0.4151	0.3145	50.3006	1.0414
91.9564	14.6953	218.9340	1.0000	52.0781	28.0362	117.2224	1.0000	48.0000	0.0416	0.7196	0.3025	76.9686	1.1415
90.3252	96.5013	-9.8273	1.0000	91.2945	96.7473	14.2455	1.0000	1.0000	0.8259	0.0325	0.8417	86.3398	1.0000
21.8439	55.2301	18.2744	1.0000	47.6810	87.9920	74.2524	1.0000	44.0000	0.0464	0.1201	0.1750	19.9388	1.0545
63.6370	2.9978	259.7285	1.0000	52.2429	6.0775	118.5280	1.0000	15.0000	0.0449	0.9392	0.3170	98.1851	1.2709
88.9922	82.3622	215.0059	1.0000	52.4886	95.4532	118.4087	1.0000	44.0000	0.0498	0.0455	0.3157	28.8777	1.1346
1.0000	74.6208	215.2274	1.0000	-0.9550	74.6849	166.0750	0.0000	2.0000	1.0191	0.2532	0.8453	94.9982	1.0225
53.3942	20.0392	-70.0763	1.0000	52.4496	31.8549	118.4433	1.0000	19.0000	0.0490	0.6815	0.3160	73.8836	1.6029
8.1152	99.3190	219.9995	1.0000	7.1486	99.0628	194.8457	1.0000	1.0000	0.8570	0.0094	1.1650	113.2684	1.0000
7.7671	46.5693	181.5994	1.0000	41.9325	95.7217	60.0669	1.0000	63.0000	0.1613	0.0428	0.3326	31.2950	1.0525
58.5382	17.8374	6.1681	1.0000	60.3303	21.1176	86.9097	1.0000	4.0000	0.2066	0.7888	0.0343	79.6160	1.0701
98.2825	18.8229	222.7694	1.0000	52.2733	30.9916	118.4723	1.0000	54.0000	0.0455	0.6901	0.3164	74.6859	1.1347
4.1219	61.6270	47.5829	1.0000	34.9966	95.4472	60.0730	1.0000	46.0000	0.3001	0.0455	0.3325	33.7854	1.0045
99.3307	30.5106	183.6965	1.0000	52.4890	44.9865	118.4093	1.0000	54.0000	0.0498	0.5501	0.3157	61.9659	1.1014
6.6339	81.3660	203.8417	1.0000	12.7287	95.2584	45.0387	1.0000	19.0000	0.7454	0.0474	0.4996	58.5931	1.2524
33.3080	86.7081	48.4122	1.0000	38.2877	95.3799	60.1665	1.0000	10.0000	0.2342	0.0462	0.3315	32.3815	1.0000
59.2131	53.9353	157.0368	1.0000	52.1778	62.0904	117.6286	1.0000	11.0000	0.0436	0.3791	0.3070	46.9598	1.0213
39.0547	2.6895	-60.1425	1.0000	47.6707	8.0949	71.4665	1.0000	13.0000	0.0466	0.9191	0.2059	93.7842	1.2781
13.9815	60.7295	156.6667	1.0000	37.9927	95.5701	60.3923	1.0000	44.0000	0.2401	0.0443	0.3290	32.2554	1.0399
91.7578	2.3381	89.0625	1.0000	52.2722	27.1146	118.4380	1.0000	51.0000	0.0454	0.7289	0.3160	78.2698	1.0941
62.0171	22.3828	-36.4660	1.0000	65.4378	25.8627	91.9454	1.0000	6.0000	0.3088	0.7414	0.0216	75.7526	1.2296
2.8695	59.8475	104.2575	1.0000	33.9886	95.8245	59.8571	1.0000	48.0000	0.3202	0.0418	0.3349	34.3860	1.0091
33.8979	54.0960	32.8873	1.0000	47.6138	78.4394	71.0806	1.0000	28.0000	0.0477	0.2156	0.2102	28.7837	1.0021
46.1727	10.6902	51.8247	1.0000	47.8359	14.3210	69.9331	1.0000	4.0000	0.0433	0.8568	0.2230	88.0242	1.0016
78.1647	88.0523	137.1474	1.0000	61.1557	95.4092	131.5025	1.0000	19.0000	0.2231	0.0459	0.4611	43.2202	1.0253
10.4036	30.2785	176.4260	1.0000	47.5356	87.4040	70.5676	1.0000	71.0000	0.0493	0.1260	0.2159	23.2884	1.0421
61.3291	49.2983	70.1575	1.0000	52.3948	64.5328	118.3221	1.0000	18.0000	0.0479	0.3547	0.3147	45.4510	1.0192
66.9073	9.8762	86.2714	1.0000	52.2204	31.1441	118.6840	1.0000	26.0000	0.0444	0.6886	0.3187	74.6247	1.0059
1.2494	92.4113	167.6439	1.0000	-0.0204	93.8948	118.0841	0.0000	2.0000	1.0004	0.0611	0.3120	57.6891	1.0242
28.1661	70.4863	248.7569	1.0000	38.6415	95.0151	60.1557	1.0000	34.0000	0.2272	0.0498	0.3316	32.3195	1.2747
19.9187	80.4873	188.7636	1.0000	17.7510	83.2964	90.5076	1.0000	4.0000	0.6450	0.1670	0.0056	36.3217	1.1273
14.3868	1.2098	234.0325	1.0000	10.5753	3.6235	85.8342	1.0000	6.0000	0.7885	0.9638	0.0463	104.2118	1.3299
13.8923	10.7389	-33.2533	1.0000	47.7166	39.0362	73.7837	1.0000	51.0000	0.0457	0.6096	0.1802	63.1250	1.1565
97.2558	60.3254	7.4898	1.0000	52.2959	87.0459	118.9024	1.0000	61.0000	0.0459	0.1295	0.3211	31.7558	1.1663
42.0436	23.9444	251.8669	1.0000	47.5114	55.4771	77.8639	1.0000	38.0000	0.0498	0.4452	0.1348	46.2144	1.1874
66.1914	43.2600	268.5924	1.0000	52.0691	49.1543	117.0386	1.0000	20.0000	0.0414	0.5085	0.3004	57.6251	1.3069
57.6355	53.4647	-40.9945	1.0000	61.2725	56.6778	88.4279	1.0000	6.0000	0.2254	0.4332	0.0175	44.7923	1.2364
97.0904	65.6707	126.7555	1.0000	52.4998	85.2255	118.4267	1.0000	53.0000	0.0500	0.1477	0.3159	32.1343	1.0885
60.8136	36.1906	199.7252	1.0000	52.2549	41.8439	118.4984	1.0000	11.0000	0.0451	0.5816	0.3166	64.8026	1.0724
96.7706	64.5240	35.5101	1.0000	52.0730	91.2491	117.2045	1.0000	59.0000	0.0415	0.0875	0.3023	28.6524	1.1329
41.6196	64.8634	61.0964	1.0000	47.7593	77.4004	74.7273	1.0000	14.0000	0.0448	0.2260	0.1697	27.3682	1.0029
57.1158	63.1003	167.8805	1.0000	52.1330	67.5600	116.6587	1.0000	7.0000	0.0427	0.3244	0.2962	42.0427	1.0468
0.1120	62.0327	23.2478	1.0000	43.2109	95.1174	60.1591	1.0000	57.0000	0.1358	0.0488	0.3316	30.9905	1.0491
94.4680	63.5922	106.5581	1.0000	52.2169	87.2789	118.5984	1.0000	53.0000	0.0443	0.1272	0.3178	31.3785	1.0942
88.1841	12.5132	200.1914	1.0000	52.4472	26.8679	118.3502	1.0000	43.0000	0.0489	0.7313	0.3150	78.4731	1.1165
35.3639	18.9788	221.4149	1.0000	47.7526	63.0939	73.7832	1.0000	50.0000	0.0449	0.3691	0.1802	40.3744	1.0912
43.7123	61.0422	51.7998	1.0000	47.5415	69.1638	72.7270	1.0000	9.0000	0.0492	0.3084	0.1919	35.4298	1.0023
4.1772	93.9362	11.3094	1.0000	9.0570	95.0250	13.2279	1.0000	5.0000	0.8189	0.0497	0.8530	87.1495	1.0000
44.8390	65.4895	-56.4413	1.0000	48.4622	64.2460	3.5587	1.0000	4.0000	0.0308	0.3575	0.9605	93.5565	1.0442
43.1029	40.1789	118.1811	1.0000	43.0439	41.1771	93.3838	1.0000	1.0000	0.1391	0.5882	0.0376	59.3293	1.0000
33.8199	95.9591	266.1658	1.0000	33.3567	95.0728	242.4073	1.0000	1.0000	0.3329	0.0493	1.6934	153.3925	1.0000
63.1490	92.9040	-88.9548	1.0000	67.9840	94.5186	89.8446	1.0000	8.0000	0.3597	0.0548	0.0017	18.8015	1.5694
66.5859	72.6539	-80.3643	1.0000	55.3663	95.4320	128.4906	1.0000	34.0000	0.1073	0.0457	0.4277	39.1304	1.3390
5.9274	11.1939	243.6758	1.0000	47.6998	74.9258	72.2568	1.0000	84.0000	0.0460	0.2507	0.1971	30.8031	1.1023
83.9384	36.0873	72.7052	1.0000	52.1010	62.1389	117.3080	1.0000	44.0000	0.0420	0.3786	0.3034	46.7291	1.0696
78.5113	47.1330	190.7353	1.0000	52.0832	62.7688	117.2406	1.0000	34.0000	0.0417	0.3723	0.3027	46.1796	1.1072
71.4704	96.7035	51.5585	1.0000	71.7269	97.6700	75.1372	1.0000	1.0000	0.4345	0.0233	0.1651	26.4270	1.0000
34.6568	87.7814	229.7487	1.0000	30.7936	90.3413	88.1216	1.0000	6.0000	0.3841	0.0966	0.0209	21.5802	1.2947
23.9871	4.5016	16.0150	1.0000	47.6624	35.4490	73.4723	1.0000	41.0000	0.0468	0.6455	0.1836	66.6743	1.0522
25.8698	89.0631	186.4136	1.0000	23.7521	91.9374	90.1669	1.0000	4.0000	0.5250	0.0806	0.0019	27.4588	1.1204
79.9940	43.7779	3.7010	1.0000	52.3886	71.3077	118.3480	1.0000	44.0000	0.0478	0.2869	0.3150	40.4049	1.1286
13.7928	10.6610	151.7071	1.0000	47.5795	63.0922	70.7860	1.0000	64.0000	0.0484	0.3691	0.2135	41.6800	1.0261
47.8887	35.8844	-85.5997	1.0000	48.2208	34.9412	-70.5997	1.0000	1.0000	0.0356	0.6506	1.7844	173.2861	1.0000
75.5334	78.1742	-62.6574	1.0000	59.2803	95.2970	128.7061	1.0000	33.0000	0.1856	0.0470	0.4301	40.0800	1.3978
0.3452	97.5604	95.2739	1.0000	0.5452	98.5402	78.4619	1.0000	1.0000	0.9891	0.0146	0.1282	50.8039	1.0000
97.0029	44.2294	69.4774	1.0000	52.2015	69.5328	117.8035	1.0000	57.0000	0.0440	0.3047	0.3089	41.3054	1.1078
81.8799	49.4075	-73.4012	1.0000	52.2202	75.9699	117.9236	1.0000	52.0000	0.0444	0.2403	0.3103	36.9067	1.3060
45.0082	25.8320	-36.8888	1.0000	47.9188	25.4803	8.1112	1.0000	3.0000	0.0416	0.7452	0.9099	110.7397	1.0232
57.5424	33.7712	88.5892	1.0000	52.2495	43.3357	118.6690	1.0000	11.0000	0.0450	0.5666	0.3185	63.5438	1.0063
2.7511	98.8021	261.6819	1.0000	2.2165	97.9570	237.6860	1.0000	1.0000	0.9557	0.0204	1.6410	155.2372	1.0000
77.3669	44.7640	137.6943	1.0000	52.4080	63.9119	118.3124	1.0000	33.0000	0.0482	0.3609	0.3146	45.9319	1.0490
51.5677	22.1632	201.2298	1.0000	50.5736	22.0547	186.2298	1.0000	1.0000	0.0115	0.7795	1.0692	123.8385	1.0000
97.9600	3.6952	201.6006	1.0000	52.3284	17.7413	118.6685	1.0000	53.0000	0.0466	0.8226	0.3185	87.1424	1.1101
88.1397	3.3727	172.3841	1.0000	52.3833	18.9452	118.3722	1.0000	43.0000	0.0477	0.8105	0.3152	85.9101	1.1026
76.1905	13.0698	126.1282	1.0000	52.2206	34.0631	118.1432	1.0000	33.0000	0.0444	0.6594	0.3127	71.7262	1.0357
70.2825	21.3849	155.0212	1.0000	52.2454	39.0237	118.3499	1.0000	26.0000	0.0449	0.6098	0.3150	67.2820	1.0306
42.0002	3.5401	52.1148	1.0000	47.6385	15.2176	74.0892	1.0000	13.0000	0.0472	0.8478	0.1768	86.2947	1.0025
44.6891	77.9913	244.1722	1.0000	45.9583	95.7393	72.4025	1.0000	23.0000	0.0808	0.0426	0.1955	18.5516	1.2926
37.9124	92.9530	146.4241	1.0000	37.4561	95.7819	79.3506	1.0000	3.0000	0.2509	0.0422	0.1183	16.9867	1.0470
75.8362	25.0598	225.9401	1.0000	52.0623	37.8765	117.1681	1.0000	32.0000	0.0412	0.6212	0.3019	67.8357	1.1848
25.9642	78.9565	40.9860	1.0000	38.2276	95.7083	60.0136	1.0000	21.0000	0.2354	0.0429	0.3332	32.4991	1.0115
24.3200	50.2426	206.6429	1.0000	21.4153	53.2082	85.7766	1.0000	5.0000	0.5717	0.4679	0.0469	54.9945	1.2045
98.6926	98.8546	37.1147	1.0000	99.1612	99.7380	62.0572	1.0000	1.0000	0.9832	0.0026	0.3105	56.5481	1.0000
7.0477	85.9485	142.6717	1.0000	6.5330	87.8324	92.8230	1.0000	2.0000	0.8693	0.1217	0.0314	45.2261	1.0241
51.1533	72.8036	-14.3064	1.0000	52.1528	72.8338	1.7313	1.0000	1.0000	0.0431	0.2717	0.9808	92.3796	1.0000
30.9829	95.8176	-82.7413	1.0000	38.9337	95.3402	61.9749	1.0000	11.0000	0.2213	0.0466	0.3114	30.4891	1.3810
80.5362	22.0730	4.4386	1.0000	52.1949	50.1114	117.7643	1.0000	45.0000	0.0439	0.4989	0.3085	57.1362	1.1288
74.9777	95.4337	47.2583	1.0000	75.2986	96.3808	71.2851	1.0000	1.0000	0.5060	0.0362	0.2079	31.6760	1.0000
30.7827	87.5788	225.1252	1.0000	30.0974	95.4951	50.3641	1.0000	12.0000	0.3981	0.0450	0.4404	44.5804	1.5102
87.4496	52.4920	73.6562	1.0000	52.2213	77.7311	118.0866	1.0000	47.0000	0.0444	0.2227	0.3121	35.9123	1.0845
22.8092	89.4006	-8.3972	1.0000	35.8805	95.5789	61.2128	1.0000	16.0000	0.2824	0.0442	0.3199	32.3668	1.1067
82.7487	59.3607	253.0003	1.0000	52.2519	66.9712	118.2634	1.0000	41.0000	0.0450	0.3303	0.3140	43.5292	1.3044
34.8111	63.5109	-86.0573	1.0000	47.6241	73.7124	72.3981	1.0000	22.0000	0.0475	0.2629	0.1956	31.7255	1.3433
28.8600	84.9781	212.4340	1.0000	25.5974	87.5860	93.6083	1.0000	5.0000	0.4881	0.1241	0.0401	27.6155	1.1971
49.4116	36.8979	183.0751	1.0000	48.4456	37.1563	165.0255	1.0000	1.0000	0.0311	0.6284	0.8336	97.8804	1.0000
19.5562	34.0594	117.6565	1.0000	19.5035	35.0580	93.0238	1.0000	1.0000	0.6099	0.6494	0.0336	71.8097	1.0000
85.2162	38.4304	202.0441	1.0000	52.4679	52.7252	118.3779	1.0000	40.0000	0.0494	0.4727	0.3153	55.1933	1.1194
81.1018	56.4211	-82.3336	1.0000	85.6098	57.6715	89.7579	1.0000	7.0000	0.7122	0.4233	0.0027	55.3156	1.4963
68.8636	75.3484	115.9387	1.0000	53.7308	95.2227	119.9766	1.0000	25.0000	0.0746	0.0478	0.3331	30.5833	1.0008
80.5068	45.3146	137.0463	1.0000	52.4349	64.3658	118.3359	1.0000	36.0000	0.0487	0.3563	0.3148	45.5922	1.0611
14.5379	39.1844	-79.4910	1.0000	47.7428	58.7767	74.3194	1.0000	54.0000	0.0451	0.4122	0.1742	44.1626	1.4006
14.6398	46.1029	36.2354	1.0000	47.5968	87.3784	70.8617	1.0000	54.0000	0.0481	0.1262	0.2126	23.0511	1.0224
25.2673	9.3534	-59.7601	1.0000	47.6348	29.7189	74.2201	1.0000	39.0000	0.0473	0.7028	0.1753	72.0696	1.2893
35.6112	43.0127	222.7777	1.0000	47.5616	87.2197	75.1412	1.0000	50.0000	0.0488	0.1278	0.1651	19.7501	1.0919
61.7048	56.9772	110.2424	1.0000	52.1623	70.9779	117.5917	1.0000	17.0000	0.0432	0.2902	0.3066	40.1031	1.0033
47.4327	75.5639	102.1136	1.0000	47.4339	76.5639	89.9279	1.0000	1.0000	0.0513	0.2344	0.0008	23.5763	1.0000
13.9045	44.5584	-21.0831	1.0000	47.5034	74.6895	72.7380	1.0000	51.0000	0.0499	0.2531	0.1918	30.7381	1.1301
17.7804	79.4162	240.8513	1.0000	13.7176	81.3536	92.5600	1.0000	6.0000	0.7256	0.1865	0.0284	40.8736	1.3330
29.7894	86.4710	-82.7404	1.0000	44.6927	95.8729	61.2113	1.0000	26.0000	0.1061	0.0413	0.3199	29.5633	1.4755
40.9899	8.6648	70.0464	1.0000	47.5697	28.5871	76.9980	1.0000	21.0000	0.0486	0.7141	0.1445	72.6276	1.0009
48.2876	64.9396	4.5979	1.0000	49.2296	65.2750	19.5979	1.0000	1.0000	0.0154	0.3472	0.7822	78.5040	1.0000
50.6149	5.1424	116.3875	1.0000	50.2325	6.0664	112.4819	1.0000	1.0000	0.0047	0.9393	0.2498	96.5868	1.0000
10.2271	22.7410	141.3898	1.0000	9.7534	24.6353	91.5334	1.0000	2.0000	0.8049	0.7536	0.0170	85.4516	1.0243
45.4598	13.6872	50.3403	1.0000	47.5447	18.2221	70.5368	1.0000	5.0000	0.0491	0.8178	0.2163	84.0980	1.0018
25.4311	92.4037	46.3917	1.0000	28.2444	95.2472	45.0501	1.0000	4.0000	0.4351	0.0475	0.4994	50.1636	1.0000
99.7261	28.1831	22.7435	1.0000	100.3977	28.9240	47.8083	0.0000	1.0000	1.0080	0.7108	0.4688	96.8083	1.0000
51.8394	97.3650	166.3545	1.0000	51.0130	97.9281	145.7253	1.0000	1.0000	0.0203	0.0207	0.6192	55.7730	1.0000
54.7510	59.4238	264.7116	1.0000	52.1489	56.6127	204.7116	1.0000	4.0000	0.0430	0.4339	1.2746	122.6615	1.0442
66.5088	8.8282	137.5493	1.0000	52.1121	27.9525	117.3560	1.0000	24.0000	0.0422	0.7205	0.3040	77.0951	1.0026
65.4677	24.2011	53.3976	1.0000	65.8699	26.1421	85.9543	1.0000	2.0000	0.3174	0.7386	0.0450	75.6519	1.0090
28.3857	42.0432	146.0283	1.0000	47.5307	79.6186	70.5098	1.0000	43.0000	0.0494	0.2038	0.2166	28.3084	1.0196
85.5535	83.0488	68.6686	1.0000	85.4888	84.0467	93.7086	1.0000	1.0000	0.7098	0.1595	0.0412	39.0860	1.0000
70.1226	78.8022	-68.5386	1.0000	60.9862	95.1902	128.5312	1.0000	27.0000	0.2197	0.0481	0.4281	40.3545	1.4390
50.0940	52.4560	198.0184	1.0000	49.0954	52.4034	183.0184	1.0000	1.0000	0.0181	0.4760	1.0335	104.4925	1.0000
15.5723	7.5895	-60.0368	1.0000	47.6358	30.2334	72.6699	1.0000	50.0000	0.0473	0.6977	0.1926	71.9256	1.2738
91.1121	42.5601	34.4186	1.0000	52.2216	69.1319	118.6681	1.0000	53.0000	0.0444	0.3087	0.3185	42.1858	1.1252
46.3576	1.2221	216.8059	1.0000	47.5779	19.5387	76.7064	1.0000	22.0000	0.0484	0.8046	0.1477	81.5881	1.1984
53.5989	37.7027	181.2280	1.0000	51.7871	38.4858	147.3246	1.0000	2.0000	0.0357	0.6151	0.6369	84.1030	1.0133
18.0511	75.8169	34.1336	1.0000	37.3574	95.1688	60.2416	1.0000	28.0000	0.2529	0.0483	0.3306	32.6915	1.0243
3.3903	77.1963	82.2129	1.0000	19.2052	95.0343	45.0001	1.0000	24.0000	0.6159	0.0497	0.5000	54.7537	1.0067
72.6013	58.3062	26.8765	1.0000	52.3295	87.3986	118.6613	1.0000	37.0000	0.0466	0.1260	0.3185	31.3957	1.0435
47.4840	13.6343	131.8490	1.0000	47.5862	18.4875	73.6243	1.0000	5.0000	0.0483	0.8151	0.1820	83.1762	1.0300
89.2077	80.5316	0.0176	1.0000	61.4524	95.1512	136.1561	1.0000	38.0000	0.2290	0.0485	0.5128	47.8022	1.2113
24.3616	26.5063	173.5042	1.0000	47.5253	69.5069	70.4568	1.0000	51.0000	0.0495	0.3049	0.2171	36.3028	1.0442
94.7810	99.6185	245.5403	1.0000	94.2891	98.7479	240.5302	1.0000	1.0000	0.8858	0.0125	1.6726	156.9153	1.0000
64.5423	24.7724	-75.7860	1.0000	69.1575	26.4387	86.6902	1.0000	7.0000	0.3832	0.7356	0.0368	76.0870	1.4266
39.6402	25.4463	245.5071	1.0000	47.6136	64.0707	77.0503	1.0000	45.0000	0.0477	0.3593	0.1439	38.2663	1.1410
25.6767	24.1301	4.7377	1.0000	47.6903	53.7008	73.9932	1.0000	39.0000	0.0462	0.4630	0.1779	49.0425	1.0579
54.1427	13.1719	45.0001	1.0000	54.6627	16.0655	93.8249	1.0000	3.0000	0.0933	0.8393	0.0425	84.1509	1.0204
61.1970	19.5752	141.3168	1.0000	52.2525	31.5487	118.2554	1.0000	15.0000	0.0451	0.6845	0.3139	74.0879	1.0036
87.9686	95.1063	82.2981	1.0000	87.7928	96.0907	100.1249	1.0000	1.0000	0.7559	0.0391	0.1125	39.3204	1.0000
39.1468	98.0122	219.5360	1.0000	38.1782	97.7637	194.3899	1.0000	1.0000	0.2364	0.0224	1.1599	105.0809	1.0000
52.5233	67.0185	6.7122	1.0000	54.7965	70.9717	92.1001	1.0000	5.0000	0.0959	0.2903	0.0233	29.4967	1.0964
58.0242	21.8173	95.6328	1.0000	52.4430	31.2353	118.4406	1.0000	11.0000	0.0489	0.6876	0.3160	74.4541	1.0048
1.8685	44.0427	61.5422	1.0000	43.5179	95.8452	60.2691	1.0000	67.0000	0.1296	0.0415	0.3303	30.7116	1.0080
12.3564	45.4989	152.8098	1.0000	45.9872	95.6324	61.0463	1.0000	62.0000	0.0803	0.0437	0.3217	29.5550	1.0270
15.6748	89.6085	82.4120	1.0000	19.4960	95.3955	47.2106	1.0000	7.0000	0.6101	0.0460	0.4754	52.7506	1.0094
40.4452	61.4870	147.2880	1.0000	47.6792	88.0691	74.2813	1.0000	28.0000	0.0464	0.1193	0.1747	19.8699	1.0164
0.6177	86.8650	26.0887	1.0000	17.6818	95.2205	26.0887	1.0000	19.0000	0.6464	0.0478	0.7101	71.7771	1.0000
83.8859	27.5196	12.5118	1.0000	85.2033	30.0054	87.0359	1.0000	3.0000	0.7041	0.6999	0.0329	78.4047	1.0664
17.5114	9.8690	47.8084	1.0000	47.5037	52.9950	70.1595	1.0000	53.0000	0.0499	0.4701	0.2205	51.0818	1.0090
71.9546	11.2210	-77.2045	1.0000	76.5057	12.7035	90.3146	1.0000	7.0000	0.5301	0.8730	0.0035	91.2323	1.4625
99.7188	71.0411	-55.7244	1.0000	100.5787	70.5308	-30.6857	0.0000	1.0000	1.0116	0.2947	1.3410	134.1331	1.0000
30.1298	54.3025	80.0262	1.0000	47.7604	86.7708	73.2112	1.0000	37.0000	0.0448	0.1323	0.1865	21.4916	1.0015
89.4150	69.4652	-55.5628	1.0000	93.2812	71.7813	92.8456	1.0000	6.0000	0.8656	0.2822	0.0316	51.7461	1.3313
70.6643	89.8511	-41.3934	1.0000	72.8976	95.6107	120.0624	1.0000	9.0000	0.4580	0.0439	0.3340	38.0436	1.4569
38.6682	13.2368	-64.1361	1.0000	47.6115	19.1430	73.8016	1.0000	14.0000	0.0478	0.8086	0.1800	82.4981	1.3063
82.6532	74.2109	230.7275	1.0000	52.2053	86.0233	117.8268	1.0000	39.0000	0.0441	0.1398	0.3092	31.2177	1.1942
20.7274	76.6623	10.5703	1.0000	41.2645	95.2901	61.3213	1.0000	30.0000	0.1747	0.0471	0.3187	30.3473	1.0820
53.9613	23.9530	78.0770	1.0000	53.9707	24.9530	89.4636	1.0000	1.0000	0.0794	0.7505	0.0060	75.1539	1.0000
24.5805	25.7490	94.7988	1.0000	47.5312	64.1679	70.2339	1.0000	45.0000	0.0494	0.3583	0.2196	40.9967	1.0055
11.4335	10.2412	-31.2070	1.0000	47.6214	38.8584	72.4699	1.0000	53.0000	0.0476	0.6114	0.1948	63.6495	1.1488
67.3723	95.5174	22.9514	1.0000	68.0601	96.2433	46.5433	1.0000	1.0000	0.3612	0.0376	0.4829	47.2098	1.0000
41.6765	23.2812	239.4917	1.0000	37.6702	25.3320	90.9780	1.0000	6.0000	0.2466	0.7467	0.0109	75.6854	1.3331
95.0389	72.1512	5.8688	1.0000	54.2342	95.5763	126.2699	1.0000	55.0000	0.0847	0.0442	0.4030	36.7832	1.1690
23.2572	21.6420	162.2446	1.0000	22.1242	24.2267	89.3169	1.0000	3.0000	0.5575	0.7577	0.0076	80.7410	1.0630
89.2443	83.4717	144.0966	1.0000	55.8506	95.6345	128.4935	1.0000	38.0000	0.1170	0.0437	0.4277	39.1795	1.0692
23.4510	60.3246	-16.9265	1.0000	47.5921	87.3887	72.0334	1.0000	40.0000	0.0482	0.1261	0.1996	22.0826	1.1029
61.4277	78.0892	-56.6704	1.0000	55.5810	95.0708	128.4905	1.0000	24.0000	0.1116	0.0493	0.4277	39.2041	1.3363
51.2533	49.7265	119.2634	1.0000	50.8099	50.6228	116.3234	1.0000	1.0000	0.0162	0.4938	0.2925	55.9614	1.0000
83.5988	57.3302	-35.8372	1.0000	86.8407	59.8707	87.7645	1.0000	5.0000	0.7368	0.4013	0.0248	54.5215	1.2139
23.4876	97.7704	-86.6748	1.0000	23.6328	96.7809	-81.6528	1.0000	1.0000	0.5273	0.0322	1.9073	173.6960	1.0000
81.0448	71.2135	246.0798	1.0000	52.4840	79.8155	118.4015	1.0000	38.0000	0.0497	0.2018	0.3156	34.9318	1.2740
74.2458	1.7518	1.6684	1.0000	52.0919	30.7069	117.2722	1.0000	40.0000	0.0418	0.6929	0.3030	74.4962	1.0971
67.0629	28.1797	-80.8861	1.0000	52.4562	55.7661	118.3619	1.0000	40.0000	0.0491	0.4423	0.3151	52.6029	1.2814
27.0663	75.3296	133.3537	1.0000	26.8048	77.2690	85.7712	1.0000	2.0000	0.4639	0.2273	0.0470	32.7505	1.0220
36.6757	17.7377	16.9365	1.0000	47.6407	36.5979	71.8395	1.0000	22.0000	0.0472	0.6340	0.2018	65.9939	1.0084
43.3610	89.1006	-34.1056	1.0000	47.9408	89.9821	40.8944	1.0000	5.0000	0.0412	0.1002	0.5456	50.1593	1.0721
67.9722	70.3503	224.5471	1.0000	52.1388	82.3794	117.4756	1.0000	22.0000	0.0428	0.1762	0.3053	32.7104	1.1064
15.3850	64.7365	14.1971	1.0000	47.1709	95.9239	68.2228	1.0000	48.0000	0.0566	0.0408	0.2420	22.3353	1.0779
55.7009	88.7954	234.9022	1.0000	52.0458	87.6521	174.7673	1.0000	4.0000	0.0409	0.1235	0.9419	85.6864	1.0445
59.4676	98.4664	2.7010	1.0000	60.3609	98.9159	26.7109	1.0000	1.0000	0.2072	0.0108	0.7032	64.1407	1.0000
69.5165	88.5613	99.2007	1.0000	65.2185	95.2653	128.0594	1.0000	8.0000	0.3044	0.0473	0.4229	41.2618	1.0046
23.8454	60.6676	94.0991	1.0000	45.3047	95.3220	60.3589	1.0000	41.0000	0.0939	0.0468	0.3293	30.3731	1.0059
43.9541	52.9424	-83.8891	1.0000	47.5843	50.0144	-8.8891	1.0000	5.0000	0.0483	0.4999	1.0988	110.8308	1.0721
56.0638	93.3784	-83.0175	1.0000	60.6846	95.5561	94.1123	1.0000	8.0000	0.2137	0.0444	0.0457	12.2808	1.5661
78.7125	36.2637	159.1463	1.0000	52.2300	53.3907	118.5544	1.0000	34.0000	0.0446	0.4661	0.3173	54.7061	1.0781
66.0616	20.3184	182.0191	1.0000	52.2827	33.9028	118.7878	1.0000	20.0000	0.0457	0.6610	0.3199	72.1303	1.0336
2.7194	60.0455	170.8403	1.0000	31.3864	95.4445	52.3322	1.0000	48.0000	0.3723	0.0456	0.4185	42.2620	1.0538
21.5211	38.9245	94.1902	1.0000	47.7055	81.0654	72.1500	1.0000	50.0000	0.0459	0.1893	0.1983	26.1229	1.0078
75.3280	18.1721	106.4702	1.0000	52.2777	43.6318	118.6146	1.0000	35.0000	0.0456	0.5637	0.3179	63.2563	1.0191
15.5624	37.6399	119.1393	1.0000	15.4866	38.6370	94.3422	1.0000	1.0000	0.6903	0.6136	0.0482	70.5368	1.0000
63.8958	89.3395	247.1405	1.0000	52.3246	93.8007	117.3365	1.0000	15.0000	0.0465	0.0620	0.3037	28.1268	1.2095
0.1341	94.6079	55.4184	1.0000	0.7543	95.3923	51.6713	1.0000	1.0000	0.9849	0.0461	0.4259	62.5736	1.0000
59.2564	82.3620	151.4431	1.0000	52.3883	90.7834	118.2886	1.0000	11.0000	0.0478	0.0922	0.3143	29.8479	1.0122
21.3353	45.1463	228.1223	1.0000	47.7412	93.4076	72.7922	1.0000	61.0000	0.0452	0.0659	0.1912	18.5653	1.1088
30.0804	0.5480	119.8775	1.0000	47.5759	33.9950	70.7073	1.0000	38.0000	0.0485	0.6601	0.2144	68.8095	1.0067
28.6978	6.4289	240.0417	1.0000	47.6956	47.6007	72.5769	1.0000	52.0000	0.0461	0.5240	0.1936	55.2681	1.1468
25.5709	11.2649	125.8028	1.0000	47.7311	50.9807	72.7619	1.0000	46.0000	0.0454	0.4902	0.1915	52.0114	1.0114
28.1213	15.5860	-22.5984	1.0000	47.5508	41.0111	73.5080	1.0000	35.0000	0.0490	0.5899	0.1832	61.2999	1.0938
35.3154	82.2964	11.1406	1.0000	43.6334	95.7000	61.9655	1.0000	16.0000	0.1273	0.0430	0.3115	29.0681	1.0143
51.1812	20.6723	193.2831	1.0000	50.1816	20.7030	178.2379	1.0000	1.0000	0.0036	0.7930	0.9804	118.6338	1.0000
96.3018	12.7514	107.9027	1.0000	52.0892	36.4433	117.2624	1.0000	55.0000	0.0418	0.6356	0.3029	69.1886	1.0965
53.6892	82.7422	201.8158	1.0000	51.7072	82.7706	171.5465	1.0000	2.0000	0.0341	0.1723	0.9061	83.3642	1.0089
26.5317	18.2222	242.5136	1.0000	47.6728	61.3700	71.9557	1.0000	55.0000	0.0465	0.3863	0.2005	42.7000	1.1447
24.5645	83.4001	88.2767	1.0000	32.9118	95.6630	61.1472	1.0000	15.0000	0.3418	0.0434	0.3206	33.8127	1.0112
64.1043	58.9110	-73.0442	1.0000	52.1684	84.4028	117.6224	1.0000	36.0000	0.0434	0.1560	0.3069	31.7958	1.2790
6.2188	1.0894	266.9324	1.0000	4.9845	-0.4245	218.4024	0.0000	2.0000	0.9003	1.0042	1.4267	169.1114	1.0239
50.0467	43.8686	120.0483	1.0000	49.6234	44.7746	115.0441	1.0000	1.0000	0.0075	0.5523	0.2783	60.6399	1.0000
0.8053	68.1740	168.1609	1.0000	-0.4780	69.6457	118.5981	0.0000	2.0000	1.0096	0.3035	0.3178	65.4772	1.0242
12.8449	26.4057	-34.0359	1.0000	47.5066	53.7274	70.6523	1.0000	51.0000	0.0499	0.4627	0.2150	50.2165	1.1555
46.5095	70.9168	158.0761	1.0000	45.4546	73.5654	89.7007	1.0000	3.0000	0.0909	0.2643	0.0033	26.8242	1.0523
54.2445	53.2310	94.2899	1.0000	52.2514	59.9399	105.1173	1.0000	7.0000	0.0450	0.4006	0.1680	42.8767	1.0002
1.2963	30.8331	227.6516	1.0000	-0.6271	30.4889	177.8204	0.0000	2.0000	1.0125	0.6951	0.9758	122.9118	1.0236
43.6470	64.7126	94.1546	1.0000	47.5804	78.1350	76.9581	1.0000	14.0000	0.0484	0.2187	0.1449	25.5739	1.0009
64.9037	10.2629	19.4103	1.0000	52.2319	33.4347	118.5291	1.0000	28.0000	0.0446	0.6657	0.3170	72.4557	1.0602
27.8419	38.4618	69.0150	1.0000	47.6310	73.1262	71.8664	1.0000	40.0000	0.0474	0.2687	0.2015	32.5060	1.0021
6.9349	98.0714	8.3851	1.0000	7.9217	98.2328	9.2903	1.0000	1.0000	0.8416	0.0177	0.8968	91.0371	1.0000
10.1749	26.8747	180.3480	1.0000	47.6027	84.7100	71.5194	1.0000	72.0000	0.0479	0.1529	0.2053	24.1052	1.0452
64.6502	24.7436	-26.0701	1.0000	52.3703	49.7391	118.4340	1.0000	32.0000	0.0474	0.5026	0.3159	57.7950	1.1490
70.0513	91.2056	259.9329	1.0000	54.7840	95.0428	128.5095	1.0000	21.0000	0.0957	0.0496	0.4279	39.1208	1.3340
87.1752	15.9346	141.4335	1.0000	52.1543	34.3989	117.5517	1.0000	43.0000	0.0431	0.6560	0.3061	71.1845	1.0861
42.7077	65.4343	189.0483	1.0000	40.5346	68.2345	90.4270	1.0000	4.0000	0.1893	0.3177	0.0047	33.1485	1.1285
16.6146	87.4217	190.8275	1.0000	14.3583	90.1557	92.1908	1.0000	4.0000	0.7128	0.0984	0.0243	37.0411	1.1284
1.4320	79.0738	162.0911	1.0000	0.3562	81.6748	87.4971	1.0000	3.0000	0.9929	0.1833	0.0278	52.9773	1.0658
25.2398	47.6787	250.8249	1.0000	47.5803	91.6341	70.7892	1.0000	57.0000	0.0484	0.0837	0.2135	21.0926	1.1560
94.4214	68.4905	148.5732	1.0000	52.1637	85.8280	117.5987	1.0000	50.0000	0.0433	0.1417	0.3067	31.1001	1.0947
42.4203	43.1753	187.6769	1.0000	40.3119	46.0248	89.1023	1.0000	4.0000	0.1938	0.5398	0.0100	54.8452	1.1285
18.3442	69.5075	49.3641	1.0000	38.4946	95.3102	60.2427	1.0000	33.0000	0.2301	0.0469	0.3306	32.2470	1.0080
65.0373	88.2274	-45.7473	1.0000	68.9453	91.0383	86.6995	1.0000	6.0000	0.3789	0.0896	0.0367	21.2162	1.2464
74.5628	1.0009	115.4136	1.0000	52.3735	24.6910	118.4183	1.0000	33.0000	0.0475	0.7531	0.3158	80.5275	1.0167
53.3053	28.0483	-79.9968	1.0000	58.3379	29.4617	85.7081	1.0000	8.0000	0.1668	0.7054	0.0477	71.1590	1.5304
38.9983	92.4326	219.6251	1.0000	35.7754	95.7481	79.1849	1.0000	6.0000	0.2845	0.0425	0.1202	18.3680	1.2976
38.9170	41.2935	194.2065	1.0000	47.7364	78.0630	74.5893	1.0000	40.0000	0.0453	0.2194	0.1712	26.9044	1.0579
85.8989	90.3150	45.0256	1.0000	86.1744	92.2478	94.4270	1.0000	2.0000	0.7235	0.0775	0.0492	37.2597	1.0244
14.7160	5.7246	-76.9115	1.0000	18.4831	-0.0486	-41.8501	0.0000	7.0000	0.6303	1.0005	1.4650	168.4858	1.0154
92.7818	22.0399	8.4291	1.0000	52.0842	49.4618	117.2442	1.0000	57.0000	0.0417	0.5054	0.3027	57.4517	1.1615
60.5129	16.5438	-13.4301	1.0000	63.0550	20.1458	90.2953	1.0000	5.0000	0.2611	0.7985	0.0033	80.9149	1.1341
45.2312	59.6917	-9.9829	1.0000	47.9860	60.6953	35.0171	1.0000	3.0000	0.0403	0.3930	0.6109	67.6168	1.0232
63.7776	56.9900	-75.7116	1.0000	68.3884	58.6938	85.5406	1.0000	7.0000	0.3678	0.4131	0.0495	45.4337	1.4241
57.1003	91.8072	201.2300	1.0000	52.1321	94.1888	116.2836	1.0000	6.0000	0.0426	0.0581	0.2920	27.0026	1.0890
62.2354	27.6726	174.1816	1.0000	52.4142	36.9632	118.2521	1.0000	14.0000	0.0483	0.6304	0.3139	69.1205	1.0356
94.7903	94.0462	268.2182	1.0000	53.9989	95.5194	123.6032	1.0000	52.0000	0.0800	0.0448	0.3734	34.1356	1.2739
20.9036	89.5634	170.5834	1.0000	20.9598	95.6193	58.2039	1.0000	7.0000	0.5808	0.0438	0.3533	43.2841	1.1558
47.8872	72.1436	57.8157	1.0000	48.3296	73.0404	63.7462	1.0000	1.0000	0.0334	0.2696	0.2917	37.6679	1.0000
61.9512	57.1892	173.6481	1.0000	52.2045	66.5541	118.6841	1.0000	14.0000	0.0441	0.3345	0.3187	44.1165	1.0358
67.7639	79.0436	58.8713	1.0000	67.9665	81.0111	92.6431	1.0000	2.0000	0.3593	0.1899	0.0294	26.2747	1.0112
41.6346	92.0981	133.0988	1.0000	42.0303	95.9416	72.1328	1.0000	4.0000	0.1594	0.0406	0.1985	19.9806	1.0352
99.1421	48.4994	150.7611	1.0000	52.4878	64.8760	118.4074	1.0000	54.0000	0.0498	0.3512	0.3156	45.2423	1.0921
43.2866	4.7409	-73.4437	1.0000	48.3460	2.8045	16.5563	1.0000	6.0000	0.0331	0.9720	0.8160	121.8346	1.1076
28.8176	26.7044	-30.9025	1.0000	47.5351	51.0277	73.6489	1.0000	34.0000	0.0493	0.4897	0.1817	51.6887	1.1078
57.3273	38.3949	68.3820	1.0000	52.2721	48.9857	118.4865	1.0000	12.0000	0.0454	0.5101	0.3165	58.4730	1.0225
2.0102	50.2691	108.3549	1.0000	38.7351	95.6338	60.0155	1.0000	59.0000	0.2253	0.0437	0.3332	32.3269	1.0109
1.0371	66.6668	158.9115	1.0000	23.5708	95.0157	45.0000	1.0000	38.0000	0.5286	0.0498	0.5000	52.4247	1.0493
52.5846	65.1469	53.6682	1.0000	53.1811	68.0521	88.7090	1.0000	3.0000	0.0636	0.3195	0.0143	32.1319	1.0115
68.2415	98.8119	202.2023	1.0000	67.2547	98.6500	189.3188	1.0000	1.0000	0.3451	0.0135	1.1035	100.8155	1.0000
60.4880	41.0908	184.5280	1.0000	52.3221	47.5994	117.4666	1.0000	11.0000	0.0464	0.5240	0.3052	59.2084	1.0534
56.4759	58.4126	217.9940	1.0000	51.8799	59.0131	139.6784	1.0000	5.0000	0.0376	0.4099	0.5520	64.4314	1.0787
39.1278	19.7702	-4.0507	1.0000	47.7302	33.6558	76.3792	1.0000	17.0000	0.0454	0.6634	0.1513	67.7660	1.0408
5.1054	42.5706	251.5247	1.0000	41.9801	95.6765	60.0127	1.0000	73.0000	0.1604	0.0432	0.3332	31.3409	1.1291
30.8260	86.9321	264.6174	1.0000	30.7486	95.1795	46.1808	1.0000	16.0000	0.3850	0.0482	0.4869	48.1038	1.9399
18.4091	12.9129	145.4762	1.0000	47.5322	60.4299	70.5594	1.0000	57.0000	0.0494	0.3957	0.2160	44.1568	1.0228
41.8768	44.4613	-82.5523	1.0000	48.2840	42.7383	37.4477	1.0000	8.0000	0.0343	0.5726	0.5839	77.7406	1.2057
46.9800	91.3976	245.5183	1.0000	42.3911	92.9853	87.9148	1.0000	7.0000	0.1522	0.0701	0.0232	10.5569	1.4416
82.9519	39.3342	158.8189	1.0000	52.3080	55.9185	118.8105	1.0000	38.0000	0.0462	0.4408	0.3201	52.7120	1.0906
8.0381	64.3613	-64.8604	1.0000	47.5429	88.6936	72.8120	1.0000	59.0000	0.0491	0.1131	0.1910	20.7195	1.2716
83.3961	10.8294	255.4047	1.0000	52.2600	18.0454	118.1604	1.0000	42.0000	0.0452	0.8195	0.3129	86.6872	1.3141
77.3080	82.4044	91.3921	1.0000	60.9931	95.6938	130.0360	1.0000	22.0000	0.2199	0.0431	0.4448	41.7406	1.0455
16.1514	99.0710	218.6550	1.0000	15.1800	98.8337	193.7289	1.0000	1.0000	0.6964	0.0117	1.1525	109.4234	1.0000
12.1741	17.8713	52.0531	1.0000	47.5685	66.8393	70.7529	1.0000	61.0000	0.0486	0.3316	0.2139	38.4187	1.0096
9.9146	75.2553	121.9773	1.0000	25.8744	95.0102	45.0001	1.0000	26.0000	0.4825	0.0499	0.5000	51.3024	1.0238
37.0275	39.7712	122.6557	1.0000	47.7360	74.0061	74.4197	1.0000	36.0000	0.0453	0.2599	0.1731	30.3901	1.0036
33.1930	88.1772	266.0268	1.0000	31.3238	95.1083	60.8048	1.0000	14.0000	0.3735	0.0489	0.3244	35.0013	1.9502
48.8673	63.9098	-60.1635	1.0000	49.5724	63.2007	-45.1635	1.0000	1.0000	0.0086	0.3680	1.5018	140.0840	1.0000
12.9218	11.5714	11.5575	1.0000	47.5783	44.6723	72.4459	1.0000	52.0000	0.0484	0.5533	0.1950	58.0962	1.0850
46.5873	42.5621	249.6042	1.0000	42.0317	44.0366	88.4911	1.0000	7.0000	0.1594	0.5596	0.0168	56.5480	1.4619
80.7546	49.7666	141.7400	1.0000	52.4676	68.1816	118.3775	1.0000	36.0000	0.0494	0.3182	0.3153	42.7057	1.0666
69.8541	34.1779	49.0636	1.0000	52.2883	61.3518	118.9616	1.0000	33.0000	0.0458	0.3865	0.3218	48.3497	1.0199
44.7753	28.2443	262.6091	1.0000	40.2509	29.4525	90.7815	1.0000	7.0000	0.1950	0.7055	0.0087	71.2223	1.4948
16.6435	4.5029	27.1749	1.0000	47.6167	41.2074	72.1564	1.0000	50.0000	0.0477	0.5879	0.1983	61.4869	1.0411
28.3237	22.6378	131.0641	1.0000	47.5612	59.4746	70.5776	1.0000	42.0000	0.0488	0.4053	0.2158	45.0054	1.0106
34.9525	92.0830	11.8056	1.0000	38.0813	95.8002	61.9009	1.0000	5.0000	0.2384	0.0420	0.3122	30.8099	1.0291
30.3358	82.9482	130.2122	1.0000	35.7785	95.4739	60.1210	1.0000	14.0000	0.2844	0.0453	0.3320	33.3990	1.0251
62.7906	89.2917	184.9790	1.0000	54.0918	95.4176	124.8792	1.0000	11.0000	0.0818	0.0458	0.3875	35.4161	1.0339
73.4143	86.1576	-54.0895	1.0000	77.3722	88.4252	90.3271	1.0000	6.0000	0.5474	0.1157	0.0036	29.7207	1.3154
90.7350	31.3521	168.9490	1.0000	52.2100	47.3251	117.8574	1.0000	46.0000	0.0442	0.5267	0.3095	59.6286	1.1030
45.2201	45.0544	-5.0628	1.0000	47.8786	46.2906	39.9372	1.0000	3.0000	0.0424	0.5371	0.5563	73.4540	1.0232
41.3420	64.3528	123.8946	1.0000	47.6953	86.3250	74.6548	1.0000	23.0000	0.0461	0.1368	0.1705	20.6831	1.0056
2.2392	26.7644	-49.4409	1.0000	47.7538	55.5692	74.5228	1.0000	64.0000	0.0449	0.4443	0.1720	47.1029	1.1882
80.0458	80.8025	112.9627	1.0000	58.4976	95.1644	128.5530	1.0000	27.0000	0.1700	0.0484	0.4284	39.7735	1.0426
4.5645	33.2455	102.8210	1.0000	47.5884	92.4222	71.0505	1.0000	74.0000	0.0482	0.0758	0.2105	20.5505	1.0114
54.3485	40.3952	75.2541	1.0000	54.3667	41.3951	88.9521	1.0000	1.0000	0.0873	0.5860	0.0116	58.7767	1.0000
10.2404	86.2706	145.6311	1.0000	14.4558	95.5449	46.0551	1.0000	11.0000	0.7109	0.0446	0.4883	56.6956	1.0798
85.9396	40.6481	5.9392	1.0000	52.2170	68.0583	118.6266	1.0000	50.0000	0.0443	0.3194	0.3181	42.9496	1.1506
58.9165	7.7109	198.8368	1.0000	52.3698	11.2837	117.6620	1.0000	8.0000	0.0474	0.8872	0.3074	92.9590	1.0726
94.8109	15.1174	104.4881	1.0000	52.4566	38.5740	118.3624	1.0000	53.0000	0.0491	0.6143	0.3151	67.7024	1.0947
39.1412	52.6138	180.4595	1.0000	47.6414	88.1029	73.5100	1.0000	38.0000	0.0472	0.1190	0.1832	20.4700	1.0413
26.2691	39.6144	209.4437	1.0000	23.2032	42.4229	89.1597	1.0000	5.0000	0.5359	0.5758	0.0093	63.5130	1.2026
47.0257	44.1331	96.2877	1.0000	47.6249	47.0639	73.7762	1.0000	3.0000	0.0475	0.5294	0.1803	55.4174	1.0029
63.4698	20.3209	136.4621	1.0000	52.2034	35.5565	117.8150	1.0000	19.0000	0.0441	0.6444	0.3091	70.2246	1.0027
89.6160	10.5897	136.3236	1.0000	52.4772	29.0694	118.3913	1.0000	45.0000	0.0495	0.7093	0.3155	76.4418	1.0848
0.1281	47.4178	266.4046	1.0000	-0.3312	46.5295	242.6582	0.0000	1.0000	1.0066	0.5347	1.6962	169.4015	1.0000
47.8300	59.7250	83.2042	1.0000	48.0371	60.7033	78.0434	1.0000	1.0000	0.0393	0.3930	0.1329	41.1223	1.0000
40.3608	74.0810	156.7515	1.0000	45.8138	95.7562	72.9143	1.0000	23.0000	0.0837	0.0424	0.1898	18.0958	1.0291
93.3511	82.6986	155.7655	1.0000	54.5336	95.2729	128.4910	1.0000	44.0000	0.0907	0.0473	0.4277	39.0442	1.0783
77.1445	12.6043	-12.5760	1.0000	52.2465	40.6503	118.3353	1.0000	43.0000	0.0449	0.5935	0.3148	65.8052	1.1466
29.8796	30.8774	237.7858	1.0000	47.6533	70.6854	71.8424	1.0000	50.0000	0.0469	0.2931	0.2018	34.5623	1.1469
6.0163	96.0667	102.6533	1.0000	6.1744	97.0541	80.9049	1.0000	1.0000	0.8765	0.0295	0.1011	44.8562	1.0000
97.0643	48.5587	146.2352	1.0000	52.0474	66.3438	117.1190	1.0000	53.0000	0.0409	0.3366	0.3013	43.2709	1.0950
11.6818	2.1017	224.6972	1.0000	47.5722	59.7767	70.9042	1.0000	74.0000	0.0486	0.4022	0.2122	44.5921	1.0894
83.4250	41.2498	211.1241	1.0000	52.1648	55.4589	117.6039	1.0000	39.0000	0.0433	0.4454	0.3067	52.4459	1.1358
30.5913	47.7782	109.0478	1.0000	30.6654	48.7754	85.7497	1.0000	1.0000	0.3867	0.5122	0.0472	54.9167	1.0000
70.0180	83.8357	-56.4008	1.0000	74.1525	85.8599	85.6225	1.0000	6.0000	0.4830	0.1414	0.0486	28.3275	1.3034
16.1570	92.5941	89.4847	1.0000	17.1994	95.3991	64.6062	1.0000	3.0000	0.6560	0.0460	0.2822	41.7360	1.0026
21.6046	0.4433	232.3800	1.0000	20.7213	-0.0255	207.9574	0.0000	1.0000	0.5856	1.0003	1.3106	157.4048	1.0000
29.6190	31.6635	79.2495	1.0000	47.5731	63.9760	70.5327	1.0000	37.0000	0.0485	0.3602	0.2163	41.0194	1.0009
19.8668	9.2302	41.3290	1.0000	47.6103	48.8583	71.3025	1.0000	49.0000	0.0478	0.5114	0.2078	54.5049	1.0129
42.1032	63.4131	-27.5422	1.0000	47.5073	66.5688	62.9106	1.0000	7.0000	0.0499	0.3343	0.3010	43.1010	1.1186
75.6763	57.5240	192.5945	1.0000	52.1699	73.0047	117.6304	1.0000	31.0000	0.0434	0.2700	0.3070	38.6897	1.1014
50.8834	54.5166	148.3206	1.0000	50.3056	55.3328	125.2942	1.0000	1.0000	0.0061	0.4467	0.3922	56.9292	1.0000
23.5050	36.8366	88.1215	1.0000	47.5749	76.8783	70.9311	1.0000	47.0000	0.0485	0.2312	0.2119	30.0686	1.0060
98.1506	61.3853	237.2799	1.0000	52.2181	71.6901	117.9101	1.0000	55.0000	0.0444	0.2831	0.3101	39.8164	1.1684
19.8105	29.8926	-83.5772	1.0000	47.6844	47.3182	75.4345	1.0000	49.0000	0.0463	0.5268	0.1618	54.7073	1.4906
73.9749	84.0633	173.5703	1.0000	55.5188	95.3643	128.4919	1.0000	23.0000	0.1104	0.0464	0.4277	39.1609	1.0628
68.6515	80.1945	254.7443	1.0000	52.2158	89.2971	118.5259	1.0000	23.0000	0.0443	0.1070	0.3170	30.5482	1.2242
69.5285	53.6397	31.7142	1.0000	52.2960	81.6088	118.9018	1.0000	34.0000	0.0459	0.1839	0.3211	34.3340	1.0350
4.3584	3.0404	104.8465	1.0000	47.5467	62.1219	70.5312	1.0000	74.0000	0.0491	0.3788	0.2163	42.6592	1.0112
63.4621	26.2042	141.0613	1.0000	52.1303	41.3729	117.4378	1.0000	19.0000	0.0426	0.5863	0.3049	64.7650	1.0035
76.5735	11.4574	269.0735	1.0000	52.2363	16.1499	118.4701	1.0000	37.0000	0.0447	0.8385	0.3163	88.5798	1.4928
11.8851	64.4300	-20.3162	1.0000	47.4882	95.0602	72.4343	1.0000	53.0000	0.0502	0.0494	0.1952	18.4191	1.1285
74.7361	73.5628	180.7339	1.0000	52.2011	89.6233	117.8006	1.0000	30.0000	0.0440	0.1038	0.3089	29.7556	1.0841
77.4020	1.5499	69.0288	1.0000	77.3437	2.5482	93.3421	1.0000	1.0000	0.5469	0.9745	0.0371	101.2705	1.0000
71.0968	4.3180	-69.2843	1.0000	52.4359	31.8609	118.3369	1.0000	42.0000	0.0487	0.6814	0.3149	73.8366	1.2624
85.2723	2.7691	233.0012	1.0000	81.3610	-0.2840	207.9581	0.0000	5.0000	0.6272	1.0028	1.3106	157.9699	1.0077
39.0029	45.4831	94.6103	1.0000	47.5777	72.1145	76.0033	1.0000	28.0000	0.0484	0.2789	0.1555	31.2950	1.0008
57.8103	10.7169	212.5726	1.0000	52.4309	12.1516	130.3710	1.0000	6.0000	0.0486	0.8785	0.4486	96.7113	1.0777
95.2633	59.2079	110.8019	1.0000	52.3424	81.8408	118.5812	1.0000	53.0000	0.0468	0.1816	0.3176	33.9430	1.0923
90.8117	76.1284	84.9723	1.0000	55.4459	95.7340	128.4919	1.0000	44.0000	0.1089	0.0427	0.4277	39.1086	1.0881
31.9139	16.0064	224.2871	1.0000	47.5888	53.7610	71.0403	1.0000	46.0000	0.0482	0.4624	0.2107	50.0332	1.1253
27.3216	59.6003	210.0848	1.0000	24.2066	62.3640	90.2943	1.0000	5.0000	0.5159	0.3764	0.0033	45.6274	1.2007
6.5346	19.9481	265.5193	1.0000	1.9819	20.9615	93.1426	1.0000	7.0000	0.9604	0.7904	0.0349	92.5349	1.5008
1.3763	14.2934	-40.5606	1.0000	47.5655	44.4899	72.4459	1.0000	64.0000	0.0487	0.5551	0.1950	58.2704	1.1598
25.1226	25.6583	-4.3348	1.0000	47.6669	55.1866	75.2019	1.0000	40.0000	0.0467	0.4481	0.1644	47.2511	1.0767
41.3915	92.0014	-39.7993	1.0000	47.6066	94.9621	63.7684	1.0000	8.0000	0.0479	0.0504	0.2915	26.8180	1.1621
43.2484	15.8277	82.3397	1.0000	47.5636	30.1843	75.1456	1.0000	15.0000	0.0487	0.6982	0.1650	71.4200	1.0006
72.4385	26.7654	219.8086	1.0000	52.0791	40.2588	117.2260	1.0000	28.0000	0.0416	0.5974	0.3025	65.6855	1.1464
51.2613	48.1315	266.3384	1.0000	50.9413	47.1840	251.3384	1.0000	1.0000	0.0188	0.5282	1.7926	169.7660	1.0000
69.2069	37.9602	5.6795	1.0000	52.2675	67.1447	118.2920	1.0000	36.0000	0.0453	0.3286	0.3144	43.4172	1.0668
44.0060	23.8127	-80.3856	1.0000	47.8084	21.1120	-5.3856	1.0000	5.0000	0.0438	0.7889	1.0598	123.8004	1.0721
1.3875	59.7403	199.2425	1.0000	-0.4790	60.3239	150.5458	0.0000	2.0000	1.0096	0.3968	0.6727	88.2503	1.0227
62.7699	23.6105	103.8023	1.0000	52.1858	39.2933	117.7144	1.0000	19.0000	0.0437	0.6071	0.3079	66.7695	1.0042
95.7940	76.8426	-17.5599	1.0000	58.3263	95.0516	128.5846	1.0000	51.0000	0.1665	0.0495	0.4287	39.7817	1.2243
12.0585	89.1485	27.3647	1.0000	23.6038	95.1240	27.3647	1.0000	13.0000	0.5279	0.0488	0.6959	68.1448	1.0000
70.9021	85.7032	-89.0409	1.0000	67.1173	95.0860	154.6253	1.0000	20.0000	0.3423	0.0491	0.7181	67.0342	1.9768
99.5036	62.1180	-72.7410	1.0000	100.1687	61.3712	-48.3134	0.0000	1.0000	1.0034	0.3863	1.5368	152.1173	1.0000
0.3383	87.7958	-89.8625	1.0000	41.2853	95.6773	60.6087	1.0000	56.0000	0.1743	0.0432	0.3266	30.9593	1.3430
81.7004	55.0781	260.4545	1.0000	52.2249	61.2567	118.6221	1.0000	41.0000	0.0445	0.3874	0.3180	48.2205	1.3614
81.8372	55.9248	-84.8347	1.0000	86.3881	56.9780	87.3623	1.0000	7.0000	0.7278	0.4302	0.0293	56.4087	1.4985
53.5786	37.8214	0.9574	1.0000	52.4670	47.9226	118.8431	1.0000	12.0000	0.0493	0.5208	0.3205	59.5824	1.1808
54.0559	39.6657	-44.4764	1.0000	52.2345	52.7490	118.0290	1.0000	18.0000	0.0447	0.4725	0.3114	54.9843	1.3627
0.5732	16.4135	115.9590	1.0000	0.5573	17.4134	90.9103	1.0000	1.0000	0.9889	0.8259	0.0101	96.2599	1.0000
17.2211	8.0667	46.5680	1.0000	47.6408	52.0587	71.8873	1.0000	54.0000	0.0472	0.4794	0.2013	51.3031	1.0096
41.5309	20.3439	58.9515	1.0000	47.7219	32.8592	74.1595	1.0000	14.0000	0.0456	0.6714	0.1760	69.0217	1.0027
48.1727	97.2246	51.9342	1.0000	48.6417	98.1079	62.0354	1.0000	1.0000	0.0272	0.0189	0.3107	28.0615	1.0000
27.9170	77.6000	-5.2704	1.0000	43.2771	95.0795	60.1494	1.0000	25.0000	0.1345	0.0492	0.3317	30.9914	1.0744
85.0625	2.3661	192.9594	1.0000	52.3502	17.2393	118.5378	1.0000	40.0000	0.0470	0.8276	0.3171	87.5743	1.1131
91.9185	30.2610	240.0243	1.0000	52.2199	40.3651	117.9216	1.0000	49.0000	0.0444	0.5963	0.3102	65.8853	1.1962
72.4201	44.4322	-69.3917	1.0000	52.1999	71.3777	117.7930	1.0000	43.0000	0.0440	0.2862	0.3088	39.9566	1.2764
30.5985	47.1607	140.2067	1.0000	30.0839	49.0505	93.5528	1.0000	2.0000	0.3983	0.5095	0.0395	54.8190	1.0211
87.4122	53.2019	48.5676	1.0000	52.3914	79.1851	118.3358	1.0000	48.0000	0.0478	0.2081	0.3148	35.2406	1.1007
65.1486	64.0616	22.4382	1.0000	52.2871	87.2207	118.9323	1.0000	28.0000	0.0457	0.1278	0.3215	31.7115	1.0570
46.0051	82.6220	-32.2326	1.0000	47.9595	82.2868	-2.2326	1.0000	2.0000	0.0408	0.1771	1.0248	93.9403	1.0086
54.4285	59.6351	146.7163	1.0000	52.2436	62.9475	117.9479	1.0000	4.0000	0.0449	0.3705	0.3105	46.4651	1.0081
33.1973	43.6901	107.5406	1.0000	47.6473	89.4273	73.5675	1.0000	48.0000	0.0471	0.1057	0.1826	19.6811	1.0007
91.4602	58.3197	169.7195	1.0000	52.0861	74.4936	117.2511	1.0000	47.0000	0.0417	0.2551	0.3028	37.3838	1.1042
1.4663	96.6237	50.2900	1.0000	2.1332	97.3689	48.1712	1.0000	1.0000	0.9573	0.0263	0.4648	63.6223	1.0000
69.3926	58.5860	8.5673	1.0000	52.3525	87.8595	118.5258	1.0000	36.0000	0.0470	0.1214	0.3170	31.0909	1.0628
15.3352	13.5407	171.0111	1.0000	47.7037	65.9129	72.2963	1.0000	64.0000	0.0459	0.3409	0.1967	38.4789	1.0395
7.5001	47.4888	-32.0225	1.0000	47.5673	76.8794	71.9915	1.0000	57.0000	0.0487	0.2312	0.2001	29.4073	1.1471
2.7388	87.0010	60.0653	1.0000	10.1842	95.0765	45.0425	1.0000	11.0000	0.7963	0.0492	0.4995	60.2554	1.0015
90.7991	74.9500	39.5051	1.0000	91.2434	76.8509	89.4016	1.0000	2.0000	0.8249	0.2315	0.0066	47.2996	1.0245
82.6320	27.4657	204.2538	1.0000	52.2091	42.1908	117.8511	1.0000	38.0000	0.0442	0.5781	0.3095	64.2064	1.1243
88.9904	2.2517	76.2536	1.0000	52.4620	26.9451	118.3696	1.0000	48.0000	0.0492	0.7305	0.3152	78.4086	1.0886
8.4539	3.8972	-49.2445	1.0000	47.5894	29.5731	70.7453	1.0000	56.0000	0.0482	0.7043	0.2139	73.0514	1.1964
29.9309	80.2340	-68.0902	1.0000	46.1074	95.0033	63.4631	1.0000	28.0000	0.0779	0.0500	0.2949	27.2823	1.2783
38.6115	37.2045	228.2504	1.0000	47.6855	78.9582	73.7783	1.0000	47.0000	0.0463	0.2104	0.1802	26.6695	1.1000
52.8697	2.2146	104.6602	1.0000	52.3697	4.1511	104.0713	1.0000	2.0000	0.0474	0.9585	0.1563	96.9053	1.0000
45.4763	57.2260	94.5557	1.0000	47.5279	64.9520	73.8830	1.0000	8.0000	0.0494	0.3505	0.1791	38.6553	1.0008
1.6236	87.4574	242.6942	1.0000	-0.1412	86.6230	192.7461	0.0000	2.0000	1.0028	0.1338	1.1416	115.1080	1.0245
60.2814	76.1634	-9.9740	1.0000	62.6080	79.9083	93.6404	1.0000	5.0000	0.2522	0.2009	0.0404	23.9977	1.1341
20.2948	71.0874	258.3913	1.0000	15.8604	72.6391	86.8390	1.0000	7.0000	0.6828	0.2736	0.0351	43.8648	1.4900
51.6743	75.1564	0.7406	1.0000	52.4721	85.4341	108.5653	1.0000	12.0000	0.0494	0.1457	0.2063	23.7265	1.1641
30.8065	40.9854	-36.2216	1.0000	47.7075	63.9009	74.4803	1.0000	31.0000	0.0458	0.3610	0.1724	39.3606	1.0887
91.3390	5.4436	160.1251	1.0000	52.0564	22.1821	117.1485	1.0000	47.0000	0.0411	0.7782	0.3017	82.4433	1.1007
62.0434	44.5085	-83.0354	1.0000	66.6961	46.6690	94.4016	1.0000	8.0000	0.3339	0.5333	0.0489	56.0565	1.5595
20.9022	24.3121	-76.5772	1.0000	47.5050	42.2875	73.2673	1.0000	46.0000	0.0499	0.5771	0.1859	60.1410	1.4327
1.1549	28.9485	168.6277	1.0000	-0.1407	30.4094	119.0633	0.0000	2.0000	1.0028	0.6959	0.3229	90.5628	1.0243
74.5949	12.2416	-50.1862	1.0000	52.0614	40.0729	117.1651	1.0000	44.0000	0.0412	0.5993	0.3018	65.8290	1.2287
95.2797	70.5914	-45.1936	1.0000	53.3581	95.1697	119.0381	1.0000	61.0000	0.0672	0.0483	0.3226	29.6280	1.2553
74.4450	73.2436	205.4340	1.0000	52.0634	88.1881	117.1718	1.0000	30.0000	0.0413	0.1181	0.3019	29.7000	1.1147
49.1045	0.4339	-89.3752	1.0000	49.3738	-0.5292	-74.3752	1.0000	1.0000	0.0125	1.0053	1.8264	192.6803	1.0000
72.2855	76.0143	119.8497	1.0000	55.0481	95.3244	128.4906	1.0000	26.0000	0.1010	0.0468	0.4277	39.1008	1.0045
80.8851	64.8092	150.5995	1.0000	52.3680	82.2400	118.4453	1.0000	36.0000	0.0474	0.1776	0.3161	33.6179	1.0771
49.0088	12.9258	-14.3726	1.0000	50.0087	12.9367	0.6274	1.0000	1.0000	0.0002	0.8706	0.9930	124.7697	1.0000
94.3074	14.2222	-4.3580	1.0000	96.2593	17.1839	93.9154	1.0000	4.0000	0.9252	0.8282	0.0435	94.9408	1.1277
77.9739	77.4821	232.7678	1.0000	52.2793	88.5738	118.6696	1.0000	34.0000	0.0456	0.1143	0.3186	30.9467	1.2149
19.2399	3.6893	133.7217	1.0000	47.5691	49.7659	70.7534	1.0000	55.0000	0.0486	0.5023	0.2139	53.8499	1.0168
10.2892	54.5390	183.1806	1.0000	38.5387	95.5975	60.1591	1.0000	53.0000	0.2292	0.0440	0.3316	32.2680	1.0634
42.8306	43.0004	128.1612	1.0000	47.7655	61.1828	73.7079	1.0000	19.0000	0.0447	0.3882	0.1810	42.1569	1.0085
61.4743	42.5846	107.6923	1.0000	52.0919	56.6802	117.2727	1.0000	17.0000	0.0418	0.4332	0.3030	51.2327	1.0040
11.9780	18.6989	-16.8964	1.0000	47.5299	49.7210	72.9016	1.0000	53.0000	0.0494	0.5028	0.1900	53.1642	1.1233
83.1538	73.0425	151.9088	1.0000	52.0492	90.8955	117.1248	1.0000	39.0000	0.0410	0.0910	0.3014	28.6853	1.0874
80.2151	61.3640	210.7322	1.0000	52.4814	74.9565	118.3976	1.0000	35.0000	0.0496	0.2504	0.3155	37.9441	1.1332
41.2973	27.1663	55.0417	1.0000	47.6937	40.6873	75.7243	1.0000	15.0000	0.0461	0.5931	0.1586	61.0501	1.0028
69.9855	61.6975	18.9872	1.0000	71.1448	64.2836	89.3682	1.0000	3.0000	0.4229	0.3572	0.0070	41.5110	1.0586
97.7362	43.4224	120.7385	1.0000	52.0982	64.6974	117.2962	1.0000	55.0000	0.0420	0.3530	0.3033	44.6739	1.0923
97.4537	73.4662	-34.5500	1.0000	100.1820	74.1854	39.2760	0.0000	3.0000	1.0036	0.2581	0.5636	75.8785	1.0633
74.1475	25.2393	136.6519	1.0000	52.2858	44.2556	118.8884	1.0000	30.0000	0.0457	0.5574	0.3210	62.8268	1.0354
7.6792	17.7509	27.5378	1.0000	47.5792	59.1074	71.4551	1.0000	60.0000	0.0484	0.4089	0.2061	44.9664	1.0441
46.5053	5.7581	-88.4072	1.0000	48.0412	3.2608	-43.4072	1.0000	3.0000	0.0392	0.9674	1.4823	164.8023	1.0232
38.9896	98.8958	40.1853	1.0000	39.5606	99.7168	55.1853	1.0000	1.0000	0.2088	0.0028	0.3868	36.3473	1.0000
46.7446	45.9545	-32.5522	1.0000	47.6980	45.6529	-17.5522	1.0000	1.0000	0.0460	0.5435	1.1950	120.5254	1.0000
66.3232	39.6944	-88.7886	1.0000	52.4112	67.0235	118.3146	1.0000	40.0000	0.0482	0.3298	0.3146	43.5314	1.3044
96.9594	86.9044	115.2188	1.0000	62.8013	95.1132	145.2073	1.0000	37.0000	0.2560	0.0489	0.6134	56.8824	1.0532
89.0989	38.4018	110.2045	1.0000	52.2843	61.4627	118.8372	1.0000	47.0000	0.0457	0.3854	0.3204	48.1863	1.0819
26.8174	58.5804	262.1015	1.0000	22.1940	59.7143	93.5031	1.0000	7.0000	0.5561	0.4029	0.0389	49.0753	1.4704
77.5514	85.6777	34.5432	1.0000	72.1583	95.0534	151.8048	1.0000	12.0000	0.4432	0.0495	0.6867	65.8429	1.1094
66.7238	76.4582	211.5852	1.0000	52.2713	88.1823	118.4329	1.0000	20.0000	0.0454	0.1182	0.3159	30.8747	1.0747
50.4403	61.9136	13.3366	1.0000	51.3177	62.3935	28.6769	1.0000	1.0000	0.0264	0.3761	0.6814	71.9479	1.0000
27.2986	18.7779	188.7178	1.0000	25.0434	21.5532	93.1318	1.0000	4.0000	0.4991	0.7845	0.0348	82.3804	1.1186
80.0539	12.4061	-80.1395	1.0000	84.5239	13.8227	91.6335	1.0000	7.0000	0.6905	0.8618	0.0181	92.8499	1.4928
64.1733	49.4718	205.3851	1.0000	52.3300	58.5666	118.5295	1.0000	16.0000	0.0466	0.4143	0.3170	50.3596	1.0715
54.0784	0.4204	219.6895	1.0000	52.1841	-0.1656	189.6895	1.0000	2.0000	0.0437	1.0017	1.1077	141.3362	1.0086
21.1490	9.3679	-55.4205	1.0000	47.5884	31.8580	74.1099	1.0000	44.0000	0.0482	0.6814	0.1766	70.0117	1.2676
80.4674	68.8389	194.8850	1.0000	52.0808	84.3465	117.2319	1.0000	36.0000	0.0416	0.1565	0.3026	31.4792	1.1130
35.8517	30.4359	-40.9547	1.0000	47.5584	43.9449	71.6543	1.0000	20.0000	0.0488	0.5606	0.2038	59.0314	1.1188
10.3957	98.6137	246.8044	1.0000	9.6541	97.9429	222.1267	1.0000	1.0000	0.8069	0.0206	1.4681	138.1647	1.0000
46.3687	67.0626	17.9775	1.0000	47.8770	68.3498	47.9775	1.0000	2.0000	0.0425	0.3165	0.4669	52.6510	1.0086
33.8138	98.2521	36.3029	1.0000	34.4535	99.0207	50.2312	1.0000	1.0000	0.3109	0.0098	0.4419	42.7107	1.0000
37.9733	62.5697	-60.2352	1.0000	47.5855	69.7012	71.2066	1.0000	15.0000	0.0483	0.3030	0.2088	35.7357	1.2533
94.6709	16.4110	113.9499	1.0000	52.3687	38.4548	118.4415	1.0000	52.0000	0.0474	0.6155	0.3160	67.8406	1.0901
86.3447	78.5403	167.3250	1.0000	52.4982	94.2339	118.4240	1.0000	41.0000	0.0500	0.0577	0.3158	29.1104	1.0990
77.3328	77.9517	4.7791	1.0000	59.5698	95.3933	128.7521	1.0000	29.0000	0.1914	0.0461	0.4306	40.1812	1.1649
84.6684	1.5076	65.4722	1.0000	84.6604	2.5075	90.4560	1.0000	1.0000	0.6932	0.9749	0.0051	103.4714	1.0000
21.8133	76.3128	-88.9857	1.0000	47.5556	90.5159	71.9534	1.0000	46.0000	0.0489	0.0948	0.2005	20.5329	1.5646
90.0706	92.2471	115.2501	1.0000	87.6320	95.3937	135.2951	1.0000	4.0000	0.7526	0.0461	0.5033	59.0681	1.0048
29.1556	60.2699	111.8038	1.0000	29.1851	61.2694	88.3113	1.0000	1.0000	0.4163	0.3873	0.0188	44.0019	1.0000
7.0018	50.2557	193.3259	1.0000	38.7600	95.3249	60.1496	1.0000	59.0000	0.2248	0.0468	0.3317	32.2372	1.0701
47.1534	97.9294	22.9422	1.0000	47.9420	98.5443	37.9422	1.0000	1.0000	0.0412	0.0146	0.5784	52.1188	1.0000
90.9016	36.2499	202.5138	1.0000	52.2879	50.5292	118.9605	1.0000	46.0000	0.0458	0.4947	0.3218	57.3699	1.1173
99.4188	9.2600	22.8043	1.0000	100.0896	10.0017	47.8711	0.0000	1.0000	1.0018	0.9000	0.4681	111.2812	1.0000
56.6614	31.2808	124.3462	1.0000	52.2728	37.9475	118.2339	1.0000	8.0000	0.0455	0.6205	0.3137	68.2117	1.0023
24.3562	93.7356	-45.7689	1.0000	36.5045	95.0207	60.3587	1.0000	15.0000	0.2699	0.0498	0.3293	32.9473	1.2279
95.6717	53.1389	102.9984	1.0000	52.2837	76.5600	118.8163	1.0000	54.0000	0.0457	0.2344	0.3202	37.2159	1.0952
77.8011	84.0639	196.8773	1.0000	54.1787	95.7408	125.5526	1.0000	29.0000	0.0836	0.0426	0.3950	36.0498	1.1005
88.5681	69.6005	77.1561	1.0000	52.2241	94.6320	118.6343	1.0000	48.0000	0.0445	0.0537	0.3182	29.2179	1.0877
90.4157	67.2551	53.2332	1.0000	52.2612	93.0997	118.1450	1.0000	51.0000	0.0452	0.0690	0.3127	29.0666	1.1067
24.4610	46.6187	-89.6662	1.0000	47.7184	60.3381	73.5423	1.0000	43.0000	0.0456	0.3966	0.1829	43.0015	1.5924
76.4212	66.2883	79.5925	1.0000	52.0927	92.6674	117.2753	1.0000	37.0000	0.0419	0.0733	0.3031	28.3211	1.0311
11.6349	21.9795	186.5655	1.0000	9.5789	24.8675	88.0562	1.0000	4.0000	0.8084	0.7513	0.0216	85.3378	1.1283
22.7637	46.5024	267.7225	1.0000	47.7251	92.9817	72.5033	1.0000	62.0000	0.0455	0.0702	0.1944	18.9886	1.1752
14.8234	36.5343	77.3230	1.0000	47.7191	84.8570	72.7485	1.0000	59.0000	0.0456	0.1514	0.1917	23.0679	1.0093
65.3167	77.6575	20.7951	1.0000	55.6707	95.7386	128.4905	1.0000	22.0000	0.1134	0.0426	0.4277	39.1387	1.0735
31.5121	73.1158	230.8309	1.0000	27.5471	75.4973	89.9799	1.0000	6.0000	0.4491	0.2450	0.0002	33.2342	1.2973
43.0652	91.7896	213.8468	1.0000	39.9049	94.4329	90.4203	1.0000	5.0000	0.2019	0.0557	0.0047	11.5360	1.2136
61.9724	9.7763	-37.1868	1.0000	65.4342	13.2148	91.2554	1.0000	6.0000	0.3087	0.8679	0.0139	88.1559	1.2297
5.7481	89.1352	11.5486	1.0000	29.9867	95.2477	14.9557	1.0000	25.0000	0.4003	0.0475	0.8338	77.8124	1.0001
61.4343	4.3147	81.3006	1.0000	52.1244	19.5013	117.4112	1.0000	18.0000	0.0425	0.8050	0.3046	85.0643	1.0105
0.0353	22.0117	41.3948	1.0000	47.7651	79.6586	73.1792	1.0000	76.0000	0.0447	0.2034	0.1869	26.4898	1.0155
15.5513	7.4262	-71.0022	1.0000	47.5216	26.6502	70.0875	1.0000	50.0000	0.0496	0.7335	0.2213	76.0450	1.3403
32.9195	8.2885	99.1333	1.0000	47.5651	48.6686	74.2554	1.0000	43.0000	0.0487	0.5133	0.1749	53.7469	1.0011
8.8848	41.0111	105.1636	1.0000	47.3163	95.0174	68.5681	1.0000	67.0000	0.0537	0.0498	0.2381	22.1665	1.0108
19.2710	74.1714	60.6380	1.0000	35.9837	95.1467	60.2030	1.0000	27.0000	0.2803	0.0485	0.3311	33.2847	1.0067
11.1417	96.5598	204.5161	1.0000	10.1417	96.5636	179.7874	1.0000	1.0000	0.7972	0.0344	0.9976	98.2969	1.0000
13.7583	77.4713	148.1341	1.0000	26.2981	95.2447	45.0007	1.0000	23.0000	0.4740	0.0476	0.5000	51.0816	1.0574
67.3401	17.7783	252.3921	1.0000	52.1836	26.1726	117.6916	1.0000	21.0000	0.0437	0.7383	0.3077	78.8801	1.2121
94.0433	19.6694	0.8472	1.0000	52.4128	46.2860	118.3157	1.0000	58.0000	0.0483	0.5371	0.3146	60.7683	1.1738
68.5535	41.0575	214.0314	1.0000	52.1482	54.5735	117.5213	1.0000	23.0000	0.0430	0.4543	0.3058	53.1564	1.0820
79.5356	19.9805	128.7627	1.0000	52.2440	40.7117	118.3689	1.0000	36.0000	0.0449	0.5929	0.3152	65.7642	1.0504
71.0646	87.2502	113.2586	1.0000	64.9277	95.1167	128.6220	1.0000	10.0000	0.2986	0.0488	0.4291	41.6934	1.0023
38.6524	69.5461	-32.5222	1.0000	47.5270	79.5398	73.0701	1.0000	15.0000	0.0495	0.2046	0.1881	26.6712	1.1223
95.5239	79.2412	-64.9164	1.0000	59.1341	95.5471	128.7438	1.0000	53.0000	0.1827	0.0445	0.4305	40.0543	1.3291
24.9856	52.3073	15.3131	1.0000	47.6895	82.9131	73.8555	1.0000	40.0000	0.0462	0.1709	0.1794	23.6208	1.0497
43.0711	2.1782	-28.0856	1.0000	47.5332	3.5351	46.9144	1.0000	5.0000	0.0493	0.9646	0.4787	105.6784	1.0721
37.1226	76.3300	-28.7988	1.0000	47.6211	89.1254	71.3162	1.0000	18.0000	0.0476	0.1087	0.2076	21.7486	1.0875
50.6705	9.8650	26.9719	1.0000	51.4085	10.5397	42.4345	1.0000	1.0000	0.0282	0.8946	0.5285	101.3292	1.0000
81.8520	70.5614	-20.1430	1.0000	53.7466	95.7307	120.2907	1.0000	45.0000	0.0749	0.0427	0.3366	30.8187	1.1927
75.2442	94.1774	53.4376	1.0000	75.4620	95.1534	77.4180	1.0000	1.0000	0.5092	0.0485	0.1398	28.8116	1.0000
9.7676	43.7817	-44.8228	1.0000	47.6833	71.6189	74.2142	1.0000	56.0000	0.0463	0.2838	0.1754	32.5584	1.1905
18.0696	60.1054	245.8469	1.0000	39.1985	95.8214	60.3680	1.0000	49.0000	0.2160	0.0418	0.3292	31.8149	1.1808
85.5799	4.6063	-87.8965	1.0000	52.4821	29.8574	118.3986	1.0000	56.0000	0.0496	0.7014	0.3155	75.7141	1.3452
8.7500	20.9391	20.0581	1.0000	47.7430	58.7516	74.3168	1.0000	58.0000	0.0451	0.4125	0.1743	44.1870	1.0678
39.8978	91.2012	105.8535	1.0000	41.0336	95.0246	70.9504	1.0000	4.0000	0.1793	0.0498	0.2117	21.6342	1.0029
42.5360	59.7178	46.5320	1.0000	47.5799	69.4694	70.9058	1.0000	11.0000	0.0484	0.3053	0.2122	36.0910	1.0019
49.6298	31.1367	241.9500	1.0000	48.9438	30.4092	226.6821	1.0000	1.0000	0.0211	0.6959	1.5187	153.3819	1.0000
4.9357	94.6466	137.3919	1.0000	4.5473	95.5681	112.8538	1.0000	1.0000	0.9091	0.0443	0.2539	51.0675	1.0000
12.7747	72.3970	100.7409	1.0000	31.9749	95.0200	60.8127	1.0000	30.0000	0.3605	0.0498	0.3243	34.6641	1.0110
91.0067	47.4114	-83.5264	1.0000	95.5206	48.5901	89.0360	1.0000	7.0000	0.9104	0.5141	0.0107	68.6734	1.5004
45.0583	23.5430	41.2636	1.0000	47.5743	28.9637	72.2786	1.0000	6.0000	0.0485	0.7104	0.1969	73.2535	1.0040
37.4166	58.2959	221.7248	1.0000	45.9686	95.4390	72.4326	1.0000	42.0000	0.0806	0.0456	0.1952	18.5921	1.1019
36.0294	77.2413	240.2545	1.0000	39.3621	95.4639	63.8083	1.0000	24.0000	0.2128	0.0454	0.2910	28.6312	1.2956
1.1312	68.8757	123.4171	1.0000	23.3936	95.0061	45.0000	1.0000	35.0000	0.5321	0.0499	0.5000	52.5151	1.0196
44.7758	91.7924	-10.6493	1.0000	47.5421	92.7638	34.3507	1.0000	3.0000	0.0492	0.0724	0.6183	56.1716	1.0232
72.8499	10.0766	-59.9770	1.0000	52.0808	37.4364	117.2319	1.0000	43.0000	0.0416	0.6256	0.3026	68.2650	1.2518
43.0064	27.5486	29.4325	1.0000	47.6408	36.3223	72.5712	1.0000	10.0000	0.0472	0.6368	0.1937	66.0620	1.0078
10.0383	26.8546	229.2043	1.0000	47.7043	86.4591	72.6749	1.0000	77.0000	0.0459	0.1354	0.1925	22.1085	1.0921
21.3107	73.8667	247.4054	1.0000	32.9744	95.3910	60.9353	1.0000	32.0000	0.3405	0.0461	0.3229	33.9981	1.3071
77.2162	57.4706	94.3886	1.0000	52.4748	81.8770	118.3878	1.0000	36.0000	0.0495	0.1812	0.3154	33.7703	1.0359
74.7287	48.5058	-3.6938	1.0000	76.7085	51.4741	92.6054	1.0000	4.0000	0.5342	0.4853	0.0289	55.4517	1.1211
22.4577	30.3433	146.4570	1.0000	47.5093	73.4541	70.0517	1.0000	51.0000	0.0498	0.2655	0.2216	33.2990	1.0228
19.7528	4.0732	79.5792	1.0000	47.7564	47.4089	72.8565	1.0000	52.0000	0.0449	0.5259	0.1905	55.3603	1.0078
78.7489	78.2829	-89.5233	1.0000	58.5056	95.5478	128.5546	1.0000	39.0000	0.1701	0.0445	0.4284	39.7319	1.4658
71.5956	10.2305	163.1059	1.0000	52.2521	27.3636	118.2612	1.0000	27.0000	0.0450	0.7264	0.3140	77.9732	1.0449
25.1469	28.7579	-55.6835	1.0000	47.5910	49.9341	74.2000	1.0000	39.0000	0.0482	0.5007	0.1756	52.5550	1.2639
96.5596	91.3215	41.7372	1.0000	96.9339	93.2372	91.5369	1.0000	2.0000	0.9387	0.0676	0.0171	47.4436	1.0247
86.8660	92.0748	47.5292	1.0000	86.3137	95.8680	114.6321	1.0000	4.0000	0.7263	0.0413	0.2737	44.0738	1.0435
50.6444	89.3385	58.2278	1.0000	51.0396	90.2571	66.7190	1.0000	1.0000	0.0208	0.0974	0.2587	25.2588	1.0000
51.0287	78.8227	208.8050	1.0000	50.0575	78.5841	193.8050	1.0000	1.0000	0.0012	0.2142	1.1534	105.9912	1.0000
67.6981	85.5817	105.0146	1.0000	60.9194	95.4051	128.4865	1.0000	12.0000	0.2184	0.0459	0.4276	40.2686	1.0054
31.2498	7.9418	52.6082	1.0000	47.7056	37.6497	72.2508	1.0000	34.0000	0.0459	0.6235	0.1972	64.8680	1.0011
71.6796	32.0245	5.4693	1.0000	52.3235	61.7324	118.6999	1.0000	38.0000	0.0465	0.3827	0.3189	47.8904	1.0717
4.0911	91.5457	198.7807	1.0000	1.9928	95.8666	68.8065	1.0000	6.0000	0.9601	0.0413	0.2355	52.6397	1.2491
76.5882	54.3869	-7.6344	1.0000	78.7362	57.2263	89.5274	1.0000	4.0000	0.5747	0.4277	0.0053	51.5323	1.1235
9.7517	47.2335	110.4520	1.0000	44.5018	95.3043	60.2068	1.0000	60.0000	0.1100	0.0470	0.3310	30.6580	1.0115
24.6993	86.2482	233.2548	1.0000	20.8126	88.6043	87.8202	1.0000	6.0000	0.5837	0.1140	0.0242	31.4089	1.3201
66.1579	63.8616	240.5198	1.0000	52.1599	72.1870	117.5425	1.0000	19.0000	0.0432	0.2781	0.3060	39.2023	1.1666
3.2839	95.3087	-49.9711	1.0000	31.8331	95.1329	22.5518	1.0000	30.0000	0.3633	0.0487	0.7494	70.0213	1.0508
72.4799	78.5010	233.4347	1.0000	52.2198	89.6681	118.6913	1.0000	28.0000	0.0444	0.1033	0.3188	30.5756	1.2103
96.7298	62.3175	192.1665	1.0000	52.2200	77.0761	117.9225	1.0000	52.0000	0.0444	0.2292	0.3102	36.1953	1.1089
83.0967	80.7152	11.1719	1.0000	62.3288	95.1197	140.6153	1.0000	30.0000	0.2466	0.0488	0.5624	52.3232	1.1870
48.0646	69.5228	-5.8815	1.0000	49.0520	69.6812	9.1185	1.0000	1.0000	0.0190	0.3032	0.8987	86.3826	1.0000
63.5288	19.9270	182.7232	1.0000	52.2693	30.4199	118.4849	1.0000	16.0000	0.0454	0.6958	0.3165	75.2192	1.0396
38.3253	44.5010	213.4976	1.0000	35.1653	47.1707	90.9324	1.0000	5.0000	0.2967	0.5283	0.0104	54.8805	1.2087
1.3639	5.7767	-32.1799	1.0000	47.7376	38.5051	75.6645	1.0000	65.0000	0.0452	0.6149	0.1593	63.1843	1.1452
64.4689	15.0393	38.7703	1.0000	65.0657	17.9096	93.2842	1.0000	3.0000	0.3013	0.8209	0.0365	83.5260	1.0233
57.0073	47.7712	-44.3025	1.0000	60.7897	50.7711	86.1966	1.0000	6.0000	0.2158	0.4923	0.0423	50.5407	1.2428
31.4617	98.5275	216.9401	1.0000	30.4904	98.2898	193.7471	1.0000	1.0000	0.3902	0.0171	1.1527	105.5794	1.0000
30.4078	48.3293	212.5548	1.0000	47.6917	87.3403	72.1924	1.0000	47.0000	0.0462	0.1266	0.1979	21.9706	1.1015
31.8770	7.9499	266.4704	1.0000	47.7215	46.0232	72.9950	1.0000	50.0000	0.0456	0.5398	0.1889	56.6379	1.2125
31.6395	92.1012	51.6192	1.0000	33.6479	95.5599	61.1792	1.0000	4.0000	0.3270	0.0444	0.3202	33.4327	1.0001
52.6026	67.7693	254.4652	1.0000	52.0945	66.9080	239.4652	1.0000	1.0000	0.0419	0.3309	1.6607	153.0990	1.0000
66.1353	84.3160	109.8757	1.0000	57.8370	95.5507	128.4903	1.0000	14.0000	0.1567	0.0445	0.4277	39.5312	1.0024
51.5604	5.1583	171.2859	1.0000	50.6837	5.6393	151.2485	1.0000	1.0000	0.0137	0.9436	0.6805	112.4979	1.0000
91.0238	82.8308	199.6140	1.0000	53.3207	95.4791	119.3854	1.0000	44.0000	0.0664	0.0452	0.3265	29.9160	1.1064
50.5568	92.2057	226.7182	1.0000	49.7062	91.6799	211.7182	1.0000	1.0000	0.0059	0.0832	1.3524	122.0026	1.0000
58.3144	31.6602	188.1474	1.0000	52.1354	35.9156	116.9436	1.0000	8.0000	0.0427	0.6408	0.2994	69.5509	1.0663
55.0113	26.9781	158.6677	1.0000	52.3121	29.7655	117.6265	1.0000	4.0000	0.0462	0.7023	0.3070	75.5080	1.0309
39.7617	22.5245	32.5075	1.0000	47.7563	37.4465	73.4772	1.0000	17.0000	0.0449	0.6255	0.1836	64.7377	1.0042
93.9501	8.6255	224.1282	1.0000	52.1709	21.0425	117.6356	1.0000	50.0000	0.0434	0.7896	0.3071	83.6823	1.1472
65.3445	47.4348	7.1295	1.0000	67.1050	50.7289	88.2201	1.0000	4.0000	0.3421	0.4927	0.0198	52.1861	1.0709
20.0625	26.7539	116.6272	1.0000	20.0268	27.7533	92.0445	1.0000	1.0000	0.5995	0.7225	0.0227	78.2442	1.0000
41.8243	37.2326	9.4551	1.0000	47.6895	47.3104	75.4921	1.0000	12.0000	0.0462	0.5269	0.1612	54.6993	1.0291
87.5718	93.4899	120.5787	1.0000	86.3391	95.0624	130.6001	1.0000	2.0000	0.7268	0.0494	0.4511	54.7108	1.0010
31.1353	89.0866	25.3465	1.0000	35.6008	95.5936	60.8742	1.0000	8.0000	0.2880	0.0441	0.3236	32.7882	1.0137
73.2122	34.0163	-67.2171	1.0000	52.3273	60.3221	118.6755	1.0000	43.0000	0.0465	0.3968	0.3186	49.0106	1.2802
80.9134	29.8261	189.7463	1.0000	52.2659	45.0704	118.2457	1.0000	36.0000	0.0453	0.5493	0.3138	61.8079	1.1094
11.4267	70.1758	206.9691	1.0000	28.5361	95.3121	45.0000	1.0000	35.0000	0.4293	0.0469	0.5000	50.0767	1.1511
10.9250	16.2155	171.2594	1.0000	47.5773	72.8012	70.9537	1.0000	70.0000	0.0485	0.2720	0.2116	33.2927	1.0383
49.3676	19.0819	34.4076	1.0000	50.0182	19.8412	49.4076	1.0000	1.0000	0.0004	0.8016	0.4510	89.8508	1.0000
63.3781	62.9902	229.8749	1.0000	52.4138	68.4632	118.0304	1.0000	14.0000	0.0483	0.3154	0.3114	42.2623	1.1424
53.3923	32.5648	132.8571	1.0000	52.4316	34.3189	118.3519	1.0000	2.0000	0.0486	0.6568	0.3150	71.5804	1.0000
27.8757	46.9634	205.7664	1.0000	24.9561	49.9419	86.4784	1.0000	5.0000	0.5009	0.5006	0.0391	56.0840	1.1988
43.2988	3.5133	135.8897	1.0000	42.9910	5.4421	86.6506	1.0000	2.0000	0.1402	0.9456	0.0372	94.8765	1.0240
50.8004	29.9104	185.4146	1.0000	49.8192	30.1033	168.8761	1.0000	1.0000	0.0036	0.6990	0.8764	105.3898	1.0000
92.6869	65.9884	23.3288	1.0000	52.3470	92.4626	118.5554	1.0000	55.0000	0.0469	0.0754	0.3173	29.6265	1.1399
59.3464	54.8192	191.3775	1.0000	52.3251	59.5312	117.5941	1.0000	9.0000	0.0465	0.4047	0.3066	49.0363	1.0643
29.5669	58.0551	-78.0837	1.0000	47.7435	74.3164	73.4336	1.0000	33.0000	0.0451	0.2568	0.1841	30.6461	1.3531
80.8862	38.7275	-11.5425	1.0000	83.1799	41.4331	86.9405	1.0000	4.0000	0.6636	0.5857	0.0340	67.3821	1.1277
47.7134	92.1123	43.5607	1.0000	48.2350	92.9655	58.5607	1.0000	1.0000	0.0353	0.0703	0.3493	32.2650	1.0000
8.7653	78.0362	53.9734	1.0000	25.5631	95.1691	45.0000	1.0000	24.0000	0.4887	0.0483	0.5000	51.4344	1.0003
96.9247	1.3392	-77.7096	1.0000	99.3968	-0.0028	-3.5570	0.0000	3.0000	0.9879	1.0000	1.0395	145.5799	1.0665
0.3307	28.8510	164.2778	1.0000	-0.4297	29.5005	139.4954	0.0000	1.0000	1.0086	0.7050	0.5499	99.8155	1.0000
13.7753	77.9631	-39.3041	1.0000	43.0103	95.1273	60.2027	1.0000	40.0000	0.1398	0.0487	0.3311	30.9916	1.1799
52.7459	67.7357	24.6869	1.0000	54.2804	71.2430	87.9391	1.0000	4.0000	0.0856	0.2876	0.0229	29.1468	1.0449
90.8236	18.1164	152.8979	1.0000	52.2809	34.8885	118.7242	1.0000	46.0000	0.0456	0.6511	0.3192	71.2024	1.0944
28.3626	55.3306	126.1407	1.0000	47.6019	92.2432	71.2742	1.0000	42.0000	0.0480	0.0776	0.2081	20.4101	1.0090
65.9470	71.6198	-64.1597	1.0000	54.9570	95.0235	128.4906	1.0000	33.0000	0.0991	0.0498	0.4277	39.1262	1.2763
88.5530	71.5316	229.2108	1.0000	52.1113	83.5630	117.3524	1.0000	45.0000	0.0422	0.1644	0.3039	31.9811	1.1726
49.5200	45.8359	153.8627	1.0000	48.8945	46.6160	128.7214	1.0000	1.0000	0.0221	0.5338	0.4302	65.9577	1.0000
78.5732	85.5342	213.9124	1.0000	54.7580	95.0016	128.4911	1.0000	29.0000	0.0952	0.0500	0.4277	39.1049	1.1316
74.8497	79.8482	168.8668	1.0000	52.7679	95.7119	119.8002	1.0000	29.0000	0.0554	0.0429	0.3311	30.2341	1.0666
11.0268	21.2851	245.7862	1.0000	47.7283	79.9351	72.6035	1.0000	77.0000	0.0454	0.2006	0.1933	26.6533	1.1129
14.8167	74.5985	-30.1181	1.0000	43.9201	95.0157	60.8449	1.0000	41.0000	0.1216	0.0498	0.3239	30.1965	1.1533
53.2710	41.8916	-49.5890	1.0000	57.4838	44.9047	92.8801	1.0000	7.0000	0.1497	0.5510	0.0320	55.6758	1.3515
76.5953	6.9372	77.6582	1.0000	52.1375	33.1030	117.4710	1.0000	37.0000	0.0427	0.6690	0.3052	72.3494	1.0330
65.2007	41.1570	252.2214	1.0000	52.4140	46.6011	117.9134	1.0000	17.0000	0.0483	0.5340	0.3101	60.3028	1.2232
43.4992	96.6171	206.2782	1.0000	42.4996	96.5897	181.5691	1.0000	1.0000	0.1500	0.0341	1.0174	91.9390	1.0000
51.3085	24.8927	255.8740	1.0000	50.8218	24.0191	240.8740	1.0000	1.0000	0.0164	0.7598	1.6764	168.9282	1.0000
93.9289	56.4292	134.9729	1.0000	52.1761	75.4259	117.6623	1.0000	50.0000	0.0435	0.2457	0.3074	37.0651	1.0900
98.1882	28.6195	-0.7497	1.0000	100.0837	30.7064	72.1106	0.0000	3.0000	1.0017	0.6929	0.1988	87.3499	1.0641
15.1648	12.6132	137.5514	1.0000	14.8093	14.5330	87.9796	1.0000	2.0000	0.7038	0.8547	0.0224	92.4503	1.0243
95.2873	36.5084	109.6762	1.0000	52.4390	59.2244	118.3401	1.0000	53.0000	0.0488	0.4078	0.3149	49.7168	1.0928
1.9014	57.7423	169.8579	1.0000	32.3587	95.5834	60.3939	1.0000	51.0000	0.3528	0.0442	0.3290	34.7454	1.0499
42.0960	33.1292	-19.8926	1.0000	47.5757	37.8297	68.1136	1.0000	8.0000	0.0485	0.6217	0.2432	65.9548	1.1081
48.8147	19.4715	155.2851	1.0000	48.1673	20.2337	130.3424	1.0000	1.0000	0.0367	0.7977	0.4482	89.4065	1.0000
60.1153	55.1540	64.0603	1.0000	60.2343	57.1333	94.0603	1.0000	2.0000	0.2047	0.4287	0.0451	44.2581	1.0086
92.4814	32.2033	66.5341	1.0000	92.4513	33.2028	91.7262	1.0000	1.0000	0.8490	0.6680	0.0192	79.1641	1.0000
52.8823	57.1108	-13.9777	1.0000	52.4626	67.3688	119.2425	1.0000	13.0000	0.0493	0.3263	0.3249	43.8860	1.2662
17.5927	27.2427	245.5605	1.0000	47.7687	79.6218	73.3080	1.0000	68.0000	0.0446	0.2038	0.1855	26.4362	1.1249
79.3472	57.3494	141.5426	1.0000	52.2827	76.2286	118.7832	1.0000	35.0000	0.0457	0.2377	0.3198	37.4000	1.0606
26.5732	38.1386	54.3045	1.0000	47.7296	73.0212	72.4155	1.0000	41.0000	0.0454	0.2698	0.1954	32.2835	1.0050
4.5606	98.6290	-6.6481	1.0000	5.5589	98.5708	-3.3365	1.0000	1.0000	0.8888	0.0143	1.0371	103.3864	1.0000
56.2702	72.7365	-4.8019	1.0000	52.1144	86.9056	117.4034	1.0000	17.0000	0.0423	0.1309	0.3045	30.4447	1.1513
44.5240	97.7659	138.0665	1.0000	44.1235	98.6822	113.6123	1.0000	1.0000	0.1175	0.0132	0.2624	24.3682	1.0000
77.5716	48.3395	102.7999	1.0000	52.3076	72.1847	118.8137	1.0000	36.0000	0.0462	0.2782	0.3202	40.1154	1.0363
31.1547	87.5875	-18.9824	1.0000	39.1163	95.1551	60.2066	1.0000	12.0000	0.2177	0.0484	0.3310	32.0870	1.0925
27.5118	46.1631	62.6195	1.0000	47.6461	80.5854	71.9021	1.0000	40.0000	0.0471	0.1941	0.2011	26.6459	1.0031
27.9740	74.1581	200.8454	1.0000	37.1663	95.7598	60.0311	1.0000	27.0000	0.2567	0.0424	0.3330	32.8758	1.1501
68.4361	36.9767	-0.0242	1.0000	70.3303	40.0332	93.3035	1.0000	4.0000	0.4066	0.5997	0.0367	63.4054	1.1124
77.9626	27.7362	54.5406	1.0000	52.1896	54.2634	117.7349	1.0000	39.0000	0.0438	0.4574	0.3082	53.5337	1.0545
91.1268	25.8180	216.5563	1.0000	52.1077	39.3556	117.3367	1.0000	47.0000	0.0422	0.6064	0.3037	66.5543	1.1380
47.5541	56.7466	118.7885	1.0000	47.2786	58.7116	90.7860	1.0000	2.0000	0.0544	0.4129	0.0087	41.3854	1.0079
78.9261	2.2547	-67.9171	1.0000	52.1973	29.4403	117.7781	1.0000	49.0000	0.0439	0.7056	0.3086	75.8625	1.2853
54.9164	42.7782	-50.8207	1.0000	52.4011	56.4204	118.3403	1.0000	19.0000	0.0480	0.4358	0.3149	52.0396	1.3696
2.7812	43.8977	18.3192	1.0000	47.6557	82.9003	73.9751	1.0000	64.0000	0.0469	0.1710	0.1781	23.5519	1.0764
82.3061	10.5194	-31.2742	1.0000	85.3538	13.2980	91.8838	1.0000	5.0000	0.7071	0.8670	0.0209	93.6519	1.2124
90.8416	5.9724	58.2481	1.0000	52.3819	31.5310	118.3785	1.0000	51.0000	0.0476	0.6847	0.3153	74.1554	1.1044
72.9833	98.6419	106.9259	1.0000	72.6095	99.5694	111.9507	1.0000	1.0000	0.4522	0.0043	0.2439	31.5152	1.0000
73.1574	55.9432	53.5364	1.0000	52.3290	84.3862	118.6644	1.0000	36.0000	0.0466	0.1561	0.3185	32.7241	1.0212
18.3650	79.9927	217.1878	1.0000	15.0563	82.4484	93.8632	1.0000	5.0000	0.6989	0.1755	0.0429	39.2943	1.2135
54.6113	69.5208	-14.4979	1.0000	57.3231	72.9881	87.8575	1.0000	5.0000	0.1465	0.2701	0.0238	28.0688	1.1359
49.1636	43.8866	-21.6582	1.0000	50.1569	43.7706	-6.6582	1.0000	1.0000	0.0031	0.5623	1.0740	111.8238	1.0000
49.5232	10.3559	93.2727	1.0000	49.5329	11.3559	89.4406	1.0000	1.0000	0.0093	0.8864	0.0062	88.6471	1.0000
1.0753	33.9225	174.2852	1.0000	-0.3632	35.2418	124.8747	0.0000	2.0000	1.0073	0.6476	0.3875	89.1421	1.0247
49.2167	20.9994	-70.0704	1.0000	49.7893	20.1796	-55.0704	1.0000	1.0000	0.0042	0.7982	1.6119	165.5801	1.0000
22.9145	97.0965	105.6689	1.0000	23.0642	98.0852	81.3922	1.0000	1.0000	0.5387	0.0191	0.0956	28.3425	1.0000
52.6541	21.0967	5.5568	1.0000	54.9297	25.0245	92.7985	1.0000	5.0000	0.0986	0.7498	0.0311	75.1895	1.1015
43.9029	2.7301	110.9524	1.0000	43.9667	3.7280	86.3393	1.0000	1.0000	0.1207	0.9627	0.0407	96.5303	1.0000
48.1005	88.9900	-82.9772	1.0000	48.4755	88.0630	-67.9772	1.0000	1.0000	0.0305	0.1194	1.7553	158.4348	1.0000
39.8309	74.6251	106.6633	1.0000	46.5355	95.5574	75.8714	1.0000	22.0000	0.0693	0.0444	0.1570	15.2104	1.0009
14.6549	35.0769	152.3212	1.0000	47.6014	86.8557	71.4053	1.0000	63.0000	0.0480	0.1314	0.2066	22.8974	1.0265
29.7324	98.2718	180.2526	1.0000	28.8130	98.6651	156.8375	1.0000	1.0000	0.4237	0.0133	0.7426	70.1279	1.0000
79.6886	37.6144	-79.2755	1.0000	84.1429	39.0960	92.3514	1.0000	7.0000	0.6829	0.6090	0.0261	69.8611	1.4912
29.0130	46.5987	17.0812	1.0000	47.7273	75.2098	72.5413	1.0000	35.0000	0.0455	0.2479	0.1940	30.4060	1.0238
93.7065	15.3919	38.6381	1.0000	94.1783	17.2864	88.5492	1.0000	2.0000	0.8836	0.8271	0.0161	93.7837	1.0244
22.8947	12.8745	-71.8870	1.0000	47.7352	30.0811	72.5472	1.0000	42.0000	0.0453	0.6992	0.1939	72.0998	1.3899
0.9274	78.2018	56.4918	1.0000	17.6635	95.3881	45.0000	1.0000	24.0000	0.6467	0.0461	0.5000	55.6050	1.0005
41.1773	94.6223	166.8529	1.0000	40.3871	95.2352	142.2015	1.0000	1.0000	0.1923	0.0476	0.5800	53.2927	1.0000
64.9423	52.3966	18.3654	1.0000	52.3359	75.5409	118.6213	1.0000	28.0000	0.0467	0.2446	0.3180	37.7212	1.0624
7.9039	47.8520	27.9042	1.0000	47.6268	89.4236	72.1668	1.0000	60.0000	0.0475	0.1058	0.1981	20.8690	1.0435
42.1626	73.3956	222.3940	1.0000	45.3965	95.4317	70.9179	1.0000	26.0000	0.0921	0.0457	0.2120	20.1541	1.1674
84.7489	57.9111	-30.4780	1.0000	87.7525	60.7372	92.8421	1.0000	5.0000	0.7550	0.3926	0.0316	54.5426	1.2124
7.5819	70.5650	141.2128	1.0000	7.1139	72.4606	91.3577	1.0000	2.0000	0.8577	0.2754	0.0151	50.9850	1.0243
92.0339	60.6521	249.7673	1.0000	52.2652	68.8964	118.2248	1.0000	50.0000	0.0453	0.3110	0.3136	42.0618	1.2311
11.2272	6.4353	173.2889	1.0000	47.7210	62.9903	72.3502	1.0000	70.0000	0.0456	0.3701	0.1961	41.0661	1.0400
55.0524	46.7326	181.5731	1.0000	52.3931	47.9644	139.3929	1.0000	3.0000	0.0479	0.5204	0.5488	71.7851	1.0236
89.2477	2.5549	125.6375	1.0000	52.1436	23.2525	117.4999	1.0000	46.0000	0.0429	0.7675	0.3056	81.5538	1.0827
35.3247	3.0695	34.6574	1.0000	47.6186	25.9148	72.7309	1.0000	26.0000	0.0476	0.7409	0.1919	76.1086	1.0022
39.2278	62.0068	-73.5322	1.0000	47.5937	64.8919	67.8554	1.0000	12.0000	0.0481	0.3511	0.2461	41.5783	1.3560
46.6712	94.0397	202.8412	1.0000	43.5336	95.7988	114.8472	1.0000	4.0000	0.1293	0.0420	0.2761	26.0163	1.1120
69.4593	11.9046	35.9879	1.0000	52.4032	38.9976	118.3094	1.0000	33.0000	0.0481	0.6100	0.3145	67.2941	1.0308
31.6277	15.2328	226.5214	1.0000	27.8515	17.9066	85.7244	1.0000	6.0000	0.4430	0.8209	0.0475	85.1362	1.2967
14.3909	15.1453	213.6150	1.0000	11.2505	17.8127	89.9832	1.0000	5.0000	0.7750	0.8219	0.0002	90.8640	1.2135
40.9962	45.1000	-75.7431	1.0000	47.5626	44.1488	44.2569	1.0000	8.0000	0.0487	0.5585	0.5083	72.2338	1.2057
84.0750	85.9532	-79.6541	1.0000	88.5089	87.4412	92.7827	1.0000	7.0000	0.7702	0.1256	0.0309	40.6005	1.4967
77.9005	55.4153	109.7085	1.0000	52.3319	78.8925	118.6463	1.0000	36.0000	0.0466	0.2111	0.3183	35.6592	1.0371
28.7485	78.1550	47.7538	1.0000	39.3713	95.0048	60.3508	1.0000	20.0000	0.2126	0.0500	0.3294	31.8904	1.0041
86.5366	23.1491	88.8504	1.0000	52.2185	48.5143	118.3003	1.0000	46.0000	0.0444	0.5149	0.3144	58.7929	1.0779
94.2104	80.3502	5.8223	1.0000	61.2079	95.0872	134.2252	1.0000	43.0000	0.2242	0.0491	0.4914	45.8871	1.1897
82.4291	6.9458	-70.8511	1.0000	52.3378	33.1144	118.6096	1.0000	52.0000	0.0468	0.6689	0.3179	72.7850	1.3040
96.8554	10.4079	191.2266	1.0000	52.2491	25.0644	118.3006	1.0000	52.0000	0.0450	0.7494	0.3145	80.1332	1.1075
20.5626	40.7283	69.4533	1.0000	47.5686	82.3951	70.6877	1.0000	50.0000	0.0486	0.1760	0.2146	26.2452	1.0070
48.5083	45.4211	-20.5359	1.0000	49.5037	45.3247	-5.5359	1.0000	1.0000	0.0099	0.5468	1.0615	110.0761	1.0000
71.9736	98.9080	219.6825	1.0000	71.1511	98.3392	214.6667	1.0000	1.0000	0.4230	0.0166	1.3852	126.4592	1.0000
73.1276	49.7621	222.3767	1.0000	52.4419	62.2217	118.3434	1.0000	28.0000	0.0488	0.3778	0.3149	47.2917	1.1595
96.5415	5.9912	137.7852	1.0000	52.3961	24.1133	118.3156	1.0000	52.0000	0.0479	0.7589	0.3146	81.0327	1.0897
71.8605	69.0108	106.3295	1.0000	52.2170	95.3773	118.6445	1.0000	33.0000	0.0443	0.0462	0.3183	29.0996	1.0037
24.8088	57.9615	202.9004	1.0000	44.2883	95.2852	60.4238	1.0000	46.0000	0.1142	0.0471	0.3286	30.4895	1.0926
50.7372	63.4939	145.2070	1.0000	50.2095	64.3434	121.8491	1.0000	1.0000	0.0042	0.3566	0.3539	47.8101	1.0000
76.8073	91.6840	20.6506	1.0000	77.8079	94.3229	93.5870	1.0000	3.0000	0.5562	0.0568	0.0399	28.6072	1.0630
19.9656	55.1353	42.3646	1.0000	47.5495	94.9525	70.7312	1.0000	49.0000	0.0490	0.0505	0.2141	20.0691	1.0116
86.4981	48.2293	113.4240	1.0000	52.3054	70.8510	118.8303	1.0000	44.0000	0.0461	0.2915	0.3203	41.0630	1.0732
10.3889	55.8958	145.1070	1.0000	38.9131	95.2898	60.2535	1.0000	50.0000	0.2217	0.0471	0.3305	32.0929	1.0280
29.5097	76.3494	57.7086	1.0000	40.7014	95.2707	60.0276	1.0000	22.0000	0.1860	0.0473	0.3330	31.7360	1.0008
23.3779	38.6446	254.1468	1.0000	47.5833	84.6193	71.0068	1.0000	60.0000	0.0483	0.1538	0.2110	24.5591	1.1548
32.9443	37.7700	-10.2547	1.0000	47.7744	60.4598	73.3592	1.0000	28.0000	0.0445	0.3954	0.1849	42.9569	1.0330
23.9277	37.0323	150.7618	1.0000	47.6825	79.6289	72.1272	1.0000	50.0000	0.0463	0.2037	0.1986	27.1991	1.0252
5.3489	12.8364	-42.5140	1.0000	47.5869	41.7126	72.6525	1.0000	60.0000	0.0483	0.5829	0.1928	60.8619	1.1727
31.5160	61.8132	205.9558	1.0000	28.4988	64.7350	88.8830	1.0000	5.0000	0.4300	0.3526	0.0124	41.3179	1.1905
12.2389	52.0565	202.5538	1.0000	40.5380	95.2614	60.2703	1.0000	56.0000	0.1892	0.0474	0.3303	31.5569	1.0843
65.0769	41.4619	264.6021	1.0000	52.0567	46.3389	116.8099	1.0000	18.0000	0.0411	0.5366	0.2979	60.0209	1.2946
50.1490	42.3261	151.5905	1.0000	49.5504	43.1272	126.7662	1.0000	1.0000	0.0090	0.5687	0.4085	67.7235	1.0000
27.6596	5.3500	128.4750	1.0000	47.6604	42.9276	72.0888	1.0000	43.0000	0.0468	0.5707	0.1990	59.8627	1.0101
62.7285	18.7116	-69.8750	1.0000	67.2751	20.9105	86.1346	1.0000	7.0000	0.3455	0.7909	0.0429	81.0464	1.3860
12.3943	52.9463	202.7610	1.0000	40.1868	95.2791	60.1959	1.0000	55.0000	0.1963	0.0472	0.3312	31.7312	1.0861
87.1823	66.1086	212.1449	1.0000	52.0766	80.3071	117.2173	1.0000	43.0000	0.0415	0.1969	0.3024	33.6586	1.1355
20.8519	36.3103	45.8446	1.0000	47.6615	76.8044	72.3956	1.0000	49.0000	0.0468	0.2320	0.1956	29.2133	1.0090
39.0290	49.4670	45.2055	1.0000	47.5992	65.2669	70.8011	1.0000	18.0000	0.0480	0.3473	0.2133	39.7587	1.0014
91.4245	94.4196	48.0804	1.0000	91.7318	95.3712	72.1019	1.0000	1.0000	0.8346	0.0463	0.1989	45.6433	1.0000
43.5783	90.1388	261.8615	1.0000	39.0904	91.4402	89.5014	1.0000	7.0000	0.2182	0.0856	0.0055	13.8759	1.4980
78.6024	74.8560	40.0726	1.0000	79.0500	76.7586	89.0075	1.0000	2.0000	0.5810	0.2324	0.0110	37.2163	1.0233
58.8628	94.1030	-4.5085	1.0000	60.5233	95.1308	44.2269	1.0000	2.0000	0.2105	0.0487	0.5086	47.2189	1.0242
50.5234	96.8297	224.6352	1.0000	49.6542	96.3352	209.6352	1.0000	1.0000	0.0069	0.0366	1.3293	119.6918	1.0000
35.2562	76.9445	-0.3475	1.0000	47.0218	95.0011	66.4319	1.0000	22.0000	0.0596	0.0500	0.2619	24.2758	1.0208
74.2869	90.0904	162.7666	1.0000	60.7962	95.4305	130.0223	1.0000	15.0000	0.2159	0.0457	0.4447	41.7040	1.0338
72.5851	5.7842	111.1148	1.0000	52.2059	31.5122	117.8307	1.0000	33.0000	0.0441	0.6849	0.3092	73.9594	1.0054
65.0059	48.5781	28.7525	1.0000	66.0133	51.3174	85.8538	1.0000	3.0000	0.3203	0.4868	0.0461	51.4161	1.0279
81.9596	40.7049	66.6841	1.0000	81.9342	41.7046	91.4570	1.0000	1.0000	0.6387	0.5830	0.0162	66.4851	1.0000
96.0824	36.4946	81.5251	1.0000	52.4660	60.7638	118.3753	1.0000	55.0000	0.0493	0.3924	0.3153	48.4842	1.1019
72.5089	22.1208	239.4874	1.0000	52.3860	32.0639	118.3592	1.0000	28.0000	0.0477	0.6794	0.3151	73.6563	1.2475
84.4241	25.6726	-77.3447	1.0000	52.1592	52.1369	117.5759	1.0000	55.0000	0.0432	0.4786	0.3064	55.2808	1.3180
78.6591	48.4160	36.0473	1.0000	52.1507	75.8903	117.5340	1.0000	41.0000	0.0430	0.2411	0.3059	36.6609	1.0739
65.1991	95.5766	74.3860	1.0000	65.2085	96.5766	89.4598	1.0000	1.0000	0.3042	0.0342	0.0060	15.5984	1.0000
96.3026	64.0294	93.8897	1.0000	52.4079	88.0718	118.3124	1.0000	55.0000	0.0482	0.1193	0.3146	30.8167	1.0989
27.4542	70.6476	-53.4896	1.0000	47.7246	91.9012	75.2747	1.0000	36.0000	0.0455	0.0810	0.1636	16.9588	1.2257
41.4514	49.8785	4.9006	1.0000	47.6707	59.6789	73.4966	1.0000	12.0000	0.0466	0.4032	0.1834	43.6300	1.0338
17.5678	97.7967	50.3582	1.0000	18.2341	98.5424	48.2154	1.0000	1.0000	0.6353	0.0146	0.4643	52.5085	1.0000
88.3832	18.4963	257.3379	1.0000	52.4470	25.1292	118.3498	1.0000	47.0000	0.0489	0.7487	0.3150	80.0958	1.2861
96.6915	27.8640	-84.7637	1.0000	100.7314	27.0525	37.8222	0.0000	5.0000	1.0146	0.7295	0.5798	103.0414	1.2134
72.1769	64.6404	205.8926	1.0000	52.3080	79.0439	118.8107	1.0000	27.0000	0.0462	0.2096	0.3201	35.7007	1.1002
22.0274	16.3781	21.6537	1.0000	47.5564	48.6829	71.3970	1.0000	43.0000	0.0489	0.5132	0.2067	54.6396	1.0443
83.5853	85.0822	41.5925	1.0000	83.9685	86.9971	91.1517	1.0000	2.0000	0.6794	0.1300	0.0128	36.3904	1.0242
19.5430	0.0478	-70.2902	1.0000	19.9612	-0.8605	-65.2799	0.0000	1.0000	0.6008	1.0086	1.7253	187.5821	1.0000
30.7363	66.6568	93.6825	1.0000	46.4945	95.5934	63.0422	1.0000	33.0000	0.0701	0.0441	0.2995	27.5396	1.0015
64.5988	83.6163	-72.5938	1.0000	69.2433	85.5153	86.2519	1.0000	7.0000	0.3849	0.1448	0.0416	24.3754	1.3951
20.0973	42.0601	50.6891	1.0000	47.6669	83.2637	71.9200	1.0000	50.0000	0.0467	0.1674	0.2009	24.7473	1.0085
59.6454	55.4018	-83.5549	1.0000	64.2741	57.5559	93.7643	1.0000	8.0000	0.2855	0.4244	0.0418	44.9380	1.5670
90.7125	27.8749	239.0666	1.0000	52.0816	38.4351	117.2347	1.0000	48.0000	0.0416	0.6156	0.3026	67.3521	1.1986
24.5399	26.6028	19.1549	1.0000	47.6867	58.3691	73.9099	1.0000	41.0000	0.0463	0.4163	0.1788	44.6920	1.0431
88.5528	28.5239	217.9830	1.0000	52.2940	41.5482	118.9170	1.0000	44.0000	0.0459	0.5845	0.3213	65.2539	1.1421
99.3285	37.7759	139.3124	1.0000	52.2481	55.8092	118.3135	1.0000	55.0000	0.0450	0.4419	0.3146	52.5313	1.0909
9.6986	73.9472	258.0579	1.0000	5.3045	75.5652	85.6741	1.0000	7.0000	0.8939	0.2443	0.0481	51.1220	1.4949
47.6079	24.2625	86.8439	1.0000	47.7782	25.2479	80.1937	1.0000	1.0000	0.0444	0.7475	0.1090	75.4253	1.0000
70.5756	25.0213	248.3977	1.0000	52.2725	34.2672	118.4534	1.0000	26.0000	0.0454	0.6573	0.3161	71.6629	1.2679
32.5000	71.9951	16.2541	1.0000	45.9124	95.1821	62.8957	1.0000	27.0000	0.0818	0.0482	0.3012	27.8310	1.0080
92.1547	87.4247	249.3431	1.0000	52.2851	95.6597	118.8625	1.0000	50.0000	0.0457	0.0434	0.3207	29.2764	1.2282
58.6648	37.0075	-67.2104	1.0000	63.1048	39.4600	87.3907	1.0000	7.0000	0.2621	0.6054	0.0290	61.9970	1.3800
43.3708	69.5876	187.0902	1.0000	41.2892	72.4575	88.5985	1.0000	4.0000	0.1742	0.2754	0.0156	28.9211	1.1282
63.1012	23.3806	94.6456	1.0000	52.1178	39.9666	117.3810	1.0000	20.0000	0.0424	0.6003	0.3042	66.0167	1.0054
21.0481	32.9904	234.1089	1.0000	17.1853	35.3442	87.1675	1.0000	6.0000	0.6563	0.6466	0.0315	72.5617	1.3264
55.1988	91.9785	-56.1152	1.0000	59.1922	95.1794	96.2513	1.0000	7.0000	0.1838	0.0482	0.0695	12.1167	1.3677
19.2195	29.7905	268.5979	1.0000	47.7116	79.7971	72.5199	1.0000	67.0000	0.0458	0.2020	0.1942	26.8132	1.1641
97.3543	97.1626	-44.9284	1.0000	98.2956	96.8251	-19.7289	1.0000	1.0000	0.9659	0.0317	1.2192	119.9290	1.0000
49.7334	1.3744	260.9977	1.0000	49.3222	0.4628	245.7208	1.0000	1.0000	0.0136	0.9954	1.7302	184.8163	1.0000
94.2685	30.6576	249.0553	1.0000	52.3408	38.8191	118.5905	1.0000	52.0000	0.0468	0.6118	0.3177	67.5722	1.2174
64.0732	49.8140	170.4680	1.0000	52.0575	62.5619	117.1490	1.0000	18.0000	0.0412	0.3744	0.3017	46.2916	1.0275
8.7393	64.9693	244.4326	1.0000	30.5944	95.3173	45.0000	1.0000	45.0000	0.3881	0.0468	0.5000	49.2291	1.2033
20.7836	79.8824	154.8354	1.0000	30.8477	95.4986	47.4394	1.0000	20.0000	0.3830	0.0450	0.4729	46.8879	1.0765
49.7585	75.0895	57.8236	1.0000	50.1794	75.9966	65.1108	1.0000	1.0000	0.0036	0.2400	0.2765	34.5785	1.0000
30.8284	24.4021	266.8473	1.0000	47.6994	62.9994	72.2627	1.0000	51.0000	0.0460	0.3700	0.1971	41.0968	1.2107
1.7125	15.5229	238.4616	1.0000	-0.1105	14.8235	188.4777	0.0000	2.0000	1.0022	0.8518	1.0942	139.5133	1.0243
48.4158	48.8587	204.4897	1.0000	47.7106	61.7866	74.2620	1.0000	16.0000	0.0458	0.3821	0.1749	41.3907	1.2358
52.2399	79.3412	191.6279	1.0000	51.2417	79.4015	176.5405	1.0000	1.0000	0.0248	0.2060	0.9616	88.9668	1.0000
28.0713	57.7615	-79.4409	1.0000	47.7564	73.3476	73.7522	1.0000	36.0000	0.0449	0.2665	0.1805	31.2950	1.4338
93.7803	21.5383	233.2974	1.0000	52.3401	32.3355	118.5951	1.0000	50.0000	0.0468	0.6766	0.3177	73.4958	1.1676
59.4919	20.8764	181.5723	1.0000	52.1373	26.8566	116.6626	1.0000	10.0000	0.0427	0.7314	0.2963	77.8808	1.0550
13.1814	3.5438	238.5376	1.0000	9.2096	5.6602	89.9453	1.0000	6.0000	0.8158	0.9434	0.0006	102.7806	1.3332
58.4879	30.0528	206.2584	1.0000	52.0691	33.4325	117.1707	1.0000	8.0000	0.0414	0.6657	0.3019	71.9288	1.1028
87.5758	27.4238	256.1629	1.0000	52.4506	34.2812	118.3544	1.0000	46.0000	0.0490	0.6572	0.3150	71.6166	1.2853
81.4793	9.8149	72.8547	1.0000	52.3513	35.3880	118.5317	1.0000	41.0000	0.0470	0.6461	0.3170	70.6703	1.0578
64.2586	81.9412	254.1928	1.0000	52.2149	86.4731	117.2654	1.0000	16.0000	0.0443	0.1353	0.3029	30.5170	1.2434
97.8749	9.1425	207.0470	1.0000	52.3232	22.8290	118.7017	1.0000	53.0000	0.0465	0.7717	0.3189	82.3684	1.1143
84.6556	83.1003	83.8383	1.0000	61.7498	95.5869	136.8831	1.0000	28.0000	0.2350	0.0441	0.5209	48.5341	1.0733
6.1139	20.8165	77.0474	1.0000	47.6599	77.5314	71.5837	1.0000	71.0000	0.0468	0.2247	0.2046	29.1457	1.0099
59.4014	77.3455	-0.2939	1.0000	52.4571	94.6744	118.3639	1.0000	21.0000	0.0491	0.0533	0.3152	28.9639	1.1249
17.2442	20.0269	193.9834	1.0000	47.5344	71.0511	70.4213	1.0000	63.0000	0.0493	0.2895	0.2175	35.0349	1.0617
54.8461	46.9347	31.2190	1.0000	55.8047	49.6973	86.4046	1.0000	3.0000	0.1161	0.5030	0.0399	50.7640	1.0259
7.3180	44.6192	50.5980	1.0000	46.5244	95.7594	63.2681	1.0000	65.0000	0.0695	0.0424	0.2970	27.2884	1.0087
2.8361	21.7007	-87.0084	1.0000	47.5481	41.0438	70.3556	1.0000	66.0000	0.0490	0.5896	0.2183	62.1912	1.3548
52.3218	0.4798	131.3516	1.0000	51.8640	1.3688	117.2437	1.0000	1.0000	0.0373	0.9863	0.3027	102.3416	1.0000
15.7828	86.8923	-53.5842	1.0000	39.8066	95.3399	60.0102	1.0000	32.0000	0.2039	0.0466	0.3332	32.0158	1.2566
98.5493	76.0546	176.5184	1.0000	52.1153	91.5551	117.3699	1.0000	54.0000	0.0423	0.0844	0.3041	28.7211	1.1031
72.8917	30.1422	-57.4717	1.0000	76.9826	32.1657	86.7364	1.0000	6.0000	0.5397	0.6783	0.0363	73.0767	1.3146
43.0265	25.4943	67.9930	1.0000	47.5956	38.7027	73.8769	1.0000	14.0000	0.0481	0.6130	0.1791	63.4278	1.0017
62.1881	92.4008	-22.7931	1.0000	65.1726	95.5711	84.4759	1.0000	5.0000	0.3035	0.0443	0.0614	16.7434	1.1483
86.8166	35.1139	24.3619	1.0000	52.3709	61.7970	118.4308	1.0000	49.0000	0.0474	0.3820	0.3159	47.6802	1.1246
79.2428	16.5334	13.6242	1.0000	80.5336	19.0388	87.3651	1.0000	3.0000	0.6107	0.8096	0.0293	86.5677	1.0645
14.1902	95.6273	9.5974	1.0000	15.1739	95.8070	10.3483	1.0000	1.0000	0.6965	0.0419	0.8850	87.0335	1.0000
45.5617	29.5238	215.3588	1.0000	47.5004	49.0926	77.4748	1.0000	23.0000	0.0500	0.5091	0.1392	52.4852	1.1696
41.1096	40.6082	102.6273	1.0000	47.5734	61.6103	77.3920	1.0000	22.0000	0.0485	0.3839	0.1401	40.4799	1.0012
78.5418	64.6052	99.5400	1.0000	52.3801	88.7226	118.3870	1.0000	37.0000	0.0476	0.1128	0.3154	30.6376	1.0398
41.5553	53.1470	-82.4968	1.0000	47.9641	51.4301	37.5032	1.0000	8.0000	0.0407	0.4857	0.5833	71.5478	1.2057
55.5246	71.5178	205.4148	1.0000	51.8215	72.3796	141.4458	1.0000	4.0000	0.0364	0.2762	0.5716	58.4199	1.0521
88.1970	58.2280	152.8247	1.0000	52.4952	74.8309	118.4191	1.0000	43.0000	0.0499	0.2517	0.3158	38.0441	1.0921
1.1098	81.7460	-53.8401	1.0000	40.3157	95.4480	61.1732	1.0000	49.0000	0.1937	0.0455	0.3203	30.7488	1.1798
9.7974	46.1140	110.6941	1.0000	9.8754	47.1109	85.5225	1.0000	1.0000	0.8025	0.5289	0.0498	66.5378	1.0000
97.0048	12.8016	7.9219	1.0000	52.1972	39.8024	117.7776	1.0000	61.0000	0.0439	0.6020	0.3086	66.3338	1.1660
62.9431	30.7987	136.0344	1.0000	52.2411	45.2195	118.4063	1.0000	18.0000	0.0448	0.5478	0.3156	61.7482	1.0023
31.9826	72.9293	-19.7906	1.0000	47.5284	95.8335	71.8792	1.0000	29.0000	0.0494	0.0417	0.2013	18.7572	1.0476
52.6870	22.1715	9.9980	1.0000	52.2352	32.7977	110.4999	1.0000	12.0000	0.0447	0.6720	0.2278	70.2950	1.1283
95.8766	14.1921	39.8319	1.0000	96.3106	16.0953	89.7191	1.0000	2.0000	0.9262	0.8390	0.0031	95.8371	1.0245
68.3319	39.3398	181.3889	1.0000	52.3697	54.7630	118.4366	1.0000	23.0000	0.0474	0.4524	0.3160	53.4849	1.0362
33.6762	49.8271	-74.7092	1.0000	47.6335	63.0618	72.2970	1.0000	24.0000	0.0473	0.3694	0.1967	41.0296	1.2478
34.8144	90.6485	-9.4230	1.0000	39.6491	95.0678	61.1093	1.0000	7.0000	0.2070	0.0493	0.3210	31.0828	1.0687
89.6605	19.4648	249.3255	1.0000	52.0851	28.2627	117.2473	1.0000	48.0000	0.0417	0.7174	0.3027	76.7659	1.2438
75.7427	0.7241	117.2891	1.0000	52.4977	22.9052	118.4232	1.0000	33.0000	0.0500	0.7709	0.3158	82.2054	1.0271
49.0665	31.3226	225.6555	1.0000	48.2005	30.8226	210.0021	1.0000	1.0000	0.0360	0.6918	1.3334	138.5253	1.0000
49.7221	61.6977	-28.2815	1.0000	50.6954	61.4680	-13.2815	1.0000	1.0000	0.0139	0.3853	1.1476	110.2373	1.0000
84.6267	39.8153	263.7064	1.0000	52.0749	45.8946	117.2112	1.0000	45.0000	0.0415	0.5411	0.3023	60.5983	1.3589
12.7595	54.7780	259.3810	1.0000	8.3344	56.2916	86.8817	1.0000	7.0000	0.8333	0.4371	0.0346	60.4662	1.4968
41.7668	98.0878	220.4365	1.0000	40.8027	97.8224	195.3947	1.0000	1.0000	0.1839	0.0218	1.1711	105.8176	1.0000
28.3137	96.8338	212.9125	1.0000	27.3268	96.6721	189.3054	1.0000	1.0000	0.4535	0.0333	1.1034	101.9153	1.0000
21.3055	39.7004	-1.3963	1.0000	47.7722	69.1996	73.7484	1.0000	43.0000	0.0446	0.3080	0.1806	34.8962	1.0850
30.8409	16.2859	220.9894	1.0000	47.5447	54.8837	70.5147	1.0000	47.0000	0.0491	0.4512	0.2165	49.2056	1.1175
76.3741	21.2543	261.7742	1.0000	52.4917	26.9020	118.4133	1.0000	35.0000	0.0498	0.7310	0.3157	78.4655	1.4262
23.5596	87.0408	78.5757	1.0000	30.3257	95.5923	45.0099	1.0000	11.0000	0.3935	0.0441	0.4999	49.3012	1.0088
59.8301	78.7706	246.1203	1.0000	52.3663	79.3093	120.3721	1.0000	9.0000	0.0473	0.2069	0.3375	36.8262	1.2027
54.2570	94.2733	229.4765	1.0000	52.4899	93.3738	199.4765	1.0000	2.0000	0.0498	0.0663	1.2164	109.7051	1.0086
27.7689	42.4220	149.6428	1.0000	47.7627	81.6238	73.1632	1.0000	45.0000	0.0447	0.1838	0.1871	25.0234	1.0226
34.1868	35.5301	62.9777	1.0000	47.5160	62.3664	74.3541	1.0000	30.0000	0.0497	0.3763	0.1738	40.8320	1.0012
3.3726	86.4254	7.5722	1.0000	33.6552	95.3116	56.8454	1.0000	32.0000	0.3269	0.0469	0.3684	37.2607	1.0140
86.9664	52.0468	0.9855	1.0000	52.3681	79.0459	118.4446	1.0000	51.0000	0.0474	0.2095	0.3161	35.4088	1.1621
16.9937	91.8777	253.9292	1.0000	13.4902	95.6474	64.5117	1.0000	9.0000	0.7302	0.0435	0.2832	44.7388	1.7488
49.7890	38.5607	200.4044	1.0000	48.7932	38.4695	185.2343	1.0000	1.0000	0.0241	0.6153	1.0582	113.3889	1.0000
17.2261	65.3243	196.4826	1.0000	35.8770	95.1936	60.2393	1.0000	39.0000	0.2825	0.0481	0.3307	33.2906	1.1075
79.6123	5.9563	-82.7517	1.0000	84.1407	7.1558	89.0002	1.0000	7.0000	0.6828	0.9284	0.0111	98.9274	1.4943
47.8828	25.3406	60.7163	1.0000	48.3166	26.2416	64.2909	1.0000	1.0000	0.0337	0.7376	0.2857	78.1287	1.0000
11.2020	46.0645	-83.0580	1.0000	47.6299	64.5797	71.5291	1.0000	57.0000	0.0474	0.3542	0.2052	40.0173	1.3949
52.8617	60.3719	-76.3360	1.0000	57.9478	61.8617	85.8945	1.0000	8.0000	0.1590	0.3814	0.0456	39.1734	1.5095
78.7344	73.3120	158.8888	1.0000	52.2389	90.4306	118.4347	1.0000	34.0000	0.0448	0.0957	0.3159	30.0852	1.0778
26.4146	83.2718	251.3549	1.0000	30.0796	95.3264	45.0037	1.0000	20.0000	0.3984	0.0467	0.5000	49.4300	1.5874
91.5824	23.9962	202.6417	1.0000	52.1742	38.5441	117.6525	1.0000	47.0000	0.0435	0.6146	0.3073	67.4256	1.1188
12.2918	67.7037	147.6704	1.0000	33.1382	95.3775	59.8976	1.0000	36.0000	0.3372	0.0462	0.3345	34.8115	1.0391
76.3517	82.1739	-89.7314	1.0000	62.1505	95.0138	139.0270	1.0000	31.0000	0.2430	0.0499	0.5447	50.7557	1.6192
15.0392	86.4951	150.5252	1.0000	18.2991	95.0283	47.0452	1.0000	10.0000	0.6340	0.0497	0.4773	53.6169	1.0947
87.9391	39.4986	-75.7199	1.0000	52.2606	65.3887	118.1521	1.0000	58.0000	0.0452	0.3461	0.3128	44.6720	1.3157
66.4245	94.6208	70.2108	1.0000	66.4968	95.6182	85.8529	1.0000	1.0000	0.3299	0.0438	0.0461	17.5654	1.0000
86.7989	65.1853	-27.2792	1.0000	52.0690	93.0220	117.1908	1.0000	54.0000	0.0414	0.0698	0.3021	28.1480	1.2132
84.1508	36.2844	160.6705	1.0000	52.4237	52.5629	118.3250	1.0000	39.0000	0.0485	0.4744	0.3147	55.3033	1.0937
41.2802	75.6370	-56.0552	1.0000	47.8358	76.9258	60.5364	1.0000	8.0000	0.0433	0.2307	0.3274	37.4861	1.1974
72.4068	45.3329	89.3127	1.0000	52.3575	72.5336	118.4989	1.0000	34.0000	0.0472	0.2747	0.3167	39.6503	1.0062
54.4909	17.3432	-53.4200	1.0000	52.2786	30.7622	118.4207	1.0000	19.0000	0.0456	0.6924	0.3158	74.8786	1.3970
46.6630	46.0918	-16.5546	1.0000	47.6627	46.0647	-1.5546	1.0000	1.0000	0.0467	0.5394	1.0173	106.2861	1.0000
83.3435	87.4600	-55.5487	1.0000	87.2157	89.7671	92.6605	1.0000	6.0000	0.7443	0.1023	0.0296	38.6885	1.3311
89.5844	60.2282	-80.6403	1.0000	94.0380	61.6412	91.9238	1.0000	7.0000	0.8808	0.3836	0.0214	58.4332	1.4982
79.8220	0.6875	264.7435	1.0000	79.6436	-0.2965	259.7278	0.0000	1.0000	0.5929	1.0030	1.8859	199.3632	1.0000
26.6635	63.8571	225.7346	1.0000	42.0191	95.8464	60.1859	1.0000	41.0000	0.1596	0.0415	0.3313	31.1421	1.1555
24.2536	72.7636	178.8930	1.0000	36.1905	95.3884	60.0473	1.0000	28.0000	0.2762	0.0461	0.3328	33.3037	1.0946
64.6110	53.3247	21.3816	1.0000	52.4030	75.6949	118.3093	1.0000	27.0000	0.0481	0.2431	0.3145	37.3889	1.0595
92.6935	41.6627	212.8196	1.0000	52.2846	55.0791	118.8463	1.0000	48.0000	0.0457	0.4492	0.3205	53.4342	1.1273
19.4350	63.0313	7.1856	1.0000	47.5019	92.7301	70.2586	1.0000	44.0000	0.0500	0.0727	0.2193	21.1853	1.0768
86.9010	22.8524	86.2934	1.0000	52.2922	47.6917	118.9313	1.0000	46.0000	0.0458	0.5231	0.3215	59.8200	1.0798
47.6431	98.0104	191.1600	1.0000	46.6487	98.1157	173.9609	1.0000	1.0000	0.0670	0.0188	0.9329	84.0489	1.0000
6.9065	98.2604	236.1278	1.0000	6.0502	97.7439	211.0992	1.0000	1.0000	0.8790	0.0226	1.3455	128.8476	1.0000
20.7385	11.5576	23.7724	1.0000	47.7223	45.2184	73.0179	1.0000	45.0000	0.0456	0.5478	0.1887	57.3987	1.0431
78.1045	24.6178	96.0209	1.0000	52.3097	49.1798	118.7980	1.0000	37.0000	0.0462	0.5082	0.3200	58.4581	1.0388
55.6737	29.0150	135.2013	1.0000	52.4181	34.0282	118.1597	1.0000	6.0000	0.0484	0.6597	0.3129	71.7711	1.0038
90.0423	73.7903	217.6242	1.0000	52.0904	87.3019	117.2667	1.0000	46.0000	0.0418	0.1270	0.3030	30.1510	1.1419
31.4883	73.8913	192.1736	1.0000	39.4694	95.7469	60.1175	1.0000	26.0000	0.2106	0.0425	0.3320	31.9679	1.1174
82.7924	65.2167	-19.9550	1.0000	52.2352	93.0208	118.4843	1.0000	49.0000	0.0447	0.0698	0.3165	29.4119	1.1861
29.8127	85.8090	183.3389	1.0000	27.7778	88.7635	89.0986	1.0000	4.0000	0.4444	0.1124	0.0100	24.9178	1.1150
2.1703	52.6732	-17.3140	1.0000	47.7250	86.9994	75.4771	1.0000	64.0000	0.0455	0.1300	0.1614	19.6241	1.1220
32.3060	10.9857	198.2804	1.0000	47.7240	47.6802	73.1025	1.0000	43.0000	0.0455	0.5232	0.1878	55.0279	1.0803
30.8817	62.2724	227.4665	1.0000	27.0822	64.8944	86.1702	1.0000	6.0000	0.4584	0.3511	0.0426	42.0987	1.2997
29.0834	28.9530	-26.4570	1.0000	47.7038	52.8000	72.9170	1.0000	33.0000	0.0459	0.4720	0.1898	50.2488	1.0907
98.1702	27.5812	-18.7008	1.0000	100.0311	28.1822	30.0062	0.0000	2.0000	1.0006	0.7182	0.6666	106.1139	1.0228
39.9031	42.0781	28.2202	1.0000	47.7145	57.0601	74.8303	1.0000	17.0000	0.0457	0.4294	0.1686	45.5980	1.0061
64.0227	53.1482	165.2572	1.0000	52.1539	66.1252	117.5488	1.0000	18.0000	0.0431	0.3387	0.3061	43.7159	1.0235
93.8576	19.2857	136.5835	1.0000	52.1105	38.2234	117.3488	1.0000	50.0000	0.0422	0.6178	0.3039	67.5926	1.0907
39.5421	94.6348	163.8011	1.0000	38.7874	95.2909	138.9961	1.0000	1.0000	0.2243	0.0471	0.5444	50.4829	1.0000
62.5395	22.8607	70.2730	1.0000	52.3591	39.6643	118.4906	1.0000	20.0000	0.0472	0.6034	0.3166	66.7658	1.0180
74.6010	46.9329	158.5776	1.0000	52.2467	64.3854	118.3330	1.0000	30.0000	0.0449	0.3561	0.3148	45.5654	1.0578
44.1936	36.8708	74.8844	1.0000	47.5215	49.4356	76.5414	1.0000	13.0000	0.0496	0.5056	0.1495	52.3836	1.0002
73.1141	94.4745	-77.6246	1.0000	77.6462	95.9575	90.7409	1.0000	7.0000	0.5529	0.0404	0.0082	27.9500	1.4680
5.8568	66.1048	232.0775	1.0000	26.3185	95.0306	45.0000	1.0000	42.0000	0.4736	0.0497	0.5000	51.0931	1.1854
6.7382	83.4770	2.3252	1.0000	36.4442	95.7389	60.2162	1.0000	34.0000	0.2711	0.0426	0.3309	32.9999	1.0580
22.6266	73.3337	119.5461	1.0000	36.9328	95.6651	60.4595	1.0000	27.0000	0.2613	0.0433	0.3282	32.5911	1.0181
25.8794	35.2655	39.7028	1.0000	47.6851	69.4946	72.1102	1.0000	41.0000	0.0463	0.3051	0.1988	35.4399	1.0102
14.7267	58.6998	243.6187	1.0000	37.9973	95.5529	60.0218	1.0000	51.0000	0.2401	0.0445	0.3331	32.5966	1.1701
22.5463	84.6982	207.0249	1.0000	19.6449	87.6582	85.5741	1.0000	5.0000	0.6071	0.1234	0.0492	33.0656	1.2063
47.0093	34.0484	177.0492	1.0000	45.0956	37.1055	87.2310	1.0000	4.0000	0.0981	0.6289	0.0308	63.1462	1.1091
16.7864	78.2513	36.1256	1.0000	35.3800	95.7876	60.2377	1.0000	26.0000	0.2924	0.0421	0.3307	33.4258	1.0173
12.1408	78.8606	233.3933	1.0000	19.7605	95.0134	45.0052	1.0000	24.0000	0.6048	0.0499	0.4999	54.4410	1.3438
30.6583	11.2407	46.0224	1.0000	47.7227	41.7378	72.3888	1.0000	35.0000	0.0455	0.5826	0.1957	60.9083	1.0015
78.1552	70.4672	246.4321	1.0000	52.0569	80.0028	117.1502	1.0000	36.0000	0.0411	0.2000	0.3017	33.7824	1.2956
81.3344	7.7536	40.2209	1.0000	81.7633	9.6595	89.6927	1.0000	2.0000	0.6353	0.9034	0.0034	95.7623	1.0238
69.6419	8.5761	254.0916	1.0000	52.1347	18.2564	117.4564	1.0000	25.0000	0.0427	0.8174	0.3051	86.2579	1.2497
17.0848	41.8253	152.1244	1.0000	47.5377	90.5723	70.2081	1.0000	59.0000	0.0492	0.0943	0.2199	22.0604	1.0265
13.5323	82.8599	-68.8495	1.0000	43.1315	95.2995	61.0513	1.0000	43.0000	0.1374	0.0470	0.3217	30.1214	1.3393
99.1841	25.5537	83.7115	1.0000	52.4781	49.5969	118.3927	1.0000	58.0000	0.0496	0.5040	0.3155	57.9030	1.1041
88.9893	90.2023	240.1892	1.0000	55.3988	95.2105	128.4919	1.0000	40.0000	0.1080	0.0479	0.4277	39.1626	1.1778
55.2342	61.7170	16.8130	1.0000	52.1746	73.1587	118.5801	1.0000	13.0000	0.0435	0.2684	0.3176	39.2684	1.0976
42.0725	4.6995	166.1949	1.0000	40.8124	7.2152	91.6521	1.0000	3.0000	0.1838	0.9278	0.0184	93.2532	1.0662
25.5754	60.9000	230.4549	1.0000	21.7781	63.4240	85.7635	1.0000	6.0000	0.5644	0.3658	0.0471	46.3921	1.3159
47.0787	41.3162	68.3354	1.0000	47.6683	43.2265	74.4470	1.0000	2.0000	0.0466	0.5677	0.1728	58.9115	1.0004
84.2924	53.1222	200.9778	1.0000	52.4955	67.4590	118.4196	1.0000	39.0000	0.0499	0.3254	0.3158	43.2761	1.1181
17.6987	24.8607	-80.8654	1.0000	47.5813	42.4568	72.7004	1.0000	50.0000	0.0484	0.5754	0.1922	60.1360	1.4418
98.7190	5.6755	221.9792	1.0000	52.4914	17.6144	118.4131	1.0000	54.0000	0.0498	0.8239	0.3157	87.1831	1.1310
99.5066	9.9831	263.2655	1.0000	83.3568	-0.0508	182.9487	0.0000	21.0000	0.6671	1.0005	1.0328	140.5784	1.1045
86.8564	51.8007	38.1164	1.0000	87.3448	53.6911	88.0292	1.0000	2.0000	0.7469	0.4631	0.0219	59.5234	1.0243
87.3247	66.2272	126.6418	1.0000	52.1575	86.8784	117.5673	1.0000	44.0000	0.0431	0.1312	0.3063	30.6070	1.0789
23.9171	94.6697	238.0645	1.0000	19.9073	95.7156	116.5574	1.0000	5.0000	0.6019	0.0428	0.2951	40.3636	1.2066
40.0897	49.5473	73.0894	1.0000	47.6262	75.4687	75.6045	1.0000	27.0000	0.0475	0.2453	0.1600	28.5421	1.0002
7.3051	62.4686	265.7084	1.0000	2.7489	63.4661	93.3498	1.0000	7.0000	0.9450	0.3653	0.0372	59.8215	1.5008
42.5894	70.2077	87.7959	1.0000	47.6217	88.5267	74.2116	1.0000	19.0000	0.0476	0.1147	0.1754	19.6613	1.0001
43.4840	64.7467	168.7827	1.0000	47.6902	85.3406	74.8764	1.0000	22.0000	0.0462	0.1466	0.1680	21.1886	1.0467
85.3336	23.5016	237.8093	1.0000	52.2750	33.9285	118.5250	1.0000	42.0000	0.0455	0.6607	0.3169	72.0021	1.2116
50.3734	49.3294	-28.2557	1.0000	51.3478	49.1047	-12.9861	1.0000	1.0000	0.0270	0.5090	1.1443	114.8837	1.0000
53.2758	36.2281	8.9459	1.0000	52.4915	45.7111	118.1355	1.0000	11.0000	0.0498	0.5429	0.3126	61.1972	1.1560
60.3941	49.9405	260.2535	1.0000	52.4481	49.6021	121.8307	1.0000	10.0000	0.0490	0.5040	0.3537	59.6585	1.2574
4.8986	62.9777	230.2869	1.0000	29.0636	95.5045	45.0000	1.0000	47.0000	0.4187	0.0450	0.5000	49.8351	1.1599
29.0030	69.8499	90.5179	1.0000	42.9991	95.1954	60.2488	1.0000	29.0000	0.1400	0.0480	0.3306	30.9392	1.0016
25.9688	27.5426	239.4031	1.0000	21.8414	29.4557	94.3844	1.0000	6.0000	0.5632	0.7054	0.0487	76.0830	1.3189
78.0321	22.2559	207.7044	1.0000	52.3345	36.2897	118.6300	1.0000	33.0000	0.0467	0.6371	0.3181	69.8866	1.1270
1.8815	90.4699	101.0949	1.0000	4.5784	95.7279	50.7572	1.0000	6.0000	0.9084	0.0427	0.4360	60.1778	1.0154
91.2683	24.1156	132.9299	1.0000	52.3833	43.1412	118.3720	1.0000	47.0000	0.0477	0.5686	0.3152	63.5891	1.0857
55.9183	20.8666	-19.5956	1.0000	58.7706	24.1916	86.0014	1.0000	5.0000	0.1754	0.7581	0.0444	76.4188	1.1413
11.9447	24.0568	10.6906	1.0000	47.5660	57.3443	72.3865	1.0000	53.0000	0.0487	0.4266	0.1957	46.2133	1.0871
76.2233	30.5881	146.6259	1.0000	52.2080	49.1567	117.8441	1.0000	32.0000	0.0442	0.5084	0.3094	58.0105	1.0541
92.0685	69.6679	101.6456	1.0000	52.0509	93.8236	117.1303	1.0000	51.0000	0.0410	0.0618	0.3014	27.8999	1.0911
84.8518	83.2133	176.9714	1.0000	54.1945	95.4538	125.7489	1.0000	36.0000	0.0839	0.0455	0.3972	36.2801	1.0906
82.1804	57.4862	189.9478	1.0000	52.4127	72.4757	118.3156	1.0000	37.0000	0.0483	0.2752	0.3146	39.5624	1.1102
98.5650	1.2133	187.3423	1.0000	71.5957	-0.0076	182.1433	0.0000	27.0000	0.4319	1.0001	1.0238	137.6891	1.0001
88.6092	22.1958	24.7458	1.0000	52.2282	48.9407	118.5784	1.0000	51.0000	0.0446	0.5106	0.3175	58.5554	1.1295
21.5911	29.9201	228.4333	1.0000	47.7533	78.2971	73.4096	1.0000	61.0000	0.0449	0.2170	0.1843	27.4099	1.1091
11.7159	70.7546	79.9887	1.0000	33.0800	95.5995	59.9511	1.0000	33.0000	0.3384	0.0440	0.3339	34.7648	1.0071
90.6371	50.1116	99.4822	1.0000	52.3168	73.8318	118.7468	1.0000	49.0000	0.0463	0.2617	0.3194	38.9426	1.0873
41.0916	89.5448	162.1108	1.0000	40.0149	92.1454	87.5162	1.0000	3.0000	0.1997	0.0785	0.0276	12.9448	1.0658
61.7691	44.9911	54.1434	1.0000	62.1628	46.9345	86.0468	1.0000	2.0000	0.2433	0.5307	0.0439	54.5849	1.0086
58.3557	29.9158	93.9119	1.0000	52.2779	40.1915	118.2974	1.0000	12.0000	0.0456	0.5981	0.3144	66.2042	1.0051
64.4964	49.7116	101.5789	1.0000	52.0523	67.7491	117.1350	1.0000	22.0000	0.0410	0.3225	0.3015	42.1977	1.0039
97.5418	13.0572	228.9871	1.0000	52.1120	24.8201	117.3554	1.0000	54.0000	0.0422	0.7518	0.3039	80.0299	1.1507
98.0420	5.6511	-15.4778	1.0000	100.3900	7.2057	58.4046	0.0000	3.0000	1.0078	0.9279	0.3511	110.2189	1.0653
37.6673	70.6448	119.2157	1.0000	37.5901	71.6418	94.4258	1.0000	1.0000	0.2482	0.2836	0.0492	31.2695	1.0000
34.4483	5.1187	-70.0318	1.0000	47.7476	18.1942	74.3526	1.0000	23.0000	0.0450	0.8181	0.1739	83.3193	1.2332
46.1097	36.3455	192.6909	1.0000	47.7197	53.1694	74.2199	1.0000	19.0000	0.0456	0.4683	0.1753	49.4703	1.1242
34.9610	10.2074	189.1338	1.0000	32.6946	12.9796	93.6540	1.0000	4.0000	0.3461	0.8702	0.0406	88.7997	1.1171
87.2875	49.8084	194.3625	1.0000	52.4778	64.3883	118.3922	1.0000	42.0000	0.0496	0.3561	0.3155	45.6119	1.1129
51.2101	97.3026	-26.9826	1.0000	52.1915	97.1103	-11.0851	1.0000	1.0000	0.0438	0.0289	1.1232	101.1502	1.0000
33.4318	11.3725	61.7294	1.0000	47.7419	37.6922	73.0176	1.0000	30.0000	0.0452	0.6231	0.1887	64.6202	1.0014
50.7492	27.3296	-81.9037	1.0000	51.1543	26.4153	-66.1061	1.0000	1.0000	0.0231	0.7358	1.7345	172.5838	1.0000
12.9622	98.9274	165.5325	1.0000	12.1871	99.5593	140.8124	1.0000	1.0000	0.7563	0.0044	0.5646	63.3396	1.0000
27.3181	56.5767	193.7719	1.0000	46.7946	95.8458	64.8042	1.0000	47.0000	0.0641	0.0415	0.2800	25.7364	1.0722
12.2910	98.9004	228.7509	1.0000	11.3747	98.4999	203.6053	1.0000	1.0000	0.7725	0.0150	1.2623	120.0013	1.0000
6.0277	52.2573	-58.1733	1.0000	47.7621	77.7075	73.4157	1.0000	60.0000	0.0448	0.2229	0.1843	27.8748	1.2274
23.7227	17.6255	-75.8366	1.0000	47.6146	33.4368	71.2136	1.0000	41.0000	0.0477	0.6656	0.2087	69.2046	1.4311
85.7985	9.9324	93.7957	1.0000	52.2168	35.0700	118.5637	1.0000	45.0000	0.0443	0.6493	0.3174	70.9697	1.0728
4.4094	39.8593	-14.9808	1.0000	47.5391	72.0194	71.6497	1.0000	60.0000	0.0492	0.2798	0.2039	33.5515	1.1152
35.2460	81.9224	208.7802	1.0000	32.1868	84.7818	89.7707	1.0000	5.0000	0.3563	0.1522	0.0025	23.4299	1.1940
3.5029	20.6639	86.0414	1.0000	47.5806	80.3898	70.7902	1.0000	75.0000	0.0484	0.1961	0.2134	27.5578	1.0104
65.6376	49.5824	-79.2311	1.0000	70.3276	50.9050	85.9055	1.0000	7.0000	0.4066	0.4910	0.0455	53.2944	1.4365
37.9702	53.9230	218.3559	1.0000	47.5473	95.1878	77.8824	1.0000	46.0000	0.0491	0.0481	0.1346	13.2668	1.0859
10.9615	75.6082	116.3499	1.0000	10.9384	76.6079	91.3269	1.0000	1.0000	0.7812	0.2339	0.0147	45.5496	1.0000
1.9288	43.6620	214.6636	1.0000	-0.0255	43.7445	165.5534	0.0000	2.0000	1.0005	0.5626	0.8395	106.6562	1.0225
24.5500	97.7995	-49.1756	1.0000	25.2674	97.1028	-44.1607	1.0000	1.0000	0.4947	0.0290	1.4907	136.4522	1.0000
80.0047	64.3819	24.9247	1.0000	52.1190	92.1347	117.3864	1.0000	43.0000	0.0424	0.0787	0.3043	28.5722	1.0930
26.0060	39.1926	185.0813	1.0000	23.9504	42.1125	88.9613	1.0000	4.0000	0.5210	0.5789	0.0115	63.4872	1.1202
77.7023	87.7710	-47.0186	1.0000	78.0110	95.5206	135.9792	1.0000	12.0000	0.5602	0.0448	0.5109	54.0256	1.5472
44.2489	84.4845	248.0204	1.0000	43.0594	95.3665	70.9048	1.0000	16.0000	0.1388	0.0463	0.2122	20.8391	1.4616
5.5366	44.2109	112.6500	1.0000	5.5809	45.2099	87.4605	1.0000	1.0000	0.8884	0.5479	0.0282	70.5795	1.0000
84.8651	54.1115	189.5627	1.0000	52.2466	69.2707	118.3342	1.0000	40.0000	0.0449	0.3073	0.3148	41.8589	1.1121
44.2331	38.9910	147.2094	1.0000	47.7734	55.1963	73.8343	1.0000	17.0000	0.0445	0.4480	0.1796	47.6829	1.0249
66.1307	81.1041	89.7056	1.0000	56.5830	95.0128	128.4905	1.0000	17.0000	0.1317	0.0499	0.4277	39.3665	1.0077
34.4755	67.5648	226.0908	1.0000	43.7663	95.1070	60.7552	1.0000	34.0000	0.1247	0.0489	0.3249	30.2994	1.1697
37.9496	61.4182	-23.7630	1.0000	47.5718	73.8571	72.8324	1.0000	17.0000	0.0486	0.2614	0.1908	31.3699	1.0810
6.6110	65.1003	61.3030	1.0000	34.0136	95.3698	60.9087	1.0000	41.0000	0.3197	0.0463	0.3232	33.5158	1.0041
69.3052	33.2561	3.6905	1.0000	52.3936	62.3440	118.3265	1.0000	36.0000	0.0479	0.3766	0.3147	47.1814	1.0699
33.8374	67.5972	28.5574	1.0000	47.6625	94.0943	75.1884	1.0000	30.0000	0.0467	0.0591	0.1646	16.1159	1.0038
69.9819	97.3189	161.2332	1.0000	69.0109	97.5578	166.1757	1.0000	1.0000	0.3802	0.0244	0.8464	78.5501	1.0000
89.4232	65.5420	62.8184	1.0000	89.4609	66.5413	87.8400	1.0000	1.0000	0.7892	0.3346	0.0240	51.7814	1.0000
1.7417	45.3976	82.7858	1.0000	41.9734	95.7424	60.1183	1.0000	65.0000	0.1605	0.0426	0.3320	31.2325	1.0086
41.4790	82.4671	-83.8328	1.0000	47.8461	80.6013	36.1672	1.0000	8.0000	0.0431	0.1940	0.5981	57.2618	1.2057
87.0401	72.7955	107.3533	1.0000	52.9792	95.4973	119.0289	1.0000	44.0000	0.0596	0.0450	0.3225	29.5267	1.0749
40.7190	65.8642	7.6570	1.0000	47.6709	77.5972	74.6929	1.0000	14.0000	0.0466	0.2240	0.1701	27.2326	1.0265
96.1787	85.8986	-14.6917	1.0000	93.4518	95.5241	146.8783	1.0000	13.0000	0.8690	0.0448	0.6320	71.7164	1.2994
71.4760	53.1557	250.8536	1.0000	52.1626	62.0346	117.5925	1.0000	28.0000	0.0433	0.3797	0.3066	46.9829	1.3172
3.8674	25.3648	222.8559	1.0000	47.6334	90.9199	71.4979	1.0000	85.0000	0.0473	0.0908	0.2056	20.7455	1.0784
75.3361	40.8064	226.0157	1.0000	52.2305	53.1346	118.5466	1.0000	31.0000	0.0446	0.4687	0.3172	54.9204	1.1837
79.1306	70.3150	40.2494	1.0000	79.5695	72.2194	89.2943	1.0000	2.0000	0.5914	0.2778	0.0078	40.5785	1.0234
79.0646	93.5381	166.7761	1.0000	64.3297	95.2811	153.9936	1.0000	15.0000	0.2866	0.0472	0.7110	65.7479	1.0109
28.1972	18.4337	-19.4617	1.0000	47.5087	44.2735	73.1514	1.0000	35.0000	0.0498	0.5573	0.1872	58.2711	1.0850
35.7167	89.2124	-48.7377	1.0000	44.4989	95.6949	61.9538	1.0000	13.0000	0.1100	0.0431	0.3116	28.9031	1.1910
32.2685	99.4648	165.6266	1.0000	31.4788	100.0783	142.1559	1.0000	1.0000	0.3704	0.0008	0.5795	55.3469	1.0000
83.7434	18.1692	45.0922	1.0000	84.0192	20.1024	94.3520	1.0000	2.0000	0.6804	0.7990	0.0484	86.9475	1.0242
73.9400	75.2367	49.6448	1.0000	57.7445	95.6736	128.4908	1.0000	27.0000	0.1549	0.0433	0.4277	39.4998	1.0354
32.3057	97.3713	65.9821	1.0000	32.7367	98.2736	64.4644	1.0000	1.0000	0.3453	0.0173	0.2837	30.8718	1.0000
99.2983	97.8474	188.1147	1.0000	98.3042	97.7389	186.2321	1.0000	1.0000	0.9661	0.0226	1.0692	107.6988	1.0000
1.8549	27.9694	59.1653	1.0000	47.6267	87.7259	71.4713	1.0000	76.0000	0.0475	0.1227	0.2059	22.3518	1.0097
35.4377	67.1686	7.5098	1.0000	47.6487	88.5631	74.3736	1.0000	25.0000	0.0470	0.1144	0.1736	19.5068	1.0149
95.2327	2.1527	229.5848	1.0000	92.0561	-0.2467	209.5520	0.0000	4.0000	0.8411	1.0025	1.3284	161.5884	1.0048
80.2323	39.0812	65.1396	1.0000	80.2367	40.0812	89.7516	1.0000	1.0000	0.6047	0.5992	0.0028	67.1161	1.0000
47.4988	32.2386	227.7981	1.0000	47.7702	49.3880	74.0552	1.0000	22.0000	0.0446	0.5061	0.1772	53.1110	1.2827
86.2546	59.0945	107.5706	1.0000	52.1519	83.4661	117.5397	1.0000	45.0000	0.0430	0.1653	0.3060	32.1937	1.0736
4.5765	50.3272	110.8523	1.0000	4.6519	51.3243	85.6756	1.0000	1.0000	0.9070	0.4868	0.0480	66.6669	1.0000
41.4337	4.4103	201.8680	1.0000	47.5111	34.2570	77.4988	1.0000	33.0000	0.0498	0.6574	0.1389	66.9672	1.0834
80.0695	6.9247	249.4170	1.0000	69.9109	-0.1025	188.2820	0.0000	13.0000	0.3982	1.0010	1.0920	141.6909	1.0524
19.8840	10.9851	163.2791	1.0000	18.7375	13.5586	89.3229	1.0000	3.0000	0.6252	0.8644	0.0075	91.9234	1.0648
83.7214	69.9517	-67.2712	1.0000	52.9275	95.3078	119.0390	1.0000	52.0000	0.0585	0.0469	0.3227	29.5610	1.3036
56.9484	77.6128	89.0397	1.0000	52.2945	86.4030	118.5273	1.0000	10.0000	0.0459	0.1360	0.3170	31.6852	1.0054
7.0022	19.8497	87.6934	1.0000	47.5055	76.0581	70.3358	1.0000	70.0000	0.0499	0.2394	0.2185	31.0824	1.0104
90.1179	62.5854	48.2530	1.0000	52.2362	88.6449	118.4713	1.0000	51.0000	0.0447	0.1136	0.3163	30.7336	1.1092
90.2900	43.1937	72.5144	1.0000	52.1855	68.4192	117.7126	1.0000	50.0000	0.0437	0.3158	0.3079	42.0727	1.0941
93.8658	64.3978	261.8349	1.0000	52.0849	70.7135	117.2467	1.0000	54.0000	0.0417	0.2929	0.3027	40.0553	1.2779
13.0610	61.1714	128.4805	1.0000	37.9828	95.1723	60.4369	1.0000	43.0000	0.2403	0.0483	0.3285	32.2753	1.0200
32.8425	59.0871	56.1963	1.0000	47.5695	86.3330	71.5153	1.0000	31.0000	0.0486	0.1367	0.2054	23.1166	1.0009
63.9164	51.1966	268.4542	1.0000	52.2030	54.0778	116.8116	1.0000	16.0000	0.0441	0.4592	0.2979	53.2219	1.3264
36.4188	31.5267	119.7081	1.0000	47.5664	66.6981	76.5695	1.0000	37.0000	0.0487	0.3330	0.1492	35.9905	1.0028
32.8864	20.1125	55.6958	1.0000	47.5841	47.3727	71.7726	1.0000	31.0000	0.0483	0.5263	0.2025	55.7469	1.0010
67.7916	31.5786	60.8640	1.0000	52.0817	56.4634	117.2354	1.0000	30.0000	0.0416	0.4354	0.3026	51.3959	1.0194
94.1614	7.3480	112.4765	1.0000	52.2228	29.9867	117.9700	1.0000	52.0000	0.0445	0.7001	0.3108	75.4263	1.0911
2.2819	55.1221	3.7057	1.0000	47.7154	91.3919	75.2311	1.0000	64.0000	0.0457	0.0861	0.1641	17.2464	1.1009
48.2207	53.2542	64.3300	1.0000	48.5932	54.1822	68.1301	1.0000	1.0000	0.0281	0.4582	0.2430	50.7892	1.0000
66.9870	76.4730	102.3962	1.0000	52.9183	95.8356	119.0426	1.0000	24.0000	0.0584	0.0416	0.3227	29.4844	1.0028
4.9389	37.8008	-61.9937	1.0000	47.5040	63.5398	72.6750	1.0000	62.0000	0.0499	0.3646	0.1925	40.4442	1.2464
28.6586	83.1074	127.2473	1.0000	34.3768	95.5305	59.9364	1.0000	14.0000	0.3125	0.0447	0.3340	34.1743	1.0237
61.2288	3.6512	-51.1533	1.0000	52.4734	25.1786	118.3858	1.0000	29.0000	0.0495	0.7482	0.3154	80.0632	1.2479
50.1981	75.4746	-53.9336	1.0000	50.9774	74.8480	-38.7972	1.0000	1.0000	0.0195	0.2515	1.4311	131.2338	1.0000
26.5955	4.3226	-14.4556	1.0000	47.6877	32.2073	75.6548	1.0000	38.0000	0.0462	0.6779	0.1594	69.3324	1.0869
94.8951	35.4110	212.1697	1.0000	52.4027	48.6845	118.3090	1.0000	50.0000	0.0481	0.5132	0.3145	58.6554	1.1232
99.2485	46.7030	-54.3675	1.0000	100.1206	46.2136	-29.2959	0.0000	1.0000	1.0024	0.5379	1.3255	140.1305	1.0000
82.9510	97.0723	128.9968	1.0000	82.2561	97.7914	134.0175	1.0000	1.0000	0.6451	0.0221	0.4891	54.6157	1.0000
3.5886	24.5925	212.9728	1.0000	0.4761	27.2931	89.3795	1.0000	5.0000	0.9905	0.7271	0.0069	87.9733	1.2134
56.5937	41.5370	118.5111	1.0000	52.2833	48.2601	118.1717	1.0000	8.0000	0.0457	0.5174	0.3130	58.9565	1.0017
94.6892	55.2619	239.8573	1.0000	52.1031	65.5077	117.3170	1.0000	52.0000	0.0421	0.3449	0.3035	44.0495	1.1872
48.7996	30.2495	-80.9606	1.0000	49.2069	29.3362	-65.9606	1.0000	1.0000	0.0159	0.7066	1.7329	171.2242	1.0000
67.9249	95.4701	209.0985	1.0000	66.9627	95.1976	195.8135	1.0000	1.0000	0.3393	0.0480	1.1757	107.2721	1.0000
60.5847	45.8829	-36.5937	1.0000	63.9943	49.3652	92.0246	1.0000	6.0000	0.2799	0.5063	0.0225	52.5721	1.2311
23.2985	76.3783	64.5597	1.0000	37.1839	95.7617	60.1654	1.0000	24.0000	0.2563	0.0424	0.3315	32.7463	1.0066
21.5573	77.6205	168.5494	1.0000	32.2716	95.6693	61.7404	1.0000	23.0000	0.3546	0.0433	0.3140	33.6401	1.0958
59.8151	53.7332	62.9945	1.0000	59.9709	55.7099	92.9945	1.0000	2.0000	0.1994	0.4429	0.0333	45.4972	1.0086
4.0089	60.1909	226.1172	1.0000	30.5333	95.0673	45.0000	1.0000	50.0000	0.3893	0.0493	0.5000	49.2776	1.1411
40.8999	33.4242	23.4533	1.0000	47.7370	46.6005	76.0424	1.0000	15.0000	0.0453	0.5340	0.1551	55.2399	1.0105
40.0515	8.8743	257.3512	1.0000	35.6523	10.5446	85.9419	1.0000	7.0000	0.2870	0.8946	0.0451	90.6896	1.4876
36.5312	1.6696	187.6780	1.0000	34.3776	4.5095	90.8172	1.0000	4.0000	0.3124	0.9549	0.0091	96.7635	1.1223
38.1195	73.7094	112.7698	1.0000	38.1588	74.7087	87.7452	1.0000	1.0000	0.2368	0.2529	0.0251	28.0170	1.0000
96.4303	50.6186	156.3252	1.0000	52.1079	67.3097	117.3377	1.0000	52.0000	0.0422	0.3269	0.3038	42.6667	1.0979
52.3397	74.2628	211.4592	1.0000	51.3807	73.9794	196.4592	1.0000	1.0000	0.0276	0.2602	1.1829	109.6018	1.0000
16.3964	20.4222	206.5137	1.0000	47.7018	73.2864	72.6033	1.0000	66.0000	0.0460	0.2671	0.1933	31.9616	1.0743
13.6583	42.5618	17.8489	1.0000	47.5955	76.1109	71.2979	1.0000	51.0000	0.0481	0.2389	0.2078	30.4342	1.0687
89.6272	48.0314	119.7808	1.0000	52.1010	69.8298	117.3081	1.0000	47.0000	0.0420	0.3017	0.3034	40.7479	1.0830
17.2407	27.7297	120.4706	1.0000	47.5645	75.1103	70.7526	1.0000	57.0000	0.0487	0.2489	0.2139	31.5577	1.0133
17.0220	95.2325	102.5495	1.0000	17.1800	96.2199	80.9128	1.0000	1.0000	0.6564	0.0378	0.1010	34.2640	1.0000
5.2649	19.4390	211.8653	1.0000	2.2008	22.1958	88.3603	1.0000	5.0000	0.9560	0.7780	0.0182	91.3287	1.2131
10.4324	67.2363	88.0753	1.0000	33.9158	95.3867	59.9874	1.0000	37.0000	0.3217	0.0461	0.3335	34.3619	1.0093
60.8270	55.7134	5.5126	1.0000	62.6540	58.9716	86.4074	1.0000	4.0000	0.2531	0.4103	0.0399	43.0855	1.0708
16.1829	40.7131	217.5010	1.0000	12.8693	43.1615	93.9767	1.0000	5.0000	0.7426	0.5684	0.0442	68.0083	1.2136
74.8120	19.1398	-20.5075	1.0000	52.2947	46.4206	118.9119	1.0000	41.0000	0.0459	0.5358	0.3212	60.9255	1.1591
26.5455	93.9180	73.9656	1.0000	27.3442	95.7495	63.9273	1.0000	2.0000	0.4531	0.0425	0.2897	34.8014	1.0010
49.8286	51.1638	-79.6010	1.0000	50.2575	50.2605	-64.6010	1.0000	1.0000	0.0051	0.4974	1.7178	162.4055	1.0000
34.7331	82.6635	-57.9357	1.0000	47.4083	95.2009	69.4653	1.0000	21.0000	0.0518	0.0480	0.2282	21.2467	1.1779
33.5069	61.0428	-89.6549	1.0000	47.5945	73.2936	72.7561	1.0000	25.0000	0.0481	0.2671	0.1916	31.8806	1.3391
22.6393	41.9802	-14.0318	1.0000	47.6953	69.5824	72.7023	1.0000	41.0000	0.0461	0.3042	0.1922	35.0678	1.0998
95.4788	18.2997	124.8107	1.0000	52.2552	38.5932	118.2217	1.0000	52.0000	0.0451	0.6141	0.3136	67.6191	1.0890
56.7982	37.7518	170.4298	1.0000	52.3089	41.3247	118.1107	1.0000	6.0000	0.0462	0.5868	0.3123	65.1025	1.0457
82.3577	12.0213	10.2110	1.0000	52.3095	39.6575	118.7993	1.0000	46.0000	0.0462	0.6034	0.3200	66.9026	1.1268
26.7417	26.8556	197.7359	1.0000	47.5024	68.4983	70.1554	1.0000	50.0000	0.0500	0.3150	0.2205	37.3149	1.0746
64.9535	1.6783	-82.5366	1.0000	52.2036	28.0869	117.8166	1.0000	38.0000	0.0441	0.7191	0.3091	77.1370	1.2958
25.6791	10.7681	-51.6873	1.0000	47.5300	32.4571	73.5071	1.0000	38.0000	0.0494	0.6754	0.1833	69.5712	1.2343
20.9090	76.0485	-46.4601	1.0000	46.3224	95.4954	62.4840	1.0000	39.0000	0.0736	0.0450	0.3057	28.1238	1.2187
28.6936	79.6847	176.0579	1.0000	34.9604	95.5608	60.2249	1.0000	19.0000	0.3008	0.0444	0.3308	33.6519	1.1132
71.3568	38.0473	120.0160	1.0000	52.1726	62.2539	117.6444	1.0000	31.0000	0.0435	0.3775	0.3072	46.8370	1.0037
50.2039	86.0641	254.4734	1.0000	49.6959	85.2027	239.4734	1.0000	1.0000	0.0061	0.1480	1.6608	150.2043	1.0000
52.3961	55.3688	130.2648	1.0000	51.9326	56.2549	117.6145	1.0000	1.0000	0.0387	0.4375	0.3068	51.7680	1.0000
39.4231	51.9189	256.6493	1.0000	35.0311	53.6413	85.6305	1.0000	7.0000	0.2994	0.4636	0.0485	48.9110	1.4838
22.0474	90.0018	186.9442	1.0000	19.9456	92.8695	89.3930	1.0000	4.0000	0.6011	0.0713	0.0067	30.8947	1.1250
66.2193	61.6619	-41.6868	1.0000	52.4258	89.0231	118.3271	1.0000	36.0000	0.0485	0.1098	0.3147	30.4762	1.1749
54.1514	82.2409	-23.4120	1.0000	52.1168	94.8311	117.6332	1.0000	16.0000	0.0423	0.0517	0.3070	28.1920	1.2546
54.7405	74.3918	-38.5337	1.0000	58.3600	77.6363	88.6710	1.0000	6.0000	0.1672	0.2236	0.0148	23.9121	1.2344
4.4714	44.7985	-9.1519	1.0000	47.5851	77.4541	72.0436	1.0000	60.0000	0.0483	0.2255	0.1995	28.9238	1.1094
14.2921	78.0251	111.7504	1.0000	14.3496	79.0234	86.7011	1.0000	1.0000	0.7130	0.2098	0.0367	41.4952	1.0000
76.1583	77.4888	213.4037	1.0000	52.4518	90.8612	118.3559	1.0000	31.0000	0.0490	0.0914	0.3151	29.8930	1.1390
13.2305	35.9831	246.5393	1.0000	47.7555	92.4683	72.8870	1.0000	74.0000	0.0449	0.0753	0.1901	18.8313	1.1178
59.3421	64.8666	173.1212	1.0000	52.1907	71.2074	116.7566	1.0000	10.0000	0.0438	0.2879	0.2973	39.3666	1.0463
5.4902	56.4826	96.2708	1.0000	37.3860	95.6308	60.1302	1.0000	51.0000	0.2523	0.0437	0.3319	32.7171	1.0100
44.4052	42.8202	121.5564	1.0000	47.5614	55.3411	77.0421	1.0000	13.0000	0.0488	0.4466	0.1440	46.5647	1.0068
28.5697	16.9629	159.8127	1.0000	27.4836	19.5777	88.8525	1.0000	3.0000	0.4503	0.8042	0.0128	83.5227	1.0595
21.5844	89.3167	168.3181	1.0000	21.7699	95.4168	57.9163	1.0000	7.0000	0.5646	0.0458	0.3565	42.9803	1.1470
95.0603	65.1050	-21.6780	1.0000	52.3285	91.7911	118.6679	1.0000	61.0000	0.0466	0.0821	0.3185	29.9108	1.2108
86.1314	23.1602	234.7621	1.0000	52.0851	34.4783	117.2474	1.0000	43.0000	0.0417	0.6552	0.3027	70.9920	1.1985
96.4214	16.2248	-27.9753	1.0000	52.3507	43.0233	118.5352	1.0000	63.0000	0.0470	0.5698	0.3171	63.7662	1.2214
34.1889	23.7106	140.8931	1.0000	33.6881	25.6019	92.8547	1.0000	2.0000	0.3262	0.7440	0.0317	76.2188	1.0222
51.8258	85.1592	14.7187	1.0000	53.9658	89.3145	89.7227	1.0000	5.0000	0.0793	0.1069	0.0031	11.4010	1.0697
21.4104	63.3547	-56.6024	1.0000	47.6305	85.7356	74.8515	1.0000	44.0000	0.0474	0.1426	0.1683	20.9419	1.2764
22.3774	72.5676	190.9729	1.0000	20.0864	75.2877	93.2969	1.0000	4.0000	0.5983	0.2471	0.0366	38.9409	1.1247
89.8542	63.3784	114.4949	1.0000	52.4500	85.4405	118.3537	1.0000	47.0000	0.0490	0.1456	0.3150	31.9674	1.0823
98.2694	86.3767	208.5171	1.0000	55.1602	95.3397	128.4915	1.0000	48.0000	0.1032	0.0466	0.4277	39.1145	1.0901
54.5716	21.9311	247.6121	1.0000	52.2491	20.1418	202.6121	1.0000	3.0000	0.0450	0.7986	1.2512	138.0720	1.0232
35.7879	50.4530	-63.1746	1.0000	47.5492	61.7643	73.6450	1.0000	20.0000	0.0490	0.3824	0.1817	41.6589	1.2256
85.3903	56.7158	109.6132	1.0000	52.0981	80.8657	117.2955	1.0000	44.0000	0.0420	0.1913	0.3033	33.4001	1.0698
31.5150	79.7235	120.8345	1.0000	38.0906	95.1919	62.8346	1.0000	17.0000	0.2382	0.0481	0.3018	30.0485	1.0114
13.8407	12.4145	124.0177	1.0000	47.5740	63.3446	70.7661	1.0000	62.0000	0.0485	0.3666	0.2137	41.4662	1.0149
55.1695	97.3383	-13.3095	1.0000	56.1513	97.5280	10.9345	1.0000	1.0000	0.1230	0.0247	0.8785	79.3429	1.0000
11.5497	72.3391	-43.4445	1.0000	45.6312	95.3620	62.0708	1.0000	49.0000	0.0874	0.0464	0.3103	28.6468	1.1914
43.6874	19.8628	147.1625	1.0000	47.5704	37.0102	78.1623	1.0000	18.0000	0.0486	0.6299	0.1315	64.1385	1.0238
79.0135	14.9709	-54.1064	1.0000	82.8753	17.3257	92.8554	1.0000	6.0000	0.6575	0.8267	0.0317	89.0167	1.3265
75.4324	87.7225	264.5415	1.0000	52.1892	93.4099	117.7328	1.0000	35.0000	0.0438	0.0659	0.3081	28.5889	1.4627
91.8016	88.1545	16.4356	1.0000	92.9429	90.7266	91.0800	1.0000	3.0000	0.8589	0.0927	0.0120	43.9461	1.0661
14.8084	64.2106	38.1905	1.0000	41.8014	95.4174	60.0632	1.0000	42.0000	0.1640	0.0458	0.3326	31.3756	1.0179
97.0327	88.7032	100.3811	1.0000	91.2019	95.2573	151.6934	1.0000	9.0000	0.8240	0.0474	0.6855	74.3382	1.0259
14.4595	88.6739	25.5632	1.0000	27.9911	95.1465	25.5632	1.0000	15.0000	0.4402	0.0485	0.7160	68.2645	1.0000
79.2730	95.1139	233.1973	1.0000	60.1160	95.3505	129.9225	1.0000	22.0000	0.2023	0.0465	0.4436	41.4458	1.1483
27.4501	6.0540	-74.6435	1.0000	33.4099	-0.0259	-8.6340	0.0000	9.0000	0.3318	1.0003	1.0959	141.4534	1.0571
89.4101	92.0867	-18.6478	1.0000	91.8643	95.4818	99.1137	1.0000	5.0000	0.8373	0.0452	0.1013	43.0824	1.1935
32.8684	5.3431	268.7964	1.0000	47.5990	41.6337	71.3575	1.0000	48.0000	0.0480	0.5837	0.2071	61.3183	1.2255
36.4720	4.6627	184.9932	1.0000	34.4459	7.5950	88.2833	1.0000	4.0000	0.3111	0.9240	0.0191	93.7206	1.1223
59.0218	53.5656	223.0651	1.0000	52.2601	55.5947	117.2801	1.0000	8.0000	0.0452	0.4441	0.3031	52.1646	1.1332
48.0261	49.1923	122.7505	1.0000	47.6810	50.1309	110.1864	1.0000	1.0000	0.0464	0.4987	0.2243	53.8497	1.0000
33.7327	8.8404	-55.7768	1.0000	47.6398	24.2707	72.4447	1.0000	24.0000	0.0472	0.7573	0.1951	77.7733	1.1554
26.1236	45.4723	-17.3899	1.0000	47.5126	70.4651	70.3554	1.0000	36.0000	0.0497	0.2953	0.2183	35.5585	1.0944
55.1981	69.3096	48.2351	1.0000	52.2406	78.4092	117.9251	1.0000	10.0000	0.0448	0.2159	0.3103	35.3694	1.0451
54.3120	44.8273	174.0347	1.0000	51.9349	46.4989	126.8146	1.0000	3.0000	0.0387	0.5350	0.4091	64.9725	1.0323
9.3984	25.1101	246.3813	1.0000	47.5624	85.0977	70.7573	1.0000	79.0000	0.0488	0.1490	0.2138	24.4602	1.1111
87.8370	78.0901	22.7836	1.0000	58.8381	95.7494	128.5960	1.0000	39.0000	0.1768	0.0425	0.4288	39.8224	1.1487
23.4432	20.0824	65.6535	1.0000	47.7106	58.8349	72.3282	1.0000	46.0000	0.0458	0.4117	0.1964	44.8564	1.0060
27.8750	7.0743	26.3169	1.0000	47.6693	37.5489	71.7979	1.0000	37.0000	0.0466	0.6245	0.2022	65.0914	1.0182
76.7388	53.6773	134.1386	1.0000	52.2170	73.6590	118.6431	1.0000	33.0000	0.0443	0.2634	0.3183	38.9767	1.0432
2.5729	56.1439	-12.2488	1.0000	47.6939	89.0208	72.7522	1.0000	62.0000	0.0461	0.1098	0.1916	20.5754	1.1105
78.1074	46.7831	29.0340	1.0000	52.0604	74.3995	117.1619	1.0000	41.0000	0.0412	0.2560	0.3018	37.3817	1.0800
18.1774	40.4264	57.1224	1.0000	47.7285	83.8752	72.4090	1.0000	53.0000	0.0454	0.1612	0.1955	23.9710	1.0086
92.8814	99.1447	197.3597	1.0000	91.9045	98.9309	192.3475	1.0000	1.0000	0.8381	0.0107	1.1372	110.5990	1.0000
90.6792	94.2229	212.6854	1.0000	61.1217	95.6755	133.7310	1.0000	31.0000	0.2224	0.0432	0.4859	45.3298	1.0475
40.7919	6.0725	140.5788	1.0000	40.3441	7.9728	90.7299	1.0000	2.0000	0.1931	0.9203	0.0081	92.5352	1.0244
35.8188	5.3021	196.1527	1.0000	47.5641	49.3720	76.5677	1.0000	48.0000	0.0487	0.5063	0.1492	52.4362	1.0524
32.7052	64.7379	103.3824	1.0000	43.6765	95.8337	69.9577	1.0000	33.0000	0.1265	0.0417	0.2227	21.4252	1.0008
13.8321	35.9939	33.5269	1.0000	47.7758	77.3213	73.2403	1.0000	55.0000	0.0445	0.2268	0.1862	28.2871	1.0284
78.8375	79.9579	46.9702	1.0000	60.5148	95.3580	129.5232	1.0000	26.0000	0.2103	0.0464	0.4391	41.1606	1.0863
41.8044	3.7873	28.6260	1.0000	47.7302	15.2471	74.6317	1.0000	13.0000	0.0454	0.8475	0.1708	86.1649	1.0077
15.4261	6.8860	55.3917	1.0000	47.7409	53.1904	72.9327	1.0000	57.0000	0.0452	0.4681	0.1896	49.8752	1.0095
35.4954	54.7644	269.4093	1.0000	47.7504	89.0712	73.6698	1.0000	45.0000	0.0450	0.1093	0.1814	19.7781	1.2352
36.5163	16.9264	172.3608	1.0000	47.7354	58.2026	74.2381	1.0000	44.0000	0.0453	0.4180	0.1751	44.7279	1.0287
63.3223	55.9914	173.6581	1.0000	52.2836	66.8905	118.8816	1.0000	16.0000	0.0457	0.3311	0.3209	43.9954	1.0314
13.6575	45.7240	213.9258	1.0000	10.5036	48.3752	90.2784	1.0000	5.0000	0.7899	0.5162	0.0031	65.0013	1.2135
44.0140	81.7331	131.5157	1.0000	47.2288	95.1826	76.7908	1.0000	14.0000	0.0554	0.0482	0.1468	14.3307	1.0124
31.0674	42.3422	42.7425	1.0000	47.6723	71.9556	71.8517	1.0000	34.0000	0.0466	0.2804	0.2016	33.4854	1.0014
21.1462	43.3844	192.7369	1.0000	47.6438	91.1006	72.1715	1.0000	58.0000	0.0471	0.0890	0.1981	20.0650	1.0627
59.1681	55.1790	88.7236	1.0000	52.1018	67.1499	117.3265	1.0000	14.0000	0.0420	0.3285	0.3036	42.7818	1.0071
9.1563	4.0796	-27.8208	1.0000	47.5675	34.5464	73.1724	1.0000	56.0000	0.0487	0.6545	0.1870	67.6259	1.1422
56.4488	9.9320	64.4151	1.0000	56.5555	11.9121	94.4151	1.0000	2.0000	0.1311	0.8809	0.0491	88.4418	1.0086
43.0781	72.2248	-6.8452	1.0000	47.6687	76.8811	67.3615	1.0000	7.0000	0.0466	0.2312	0.2515	32.4411	1.0706
3.0589	15.1124	78.0256	1.0000	47.5457	74.5892	70.5075	1.0000	75.0000	0.0491	0.2541	0.2166	32.1199	1.0098
63.5453	90.4387	74.5706	1.0000	63.5528	91.4387	89.5706	1.0000	1.0000	0.2711	0.0856	0.0048	16.0362	1.0000
59.6418	26.0232	143.5855	1.0000	52.4498	35.5487	118.3493	1.0000	12.0000	0.0490	0.6445	0.3150	70.4533	1.0054
99.2475	74.9372	7.5611	1.0000	100.0966	75.4655	31.8892	0.0000	1.0000	1.0019	0.2453	0.6457	80.5511	1.0000
19.5005	33.5444	-76.1304	1.0000	47.6055	52.3873	74.4260	1.0000	48.0000	0.0479	0.4761	0.1730	50.1522	1.4186
10.4968	55.6427	-0.8705	1.0000	47.7053	87.6629	72.9697	1.0000	54.0000	0.0459	0.1234	0.1892	21.1542	1.1000
99.3993	83.1195	56.6769	1.0000	62.4073	95.1665	142.9759	1.0000	43.0000	0.2481	0.0483	0.5886	54.6237	1.1053
24.0645	0.8238	56.6165	1.0000	47.7569	38.7316	73.2947	1.0000	45.0000	0.0449	0.6127	0.1856	63.5446	1.0067
85.7185	25.6293	95.1327	1.0000	52.1682	50.8240	117.6215	1.0000	45.0000	0.0434	0.4918	0.3069	56.4440	1.0725
48.0891	68.1120	-19.7980	1.0000	49.0856	68.0284	-4.7980	1.0000	1.0000	0.0183	0.3197	1.0533	100.0484	1.0000
84.0884	49.6066	56.1456	1.0000	52.1898	76.3647	117.7363	1.0000	45.0000	0.0438	0.2364	0.3082	36.5065	1.0808
36.8132	84.0641	86.2105	1.0000	40.2440	95.5632	73.3872	1.0000	12.0000	0.1951	0.0444	0.1846	19.7699	1.0000
0.1995	56.3761	142.9800	1.0000	-0.2704	57.2588	118.0319	0.0000	1.0000	1.0054	0.4274	0.3115	71.6918	1.0000
35.6876	39.0533	125.4741	1.0000	47.5451	77.0919	76.7584	1.0000	40.0000	0.0491	0.2291	0.1471	26.5735	1.0039
27.3876	62.9712	88.4156	1.0000	45.6614	95.0554	60.7519	1.0000	37.0000	0.0868	0.0494	0.3250	29.9787	1.0021
1.8391	76.4089	3.8257	1.0000	39.3595	95.2388	60.4764	1.0000	45.0000	0.2128	0.0476	0.3280	31.7416	1.0719
18.0016	13.4738	51.0544	1.0000	47.6827	56.8065	72.0770	1.0000	53.0000	0.0463	0.4319	0.1991	46.8218	1.0091
96.5912	0.5340	49.8095	1.0000	52.4116	25.9329	118.3149	1.0000	57.0000	0.0482	0.7407	0.3146	79.3314	1.1185
56.5101	91.9586	40.6418	1.0000	56.6801	95.7957	108.7843	1.0000	4.0000	0.1336	0.0420	0.2087	20.3753	1.0415
51.1420	70.5379	159.9885	1.0000	50.4038	71.2125	137.5808	1.0000	1.0000	0.0081	0.2879	0.5287	55.6131	1.0000
99.1719	24.8905	187.2215	1.0000	52.4135	39.3552	118.3161	1.0000	54.0000	0.0483	0.6064	0.3146	66.9733	1.1033
27.3852	88.1094	-32.3814	1.0000	39.2357	95.7891	61.6252	1.0000	17.0000	0.2153	0.0421	0.3153	30.6387	1.2039
27.8776	62.8629	226.0085	1.0000	42.8010	95.1006	60.4677	1.0000	41.0000	0.1440	0.0490	0.3281	30.7894	1.1541
42.8614	56.9603	246.5866	1.0000	47.7807	87.0248	73.6736	1.0000	36.0000	0.0444	0.1298	0.1814	20.9722	1.1817
5.6822	21.3809	75.0848	1.0000	47.6871	78.9488	72.2350	1.0000	72.0000	0.0463	0.2105	0.1974	27.6424	1.0103
67.3208	99.1039	96.4032	1.0000	67.0020	100.0517	108.5927	1.0000	1.0000	0.3400	0.0005	0.2066	25.1944	1.0000
10.3216	15.1009	114.1942	1.0000	10.3381	16.1007	89.0523	1.0000	1.0000	0.7932	0.8390	0.0105	92.8065	1.0000
9.1755	54.6543	-15.8003	1.0000	47.7103	86.4717	74.2090	1.0000	56.0000	0.0458	0.1353	0.1755	20.9192	1.1206
96.2604	59.9421	108.5566	1.0000	52.4932	82.7411	118.4159	1.0000	54.0000	0.0499	0.1726	0.3157	33.3399	1.0942
98.2835	28.9299	268.4786	1.0000	52.3266	33.2430	118.6802	1.0000	59.0000	0.0465	0.6676	0.3187	72.6944	1.2782
6.9359	55.0692	-48.1793	1.0000	47.6053	82.9449	73.5130	1.0000	59.0000	0.0479	0.1706	0.1832	23.8418	1.1966
0.3781	29.5196	111.5037	1.0000	0.4424	30.5175	86.3121	1.0000	1.0000	0.9912	0.6948	0.0410	85.4247	1.0000
53.7438	51.5002	-81.4937	1.0000	58.6520	53.1130	87.6571	1.0000	8.0000	0.1730	0.4689	0.0260	47.7361	1.5485
30.1210	93.2357	183.5639	1.0000	28.0594	95.1796	113.1256	1.0000	3.0000	0.4388	0.0482	0.2570	32.2400	1.0587
17.3042	26.4823	235.2796	1.0000	13.4377	28.8019	87.2057	1.0000	6.0000	0.7312	0.7120	0.0310	80.0860	1.3307
19.5698	55.4489	51.1981	1.0000	47.1607	95.4938	66.9133	1.0000	49.0000	0.0568	0.0451	0.2565	23.6931	1.0076
39.4292	52.0205	125.6950	1.0000	47.6786	79.6659	74.6350	1.0000	29.0000	0.0464	0.2033	0.1707	25.5919	1.0052
79.9632	29.1967	247.2173	1.0000	52.4966	37.6290	118.4214	1.0000	37.0000	0.0499	0.6237	0.3158	68.5868	1.2878
4.5654	81.7514	-58.5248	1.0000	41.2751	95.6726	61.6788	1.0000	48.0000	0.1745	0.0433	0.3147	29.9490	1.2226
15.7248	38.0420	122.4412	1.0000	47.5307	86.7585	70.4170	1.0000	59.0000	0.0494	0.1324	0.2176	23.7683	1.0141
91.6142	5.5247	0.7070	1.0000	52.2218	32.5972	118.0464	1.0000	56.0000	0.0444	0.6740	0.3116	73.0389	1.1716
91.0928	39.5086	178.1922	1.0000	52.3535	54.7321	118.5199	1.0000	46.0000	0.0471	0.4527	0.3169	53.5547	1.1052
7.8654	65.1431	89.1476	1.0000	33.5252	95.3550	60.7404	1.0000	40.0000	0.3295	0.0465	0.3251	33.8987	1.0091
99.2685	40.6906	-40.4247	1.0000	100.2333	40.4273	-15.2649	0.0000	1.0000	1.0047	0.5957	1.1696	130.9694	1.0000
85.4383	16.8658	77.9439	1.0000	52.2242	42.3663	118.6318	1.0000	45.0000	0.0445	0.5763	0.3181	64.3923	1.0746
20.2654	97.9310	97.3826	1.0000	20.4457	98.9146	79.6128	1.0000	1.0000	0.5911	0.0109	0.1154	31.3453	1.0000
51.1139	17.3531	141.4182	1.0000	50.6272	18.2267	119.1262	1.0000	1.0000	0.0125	0.8177	0.3236	86.8078	1.0000
73.8451	32.4980	-57.3684	1.0000	77.9093	34.5502	87.4694	1.0000	6.0000	0.5582	0.6545	0.0281	71.1969	1.3178
48.4382	31.9188	-50.2672	1.0000	49.2547	31.3415	-35.2672	1.0000	1.0000	0.0149	0.6866	1.3919	142.8510	1.0000
56.5833	31.5967	169.9879	1.0000	52.2307	35.3000	117.0491	1.0000	6.0000	0.0446	0.6470	0.3005	70.1621	1.0499
96.0798	42.8420	177.9241	1.0000	52.3474	57.8978	118.5530	1.0000	51.0000	0.0469	0.4210	0.3173	50.9252	1.1027
29.4837	52.7396	70.6459	1.0000	47.5194	85.0103	70.0979	1.0000	37.0000	0.0496	0.1499	0.2211	25.0387	1.0008
59.5008	3.1717	-24.6108	1.0000	52.3103	22.0922	118.7941	1.0000	24.0000	0.0462	0.7791	0.3199	83.0907	1.1857
43.4834	3.2384	251.6723	1.0000	47.6108	31.0028	76.5604	1.0000	34.0000	0.0478	0.6900	0.1493	70.3346	1.2113
93.0755	69.4643	96.8658	1.0000	52.1640	93.6651	117.5999	1.0000	52.0000	0.0433	0.0633	0.3067	28.4001	1.0940
92.9111	29.9562	76.7345	1.0000	52.4053	54.5106	118.3107	1.0000	52.0000	0.0481	0.4549	0.3146	53.6336	1.0978
8.3852	89.6787	235.3306	1.0000	4.5275	92.0101	86.9381	1.0000	6.0000	0.9094	0.0799	0.0340	46.2705	1.3311
39.4180	88.3734	121.3024	1.0000	41.1472	95.0654	70.6067	1.0000	7.0000	0.1771	0.0493	0.2155	21.8820	1.0128
97.1881	62.7586	106.6650	1.0000	52.1069	86.5981	117.3333	1.0000	56.0000	0.0421	0.1340	0.3037	30.5149	1.0981
54.0053	83.2910	266.4306	1.0000	52.3841	80.8482	221.4306	1.0000	3.0000	0.0477	0.1915	1.4603	132.8400	1.0232
99.5705	87.9508	148.1635	1.0000	59.1247	95.2206	128.7427	1.0000	43.0000	0.1825	0.0478	0.4305	40.0887	1.0464
12.7219	38.9417	181.9362	1.0000	47.7374	94.7228	73.0581	1.0000	69.0000	0.0453	0.0528	0.1882	17.8884	1.0477
33.0793	66.9725	96.2058	1.0000	44.4332	95.8027	68.0995	1.0000	31.0000	0.1113	0.0420	0.2433	22.9834	1.0005
82.6212	27.3855	191.2165	1.0000	52.1485	42.7806	117.5233	1.0000	38.0000	0.0430	0.5722	0.3058	63.5311	1.1130
56.3560	7.9021	147.9113	1.0000	52.2109	13.4232	117.5765	1.0000	7.0000	0.0442	0.8658	0.3064	90.8894	1.0139
31.4637	71.6219	83.6509	1.0000	41.9642	95.3846	65.0446	1.0000	26.0000	0.1607	0.0462	0.2773	26.6204	1.0008
11.8709	43.5857	259.3219	1.0000	7.4472	45.1040	86.8254	1.0000	7.0000	0.8511	0.5490	0.0353	69.5298	1.4967
20.0705	5.9645	226.1747	1.0000	47.5234	54.9360	70.4427	1.0000	62.0000	0.0495	0.4506	0.2173	49.1872	1.1044
15.1765	3.1650	243.8473	1.0000	47.6505	57.7420	72.2067	1.0000	71.0000	0.0470	0.4226	0.1977	45.9115	1.1180
33.1098	12.5215	269.9258	1.0000	47.7324	48.7738	72.5778	1.0000	48.0000	0.0454	0.5123	0.1936	54.1553	1.2279
77.0246	18.1929	85.1205	1.0000	52.0631	43.7060	117.1708	1.0000	37.0000	0.0413	0.5629	0.3019	62.5421	1.0366
24.0937	61.7493	263.4291	1.0000	19.5011	62.8377	93.1743	1.0000	7.0000	0.6100	0.3716	0.0353	48.1798	1.4831
90.3204	33.0653	99.1157	1.0000	52.2055	57.0995	117.8283	1.0000	49.0000	0.0441	0.4290	0.3092	51.1834	1.0874
32.3793	90.6010	262.8747	1.0000	29.1121	95.1614	58.0847	1.0000	11.0000	0.4178	0.0484	0.3546	38.4487	1.9608
62.4572	32.9800	224.3451	1.0000	52.2295	38.2628	117.6509	1.0000	13.0000	0.0446	0.6174	0.3072	67.6833	1.1293
62.2778	53.1920	49.1981	1.0000	52.4991	70.9336	118.4256	1.0000	21.0000	0.0500	0.2907	0.3158	40.7323	1.0366
2.4977	33.0781	-79.8247	1.0000	47.5599	54.9083	71.9391	1.0000	66.0000	0.0488	0.4509	0.2007	48.6355	1.3181
58.6448	68.7930	-62.3226	1.0000	62.8890	71.6183	91.3816	1.0000	7.0000	0.2578	0.2838	0.0154	31.2018	1.3729
34.2666	45.2574	210.4763	1.0000	31.0811	48.0001	92.6327	1.0000	5.0000	0.3784	0.5200	0.0293	55.3971	1.1895
67.0180	4.2444	136.7004	1.0000	52.4662	23.2675	118.3756	1.0000	24.0000	0.0493	0.7673	0.3153	81.8482	1.0021
66.7167	83.1835	-67.0478	1.0000	64.4000	95.2977	128.4215	1.0000	19.0000	0.2880	0.0470	0.4269	41.2999	1.5405
95.0233	0.4759	269.7564	1.0000	94.9318	-0.5199	264.7475	0.0000	1.0000	0.8986	1.0052	1.9416	206.5425	1.0000
30.0417	47.7179	-22.1014	1.0000	47.7282	71.9087	73.1573	1.0000	32.0000	0.0454	0.2809	0.1871	32.8323	1.0679
81.0559	37.7687	160.2001	1.0000	52.3771	54.2954	118.4008	1.0000	36.0000	0.0475	0.4570	0.3156	53.8625	1.0876
34.2275	64.7656	49.5832	1.0000	47.5930	89.3362	71.5008	1.0000	28.0000	0.0481	0.1066	0.2055	21.4880	1.0011
89.8932	76.7616	63.5996	1.0000	89.9164	77.7613	88.6732	1.0000	1.0000	0.7983	0.2224	0.0147	45.7125	1.0000
23.3266	25.3833	144.4526	1.0000	47.5474	67.9308	70.6118	1.0000	50.0000	0.0491	0.3207	0.2154	37.5546	1.0213
73.8005	38.1344	215.9142	1.0000	52.2463	51.6965	118.3382	1.0000	29.0000	0.0449	0.4830	0.3149	56.0476	1.1388
72.0629	76.0911	-12.0477	1.0000	59.3937	95.4434	128.4939	1.0000	27.0000	0.1879	0.0456	0.4277	39.8846	1.1673
69.9810	68.6939	82.3091	1.0000	52.2946	93.9436	118.9129	1.0000	31.0000	0.0459	0.0606	0.3213	29.6294	1.0056
16.6815	32.5800	132.0167	1.0000	47.7391	81.5774	73.0676	1.0000	59.0000	0.0452	0.1842	0.1881	25.1239	1.0170
56.2434	70.4002	184.3315	1.0000	52.2625	72.9181	116.7250	1.0000	5.0000	0.0452	0.2708	0.2969	38.1153	1.0615
24.7263	5.6661	146.3166	1.0000	47.5009	46.7422	70.3169	1.0000	48.0000	0.0500	0.5326	0.2187	56.8336	1.0220
41.3196	71.4546	112.7757	1.0000	41.3602	72.4538	87.6734	1.0000	1.0000	0.1728	0.2755	0.0259	28.9629	1.0000
9.8533	16.6738	203.7595	1.0000	47.7245	76.0017	72.9551	1.0000	75.0000	0.0455	0.2400	0.1894	29.5233	1.0656
98.1340	15.6829	248.1053	1.0000	52.2178	24.0770	118.7195	1.0000	56.0000	0.0444	0.7592	0.3191	81.2037	1.1997
25.8022	76.9911	72.7902	1.0000	37.5568	95.4574	60.2705	1.0000	22.0000	0.2489	0.0454	0.3303	32.5471	1.0050
31.3998	9.0748	-82.8101	1.0000	47.6705	24.9141	72.8260	1.0000	29.0000	0.0466	0.7509	0.1908	77.0602	1.2771
8.4477	76.9073	22.8990	1.0000	36.8188	95.0730	60.3233	1.0000	35.0000	0.2636	0.0493	0.3297	32.8439	1.0389
63.5589	64.5927	266.0683	1.0000	52.3432	66.9500	118.3004	1.0000	15.0000	0.0469	0.3305	0.3144	43.5742	1.3088
67.2377	72.6877	223.9715	1.0000	52.0841	84.1414	117.2382	1.0000	21.0000	0.0417	0.1586	0.3026	31.5873	1.1055
41.2860	66.8117	260.3438	1.0000	36.8317	68.2488	88.2124	1.0000	7.0000	0.2634	0.3175	0.0199	34.4200	1.4956
48.4344	49.7565	181.9860	1.0000	47.5427	58.4137	75.1839	1.0000	10.0000	0.0491	0.4159	0.1646	44.2151	1.1490
63.8837	11.1133	232.0272	1.0000	52.2984	17.1449	117.4102	1.0000	15.0000	0.0460	0.8286	0.3046	87.3016	1.1484
74.1485	22.0909	-19.3309	1.0000	52.1747	50.2348	117.6549	1.0000	41.0000	0.0435	0.4977	0.3073	56.9745	1.1483
17.1866	15.6976	262.1202	1.0000	12.6949	16.9822	89.7079	1.0000	7.0000	0.7461	0.8302	0.0032	91.0149	1.4984
12.2081	15.5816	213.6111	1.0000	9.0679	18.2491	89.9795	1.0000	5.0000	0.8186	0.8175	0.0002	91.4256	1.2135
42.5521	48.5070	183.2619	1.0000	47.7086	75.4804	74.3144	1.0000	29.0000	0.0458	0.2452	0.1743	29.1976	1.0560
89.8613	32.4220	101.6842	1.0000	52.4028	55.9647	118.3091	1.0000	48.0000	0.0481	0.4404	0.3145	52.4051	1.0849
20.9961	91.1550	-73.1453	1.0000	40.4074	95.0059	60.9630	1.0000	29.0000	0.1919	0.0499	0.3226	30.9855	1.4654
10.4718	6.2584	244.0351	1.0000	47.7744	65.8503	73.5134	1.0000	78.0000	0.0445	0.3415	0.1832	37.9864	1.1095
10.8130	50.6357	162.0108	1.0000	9.7408	53.2382	87.4194	1.0000	3.0000	0.8052	0.4676	0.0287	61.7586	1.0658
69.5080	69.9793	-36.5422	1.0000	54.5591	95.6436	128.4906	1.0000	35.0000	0.0912	0.0436	0.4277	39.0037	1.1784
65.0120	6.7219	260.2518	1.0000	52.3695	11.2530	117.6026	1.0000	17.0000	0.0474	0.8875	0.3067	92.9707	1.2658
90.1226	29.7837	17.0004	1.0000	91.2386	32.3671	91.6354	1.0000	3.0000	0.8248	0.6763	0.0182	79.2307	1.0660
71.8782	5.2006	-1.5516	1.0000	73.7868	8.2296	93.5635	1.0000	4.0000	0.4757	0.9177	0.0396	94.8700	1.1173
5.7083	57.6623	70.7952	1.0000	37.5185	95.7703	60.0540	1.0000	50.0000	0.2496	0.0423	0.3327	32.7176	1.0073
39.3080	18.8138	163.8348	1.0000	38.1522	21.3804	89.3311	1.0000	3.0000	0.2370	0.7862	0.0074	79.5101	1.0658
18.4033	82.5500	97.5047	1.0000	28.8375	95.6550	45.0018	1.0000	17.0000	0.4232	0.0435	0.5000	49.9157	1.0148
92.0083	43.5018	-59.1282	1.0000	95.9997	45.5777	89.5256	1.0000	6.0000	0.9200	0.5442	0.0053	71.2600	1.3337
92.1861	59.3033	55.8687	1.0000	52.1391	85.3350	117.4787	1.0000	53.0000	0.0428	0.1467	0.3053	31.2204	1.1096
3.5261	47.8605	123.0071	1.0000	40.3361	95.3379	60.1667	1.0000	61.0000	0.1933	0.0466	0.3315	31.7042	1.0154
1.7147	68.7618	88.0740	1.0000	25.6655	95.2916	45.0000	1.0000	36.0000	0.4867	0.0471	0.5000	51.3745	1.0072
6.5397	52.6694	-7.1540	1.0000	47.5274	84.0455	70.1821	1.0000	57.0000	0.0495	0.1595	0.2202	25.5619	1.1043
9.2049	21.2797	158.1006	1.0000	47.6000	78.6265	70.8728	1.0000	71.0000	0.0480	0.2137	0.2125	28.7826	1.0288
12.2403	25.6277	84.0642	1.0000	47.7248	76.9250	72.9614	1.0000	63.0000	0.0455	0.2307	0.1893	28.7740	1.0100
97.2694	60.3153	102.3291	1.0000	52.1206	84.0480	117.3935	1.0000	56.0000	0.0424	0.1595	0.3044	31.7705	1.0979
99.9400	87.2681	-45.4124	1.0000	100.8784	86.9226	-20.2149	0.0000	1.0000	1.0176	0.1308	1.2246	122.0940	1.0000
63.2409	45.1640	131.2079	1.0000	52.0567	60.4594	117.1493	1.0000	19.0000	0.0411	0.3954	0.3017	48.0081	1.0027
53.9045	9.3214	58.2354	1.0000	54.2902	11.2694	85.6370	1.0000	2.0000	0.0858	0.8873	0.0485	88.9414	1.0072
33.4285	30.2403	110.3172	1.0000	33.4901	31.2384	86.4644	1.0000	1.0000	0.3302	0.6876	0.0393	70.8042	1.0000
27.6022	86.4801	70.1483	1.0000	33.4903	95.7243	59.3752	1.0000	11.0000	0.3302	0.0428	0.3403	35.0532	1.0036
98.7876	92.9554	219.7361	1.0000	59.4468	95.4672	128.8246	1.0000	42.0000	0.1889	0.0453	0.4314	40.2137	1.0654
49.4952	48.4768	257.8911	1.0000	49.0320	47.5906	242.4108	1.0000	1.0000	0.0194	0.5241	1.6935	161.1730	1.0000
94.8952	3.1802	128.5129	1.0000	52.3220	22.7898	118.7100	1.0000	51.0000	0.0464	0.7721	0.3190	82.4080	1.0881
54.4461	96.8801	-11.4682	1.0000	55.4300	97.0588	10.2965	1.0000	1.0000	0.1086	0.0294	0.8856	79.9424	1.0000
31.7731	48.1478	208.2763	1.0000	28.6396	50.9477	91.2412	1.0000	5.0000	0.4272	0.4905	0.0138	53.5157	1.1899
79.3895	33.3327	124.1435	1.0000	52.3424	54.5781	118.5811	1.0000	36.0000	0.0468	0.4542	0.3176	53.7170	1.0467
96.6315	67.5217	84.3468	1.0000	52.2098	92.1277	117.8559	1.0000	56.0000	0.0442	0.0787	0.3095	29.0311	1.1028
90.5738	71.7141	126.1041	1.0000	52.2541	92.0094	118.2358	1.0000	47.0000	0.0451	0.0799	0.3137	29.4311	1.0839
69.6048	39.5200	42.8673	1.0000	70.0161	41.4349	89.5678	1.0000	2.0000	0.4003	0.5857	0.0048	61.8927	1.0212
55.2499	11.1479	244.7727	1.0000	51.8451	9.3926	184.7727	1.0000	4.0000	0.0369	0.9061	1.0530	131.1296	1.0442
42.7181	23.8404	195.1639	1.0000	47.5255	49.2478	78.0549	1.0000	28.0000	0.0495	0.5075	0.1327	52.1976	1.0828
88.5758	87.0783	201.1152	1.0000	56.4975	95.1621	128.4978	1.0000	36.0000	0.1300	0.0484	0.4278	39.3408	1.0882
24.8227	77.3954	143.7192	1.0000	35.1310	95.7778	60.1124	1.0000	22.0000	0.2974	0.0422	0.3321	33.6480	1.0439
6.3929	56.4418	-78.8063	1.0000	47.5633	76.6279	70.4726	1.0000	61.0000	0.0487	0.2337	0.2170	30.5534	1.3303
38.5528	79.9212	8.9337	1.0000	47.4712	95.1882	72.5624	1.0000	18.0000	0.0506	0.0481	0.1938	18.2652	1.0180
57.3663	95.3480	131.7658	1.0000	56.7277	96.1176	129.6896	1.0000	1.0000	0.1346	0.0388	0.4410	40.4426	1.0000
16.1181	20.8504	-8.2671	1.0000	47.5204	50.7442	71.7259	1.0000	48.0000	0.0496	0.4926	0.2030	52.5949	1.1071
13.8250	26.8628	81.8229	1.0000	47.5951	75.8018	70.8105	1.0000	60.0000	0.0481	0.2420	0.2132	30.9770	1.0091
27.0202	13.2278	144.8874	1.0000	47.6546	52.2270	71.6650	1.0000	45.0000	0.0469	0.4777	0.2037	51.2244	1.0199
1.8659	60.3603	86.3222	1.0000	32.9476	95.2022	61.4603	1.0000	47.0000	0.3410	0.0480	0.3171	33.5904	1.0066
91.9652	22.6150	33.1910	1.0000	52.2228	49.2506	117.9720	1.0000	54.0000	0.0445	0.5075	0.3108	57.9903	1.1287
41.3516	67.0371	222.7022	1.0000	46.6349	95.7466	75.3465	1.0000	33.0000	0.0673	0.0425	0.1628	15.6250	1.1305
96.2206	42.4715	76.1963	1.0000	52.0889	67.5042	117.2614	1.0000	56.0000	0.0418	0.3250	0.3029	42.4679	1.1037
31.7851	91.0481	177.7235	1.0000	30.3220	95.1321	72.1804	1.0000	5.0000	0.3936	0.0487	0.1980	26.9900	1.1526
61.8199	42.6278	201.5401	1.0000	52.4914	48.8371	119.1099	1.0000	12.0000	0.0498	0.5116	0.3234	58.9172	1.0708
21.9759	41.7822	65.9890	1.0000	47.5727	82.0084	71.3230	1.0000	48.0000	0.0485	0.1799	0.2075	26.0465	1.0067
49.2341	4.4294	230.5187	1.0000	48.4148	3.8560	214.9871	1.0000	1.0000	0.0317	0.9614	1.3887	157.6958	1.0000
78.6283	21.4479	89.5330	1.0000	52.3478	46.7119	118.5508	1.0000	38.0000	0.0470	0.5329	0.3172	60.5003	1.0424
9.4407	92.4956	188.3496	1.0000	7.3006	95.3211	89.7469	1.0000	4.0000	0.8540	0.0468	0.0028	42.9557	1.1285
43.5732	96.3230	106.9157	1.0000	43.7085	97.3138	82.2237	1.0000	1.0000	0.1258	0.0269	0.0864	10.3571	1.0000
84.1038	55.4094	40.6792	1.0000	84.5144	57.3184	90.3481	1.0000	2.0000	0.6903	0.4268	0.0039	54.8916	1.0242
41.2878	57.5077	124.4336	1.0000	47.6049	79.4862	75.4267	1.0000	23.0000	0.0479	0.2051	0.1619	25.2771	1.0058
57.2200	52.2814	20.4620	1.0000	52.4957	65.2530	118.4736	1.0000	15.0000	0.0499	0.3475	0.3164	44.9926	1.0866
92.6944	38.6672	85.6876	1.0000	52.2213	63.3781	118.0839	1.0000	52.0000	0.0444	0.3662	0.3120	46.2040	1.0966
23.4980	40.7769	18.6799	1.0000	47.6269	71.6300	71.8373	1.0000	41.0000	0.0475	0.2837	0.2018	33.7694	1.0468
3.8839	41.0394	-71.7315	1.0000	47.5125	64.9082	72.3988	1.0000	64.0000	0.0498	0.3509	0.1956	39.3373	1.2869
93.5503	16.4260	45.8293	1.0000	52.1201	42.8832	117.3914	1.0000	55.0000	0.0424	0.5712	0.3043	63.3807	1.1189
82.2623	83.8434	-35.8181	1.0000	85.5081	86.3791	87.6752	1.0000	5.0000	0.7102	0.1362	0.0258	38.1020	1.2139
72.6224	97.1938	124.4968	1.0000	71.9861	97.9652	129.5186	1.0000	1.0000	0.4397	0.0203	0.4391	45.2687	1.0000
86.5081	63.6115	189.7524	1.0000	52.1051	79.0364	117.3253	1.0000	42.0000	0.0421	0.2096	0.3036	34.5047	1.1140
23.8995	70.4495	201.4212	1.0000	36.8953	95.4415	60.0567	1.0000	32.0000	0.2621	0.0456	0.3327	33.0017	1.1360
25.8763	19.9704	-83.0641	1.0000	47.6994	36.1025	75.7482	1.0000	41.0000	0.0460	0.6390	0.1584	65.5080	1.5108
64.5626	27.0111	48.9404	1.0000	52.3141	47.8991	118.7665	1.0000	25.0000	0.0463	0.5210	0.3196	59.5598	1.0324
56.7903	34.3473	164.4596	1.0000	52.4058	38.0924	118.7841	1.0000	6.0000	0.0481	0.6191	0.3198	68.3145	1.0405
58.9361	44.0227	170.2841	1.0000	52.3948	49.6827	118.3440	1.0000	9.0000	0.0479	0.5032	0.3149	57.8009	1.0404
43.6492	8.2258	-87.3083	1.0000	48.0972	5.1334	2.6917	1.0000	6.0000	0.0381	0.9487	0.9701	128.9420	1.1076
17.6156	49.5194	114.3220	1.0000	17.6241	50.5194	89.5127	1.0000	1.0000	0.6475	0.4948	0.0054	59.1334	1.0000
68.2160	89.5134	4.2537	1.0000	68.7196	95.4427	118.6470	1.0000	7.0000	0.3744	0.0456	0.3183	34.5230	1.1763
46.8021	14.9367	133.9892	1.0000	46.3553	16.8630	94.4337	1.0000	2.0000	0.0729	0.8314	0.0493	83.3349	1.0114
24.3394	93.4291	105.7583	1.0000	24.8375	95.3542	69.3407	1.0000	2.0000	0.5033	0.0465	0.2295	32.8868	1.0058
34.7844	30.4396	23.4679	1.0000	47.5201	54.1000	73.0307	1.0000	27.0000	0.0496	0.4590	0.1885	48.9991	1.0048
27.2313	95.2087	154.7832	1.0000	26.5748	95.9630	131.0343	1.0000	1.0000	0.4685	0.0404	0.4559	47.4220	1.0000
16.6309	19.2721	39.2606	1.0000	47.7146	61.0811	72.4624	1.0000	53.0000	0.0457	0.3892	0.1949	42.7489	1.0173
64.7186	3.7686	56.6236	1.0000	65.0598	5.7219	87.5954	1.0000	2.0000	0.3012	0.9428	0.0267	95.5036	1.0086
42.3834	44.7114	126.0254	1.0000	47.6852	63.8496	74.5423	1.0000	20.0000	0.0463	0.3615	0.1718	39.3847	1.0071
87.7269	91.1993	-25.0184	1.0000	90.1284	95.2283	110.1748	1.0000	6.0000	0.8026	0.0477	0.2242	45.1672	1.2792
25.9584	95.4812	42.5774	1.0000	26.6948	96.1578	42.5774	1.0000	1.0000	0.4661	0.0384	0.5269	52.9792	1.0000
5.2521	91.1063	269.2733	1.0000	2.1633	95.4572	58.2716	1.0000	11.0000	0.9567	0.0454	0.3525	57.5819	2.0616
37.6571	37.1172	-39.6114	1.0000	47.6841	48.2147	73.8748	1.0000	17.0000	0.0463	0.5179	0.1792	54.2873	1.1366
82.9664	65.5533	-74.4392	1.0000	52.2171	91.7436	118.6627	1.0000	53.0000	0.0443	0.0826	0.3185	29.9104	1.3122
57.1463	19.0720	53.8943	1.0000	57.5449	21.0145	85.9051	1.0000	2.0000	0.1509	0.7899	0.0455	79.4507	1.0086
74.7548	49.6868	58.1750	1.0000	52.1446	77.7104	117.5047	1.0000	37.0000	0.0429	0.2229	0.3056	35.4673	1.0276
27.1939	25.9388	-25.2104	1.0000	47.7183	52.2805	76.1909	1.0000	37.0000	0.0456	0.4772	0.1534	49.7298	1.1080
19.1937	76.1173	58.3886	1.0000	34.9817	95.3003	60.0165	1.0000	25.0000	0.3004	0.0470	0.3331	33.8622	1.0063
61.1015	59.1889	152.7574	1.0000	52.3025	69.8886	118.8431	1.0000	14.0000	0.0460	0.3011	0.3205	41.7603	1.0106
88.9064	45.7175	53.4834	1.0000	52.0816	72.1646	117.2348	1.0000	50.0000	0.0416	0.2784	0.3026	38.9984	1.1028
70.4029	21.9038	177.8378	1.0000	52.1349	38.7001	117.4593	1.0000	26.0000	0.0427	0.6130	0.3051	67.2030	1.0477
87.1709	31.6500	217.4155	1.0000	52.1266	45.1459	117.4208	1.0000	43.0000	0.0425	0.5485	0.3047	61.3628	1.1450
32.9620	45.4188	-61.7225	1.0000	47.5524	62.0171	73.7258	1.0000	26.0000	0.0490	0.3798	0.1808	41.3950	1.1765
1.9317	19.2368	159.7695	1.0000	47.7329	84.5049	72.7886	1.0000	82.0000	0.0453	0.1550	0.1912	23.2695	1.0284
62.5713	88.4143	-7.5196	1.0000	62.9919	95.8149	123.8758	1.0000	9.0000	0.2598	0.0419	0.3764	36.5223	1.2141
44.5473	53.9840	192.0978	1.0000	42.2284	56.6681	93.5920	1.0000	4.0000	0.1554	0.4333	0.0399	44.1696	1.1277
73.2138	58.2224	-83.1252	1.0000	52.3538	84.0510	118.5186	1.0000	44.0000	0.0471	0.1595	0.3169	32.7600	1.3253
94.7215	20.0286	168.5674	1.0000	52.2045	35.8759	117.8223	1.0000	50.0000	0.0441	0.6412	0.3091	69.9346	1.1019
24.8765	6.9196	30.1783	1.0000	47.6777	39.8910	72.4101	1.0000	41.0000	0.0464	0.6011	0.1954	62.6729	1.0228
58.3997	42.9816	119.1348	1.0000	52.2245	52.0552	118.6508	1.0000	11.0000	0.0445	0.4794	0.3183	55.8974	1.0022
89.6327	72.0576	139.7159	1.0000	52.4001	90.1851	118.3074	1.0000	45.0000	0.0480	0.0981	0.3145	30.0567	1.0867
55.3438	26.6515	2.4913	1.0000	52.1589	39.4324	117.7519	1.0000	15.0000	0.0432	0.6057	0.3084	66.6578	1.1388
10.1643	87.4355	123.1194	1.0000	14.0863	95.1474	46.9788	1.0000	9.0000	0.7183	0.0485	0.4780	56.2509	1.0402
69.7424	56.0206	-78.6307	1.0000	74.3973	57.3111	86.9709	1.0000	7.0000	0.4879	0.4269	0.0337	49.2620	1.4492
67.7860	61.4361	88.3414	1.0000	52.4572	83.4794	118.3632	1.0000	27.0000	0.0491	0.1652	0.3151	32.9157	1.0056
80.8155	22.2147	209.9909	1.0000	52.2877	36.2539	118.9528	1.0000	36.0000	0.0458	0.6375	0.3217	70.0504	1.1322
4.6703	67.1022	42.4978	1.0000	33.6865	95.7892	60.1779	1.0000	41.0000	0.3263	0.0421	0.3314	34.2523	1.0048
66.2124	23.4223	152.9680	1.0000	52.3508	40.2810	118.5346	1.0000	22.0000	0.0470	0.5972	0.3171	66.2278	1.0080
4.5320	24.2134	205.4135	1.0000	47.5074	88.2721	70.3917	1.0000	82.0000	0.0499	0.1173	0.2179	22.9835	1.0630
14.2776	68.1906	20.8843	1.0000	43.3283	95.0922	61.1430	1.0000	42.0000	0.1334	0.0491	0.3206	30.0221	1.0608
21.5570	55.0215	116.7897	1.0000	21.5158	56.0207	92.3619	1.0000	1.0000	0.5697	0.4398	0.0262	52.4510	1.0000
25.4666	89.6025	-66.1163	1.0000	41.0131	95.0459	61.7271	1.0000	24.0000	0.1797	0.0495	0.3141	30.0776	1.4570
12.3369	56.1896	251.4758	1.0000	38.0255	95.3742	60.1784	1.0000	55.0000	0.2395	0.0463	0.3314	32.4671	1.1738
67.6732	78.0675	140.9379	1.0000	53.7804	95.0778	120.9761	1.0000	22.0000	0.0756	0.0492	0.3442	31.5917	1.0017
2.6817	90.2398	40.4896	1.0000	8.7658	95.4342	40.4896	1.0000	8.0000	0.8247	0.0457	0.5501	64.5940	1.0000
62.5402	1.7232	-4.0658	1.0000	52.1132	23.7351	117.3608	1.0000	27.0000	0.0423	0.7626	0.3040	81.0519	1.1085
57.9101	58.2869	157.9743	1.0000	52.0416	64.8088	118.0152	1.0000	9.0000	0.0408	0.3519	0.3113	45.0271	1.0258
26.7212	41.7836	162.8495	1.0000	25.5212	44.3443	91.1609	1.0000	3.0000	0.4896	0.5566	0.0129	60.8121	1.0608
40.5798	49.7027	263.4641	1.0000	36.0556	50.8856	91.4788	1.0000	7.0000	0.2789	0.4911	0.0164	51.0770	1.4969
9.2033	4.5679	47.1229	1.0000	47.5605	56.2511	70.6586	1.0000	65.0000	0.0488	0.4375	0.2149	47.8958	1.0099
97.4534	47.5102	85.7095	1.0000	52.1119	72.2501	117.3550	1.0000	57.0000	0.0422	0.2775	0.3039	39.0232	1.1035
44.4741	14.6272	-46.3968	1.0000	48.2587	14.0348	13.6032	1.0000	4.0000	0.0348	0.8597	0.8489	115.0197	1.0442
90.8802	49.5201	63.5603	1.0000	90.9041	50.5198	88.6316	1.0000	1.0000	0.8181	0.4948	0.0152	64.2130	1.0000
12.5657	64.0372	195.3034	1.0000	34.0831	95.5548	60.8106	1.0000	42.0000	0.3183	0.0445	0.3243	33.5429	1.1006
52.4543	54.2706	171.6561	1.0000	51.5632	54.7244	153.0074	1.0000	1.0000	0.0313	0.4528	0.7001	77.6032	1.0000
92.3917	8.0822	54.6132	1.0000	52.2327	33.8915	118.5177	1.0000	53.0000	0.0447	0.6611	0.3169	72.0318	1.1102
1.2468	32.8636	154.3828	1.0000	46.5701	95.1993	63.2413	1.0000	79.0000	0.0686	0.0480	0.2973	27.4014	1.0250
16.0496	54.5252	255.5967	1.0000	40.9743	95.0865	60.2528	1.0000	56.0000	0.1805	0.0491	0.3305	31.4722	1.1763
37.0631	94.3953	-71.4381	1.0000	44.6633	95.6825	60.6247	1.0000	10.0000	0.1067	0.0432	0.3264	30.1667	1.2973
40.3253	26.2273	129.6971	1.0000	47.5314	51.0165	76.1717	1.0000	26.0000	0.0494	0.4898	0.1536	50.9578	1.0072
52.5066	6.0245	-74.7299	1.0000	52.4046	16.9710	118.4920	1.0000	19.0000	0.0481	0.8303	0.3166	87.8145	1.7356
80.3320	71.9506	255.1563	1.0000	52.1973	79.4252	117.7778	1.0000	39.0000	0.0439	0.2057	0.3086	34.6375	1.3397
41.8183	90.5242	192.4963	1.0000	39.4845	93.1935	93.8931	1.0000	4.0000	0.2103	0.0681	0.0433	13.1172	1.1281
71.2454	6.2195	36.5347	1.0000	52.4706	34.5575	118.3818	1.0000	35.0000	0.0494	0.6544	0.3154	71.3748	1.0296
27.4324	51.2786	49.0065	1.0000	47.5131	84.5112	70.2669	1.0000	39.0000	0.0497	0.1549	0.2193	25.2088	1.0044
66.2706	45.3483	-75.5501	1.0000	70.8900	46.9247	89.0892	1.0000	7.0000	0.4178	0.5308	0.0101	57.0456	1.4341
41.2321	67.9383	159.3861	1.0000	47.6485	95.5126	76.9626	1.0000	29.0000	0.0470	0.0449	0.1449	13.9871	1.0243
59.4642	57.5597	208.6523	1.0000	52.2142	61.3417	117.0749	1.0000	9.0000	0.0443	0.3866	0.3008	47.2485	1.1006
86.6674	56.5320	246.1622	1.0000	52.3610	65.4006	118.4808	1.0000	44.0000	0.0472	0.3460	0.3165	44.8759	1.2417
95.8240	81.7018	187.2531	1.0000	52.7039	95.6953	119.6523	1.0000	50.0000	0.0541	0.0430	0.3295	30.0849	1.1029
35.6035	29.1944	53.3371	1.0000	47.7177	53.2674	75.6413	1.0000	27.0000	0.0456	0.4673	0.1595	48.9420	1.0019
22.8326	39.4464	214.2222	1.0000	19.6087	42.0347	92.1548	1.0000	5.0000	0.6078	0.5797	0.0239	65.4847	1.2094
55.3828	74.1219	-89.8345	1.0000	60.2119	75.6939	87.7567	1.0000	8.0000	0.2042	0.2431	0.0249	26.4595	1.5753
46.9738	89.7215	71.5726	1.0000	47.7386	92.6211	73.8287	1.0000	3.0000	0.0452	0.0738	0.1797	17.9185	1.0004
60.9236	83.8215	244.5902	1.0000	52.1656	85.8906	116.7030	1.0000	11.0000	0.0433	0.1411	0.2967	30.2789	1.2224
59.0732	39.3156	219.3653	1.0000	52.2917	41.5706	117.4033	1.0000	8.0000	0.0458	0.5843	0.3045	64.5770	1.1194
44.3862	67.4524	253.1334	1.0000	47.6906	93.2400	73.9832	1.0000	32.0000	0.0462	0.0676	0.1780	17.5376	1.2308
31.0464	86.2150	172.0063	1.0000	32.7352	95.7133	58.4512	1.0000	11.0000	0.3453	0.0429	0.3505	36.2184	1.1402
36.0534	32.4071	236.3251	1.0000	32.0054	34.5845	92.6633	1.0000	6.0000	0.3599	0.6542	0.0296	67.8976	1.3053
91.7137	52.5284	256.1711	1.0000	52.0746	60.0323	117.2103	1.0000	51.0000	0.0415	0.3997	0.3023	48.3954	1.2642
95.1674	19.6878	-55.2853	1.0000	99.0236	22.0222	93.0900	1.0000	6.0000	0.9805	0.7798	0.0343	92.1596	1.3311
34.7265	79.5575	211.3248	1.0000	31.5255	82.2700	92.9007	1.0000	5.0000	0.3695	0.1773	0.0322	25.7696	1.1917
66.4661	52.9872	-33.0433	1.0000	52.1904	80.8379	117.7396	1.0000	36.0000	0.0438	0.1916	0.3082	33.7856	1.1503
18.0863	40.0996	90.2138	1.0000	47.7026	85.8573	72.1462	1.0000	55.0000	0.0459	0.1414	0.1984	22.8922	1.0091
71.8467	65.8453	-89.0826	1.0000	52.1361	92.4882	117.4646	1.0000	44.0000	0.0427	0.0751	0.3052	28.5534	1.3276
63.7380	26.5516	56.6387	1.0000	64.0790	28.5050	87.5987	1.0000	2.0000	0.2816	0.7150	0.0267	72.9076	1.0086
84.9688	68.3891	151.5426	1.0000	52.3922	85.4187	118.3322	1.0000	40.0000	0.0478	0.1458	0.3148	31.9538	1.0882
82.1127	27.7879	148.7171	1.0000	52.0809	46.0284	117.2326	1.0000	38.0000	0.0416	0.5397	0.3026	60.4887	1.0815
25.7026	90.6348	79.0573	1.0000	28.9763	95.6134	48.1880	1.0000	6.0000	0.4205	0.0439	0.4646	47.0052	1.0070
46.2175	81.0721	75.2255	1.0000	47.7357	86.8753	74.2483	1.0000	6.0000	0.0453	0.1312	0.1750	20.6277	1.0002
92.8473	82.4773	-65.6076	1.0000	61.9940	95.5745	139.8919	1.0000	46.0000	0.2399	0.0443	0.5544	51.5038	1.3724
43.1215	16.3345	42.7187	1.0000	47.7359	26.2707	75.6922	1.0000	11.0000	0.0453	0.7373	0.1590	75.1389	1.0041
40.9320	59.0019	-38.8093	1.0000	47.5237	62.9715	66.5117	1.0000	9.0000	0.0495	0.3703	0.2610	43.9197	1.1696
45.7848	34.2635	75.1688	1.0000	47.5280	41.0410	77.8497	1.0000	7.0000	0.0494	0.5896	0.1350	60.2487	1.0003
46.9014	75.3561	57.3514	1.0000	47.7512	77.1658	66.4218	1.0000	2.0000	0.0450	0.2283	0.2620	32.8997	1.0004
43.6045	30.8218	213.9412	1.0000	40.4347	33.4536	90.6297	1.0000	5.0000	0.1913	0.6655	0.0070	67.2333	1.2136
97.2704	22.9143	73.5475	1.0000	52.1298	47.8490	117.4353	1.0000	57.0000	0.0426	0.5215	0.3048	58.9658	1.1053
16.8817	68.3220	179.4783	1.0000	34.5161	95.3338	59.8533	1.0000	35.0000	0.3097	0.0467	0.3350	34.2103	1.0850
4.8228	87.1058	123.1725	1.0000	9.4357	95.5388	46.1179	1.0000	10.0000	0.8113	0.0446	0.4876	59.9250	1.0403
9.2974	18.1150	128.2630	1.0000	47.7499	74.0580	72.9014	1.0000	69.0000	0.0450	0.2594	0.1900	31.1514	1.0164
55.5509	52.6933	-14.4967	1.0000	58.1556	56.2482	89.3742	1.0000	5.0000	0.1631	0.4375	0.0070	44.5098	1.1345
97.4590	57.3111	207.6171	1.0000	52.1476	71.3213	117.5191	1.0000	53.0000	0.0430	0.2868	0.3058	39.8043	1.1175
66.3521	96.3107	154.7173	1.0000	65.4757	96.7923	151.2106	1.0000	1.0000	0.3095	0.0321	0.6801	63.2181	1.0000
89.3926	93.0571	94.0183	1.0000	88.2285	95.8137	117.9033	1.0000	3.0000	0.7646	0.0419	0.3100	47.5135	1.0026
85.3685	16.6178	252.7835	1.0000	52.1410	24.7432	117.4873	1.0000	44.0000	0.0428	0.7526	0.3054	80.1481	1.2863
71.8223	97.3889	-66.4717	1.0000	72.5555	96.7089	-42.8476	1.0000	1.0000	0.4511	0.0329	1.4761	134.7890	1.0000
74.5379	32.8013	-12.9079	1.0000	52.0844	61.0399	117.2451	1.0000	41.0000	0.0417	0.3896	0.3027	47.5871	1.1364
18.2484	79.4838	67.1977	1.0000	32.0251	95.2045	62.0460	1.0000	21.0000	0.3595	0.0480	0.3106	33.5786	1.0046
90.2741	72.5422	-59.6220	1.0000	94.2822	74.5840	89.0417	1.0000	6.0000	0.8856	0.2542	0.0106	51.0667	1.3339
33.0882	69.4332	107.1699	1.0000	41.5015	95.0658	71.2188	1.0000	27.0000	0.1700	0.0493	0.2087	21.1968	1.0008
29.5080	69.3893	79.1005	1.0000	44.2553	95.5038	60.3964	1.0000	30.0000	0.1149	0.0450	0.3289	30.4891	1.0003
42.0347	30.2157	57.2786	1.0000	47.6180	41.9197	74.3337	1.0000	13.0000	0.0476	0.5808	0.1741	60.2032	1.0025
1.7746	91.8112	-67.1995	1.0000	36.2774	95.1698	61.0066	1.0000	41.0000	0.2745	0.0483	0.3221	32.4385	1.1827
71.3320	69.8862	82.7630	1.0000	52.7290	95.7182	119.1994	1.0000	32.0000	0.0546	0.0428	0.3244	29.6376	1.0052
29.8854	73.5637	244.5288	1.0000	37.9119	95.2886	60.1589	1.0000	30.0000	0.2418	0.0471	0.3316	32.5394	1.2953
56.7493	81.5309	144.2737	1.0000	52.1675	87.9987	117.5575	1.0000	8.0000	0.0433	0.1200	0.3062	30.1354	1.0093
72.7859	99.3341	250.5476	1.0000	72.3716	98.4240	245.5244	1.0000	1.0000	0.4474	0.0158	1.7280	157.1331	1.0000
80.5851	46.2361	-51.2566	1.0000	52.3338	73.3644	118.6343	1.0000	49.0000	0.0467	0.2664	0.3182	39.1768	1.2510
57.2009	31.3668	-12.8383	1.0000	59.7028	34.9952	90.9477	1.0000	5.0000	0.1941	0.6500	0.0105	65.7318	1.1345
58.0209	75.6090	257.5352	1.0000	52.2355	73.7915	151.0502	1.0000	7.0000	0.0447	0.2621	0.6783	66.4757	1.1543
92.9050	89.1876	36.0547	1.0000	93.4598	91.0602	85.9381	1.0000	2.0000	0.8692	0.0894	0.0451	44.5553	1.0240
21.6590	0.8937	-70.3609	1.0000	22.0761	-0.0152	-65.3494	0.0000	1.0000	0.5585	1.0002	1.7261	186.8588	1.0000
99.5628	87.1023	70.5810	1.0000	93.0401	95.3484	154.0844	1.0000	11.0000	0.8608	0.0465	0.7120	77.3363	1.0462
26.3660	33.0160	84.3242	1.0000	47.7417	70.1415	72.7512	1.0000	43.0000	0.0452	0.2986	0.1917	34.5565	1.0037
80.6836	81.0973	79.9844	1.0000	60.5966	95.1204	129.7623	1.0000	26.0000	0.2119	0.0488	0.4418	41.4384	1.0613
14.2957	60.3756	103.9759	1.0000	39.9931	95.4993	60.2341	1.0000	44.0000	0.2001	0.0450	0.3307	31.7239	1.0110
40.6833	18.3692	37.6727	1.0000	47.7403	32.6568	75.7521	1.0000	16.0000	0.0452	0.6734	0.1583	68.8710	1.0041
59.8757	70.5528	-50.5656	1.0000	52.3683	90.5668	118.4440	1.0000	27.0000	0.0474	0.0943	0.3160	30.0609	1.2631
15.9905	14.7479	169.6993	1.0000	47.7567	66.4227	72.7941	1.0000	63.0000	0.0449	0.3358	0.1912	37.7956	1.0386
53.0722	99.8424	-62.9781	1.0000	53.7793	99.1354	-44.9963	1.0000	1.0000	0.0756	0.0086	1.5000	135.0520	1.0000
82.2975	70.7759	261.3626	1.0000	52.2005	77.0931	117.7973	1.0000	42.0000	0.0440	0.2291	0.3089	36.0868	1.3657
46.7289	12.6107	-48.8926	1.0000	47.5590	12.0530	-33.8926	1.0000	1.0000	0.0488	0.8795	1.3766	151.9539	1.0000
97.9056	7.4616	217.6490	1.0000	52.4958	19.9199	118.4202	1.0000	53.0000	0.0499	0.8008	0.3158	85.0104	1.1256
53.3515	7.5169	240.0659	1.0000	51.7798	6.3080	210.0659	1.0000	2.0000	0.0356	0.9369	1.3341	152.3062	1.0086
29.3470	87.7431	-89.9418	1.0000	44.9092	95.2775	60.0174	1.0000	28.0000	0.1018	0.0472	0.3331	30.7762	1.6194
79.5011	51.8479	62.3987	1.0000	79.5546	52.8464	86.9375	1.0000	1.0000	0.5911	0.4715	0.0340	55.7343	1.0000
1.1396	65.2905	215.9689	1.0000	-0.8158	65.3305	166.7644	0.0000	2.0000	1.0163	0.3467	0.8529	98.3717	1.0226
66.5576	52.7323	34.9537	1.0000	67.3155	55.5530	91.1815	1.0000	3.0000	0.3463	0.4445	0.0131	47.7154	1.0271
45.7899	10.9018	191.0044	1.0000	47.6072	27.8496	77.5850	1.0000	19.0000	0.0479	0.7215	0.1379	73.2498	1.1147
92.9985	92.3223	62.4448	1.0000	93.0432	93.3213	87.4393	1.0000	1.0000	0.8609	0.0668	0.0285	43.6334	1.0000
24.1660	71.1105	157.0084	1.0000	37.5582	95.2576	60.2679	1.0000	29.0000	0.2488	0.0474	0.3304	32.5774	1.0503
72.4819	52.5413	243.4072	1.0000	52.0716	62.5669	117.1993	1.0000	29.0000	0.0414	0.3743	0.3022	46.3177	1.2753
80.3610	55.6606	-75.8792	1.0000	52.1582	82.6438	117.5708	1.0000	51.0000	0.0432	0.1736	0.3063	32.6503	1.3066
20.2913	13.4382	-72.3762	1.0000	47.7102	33.2003	75.8959	1.0000	47.0000	0.0458	0.6680	0.1567	68.3108	1.3906
46.1189	2.9265	-80.7174	1.0000	47.9752	0.6571	-35.7174	1.0000	3.0000	0.0405	0.9934	1.3969	160.2435	1.0232
20.2799	61.9767	174.9576	1.0000	40.0360	95.1458	60.0533	1.0000	41.0000	0.1993	0.0485	0.3327	31.9319	1.0620
99.8533	5.6222	265.7840	1.0000	97.0198	-0.6620	230.7031	0.0000	7.0000	0.9404	1.0066	1.5634	179.2793	1.0155
80.1717	15.9875	92.7155	1.0000	52.0790	41.7837	117.2259	1.0000	40.0000	0.0416	0.5822	0.3025	64.3017	1.0488
15.8814	59.5306	5.5117	1.0000	47.7265	92.4854	75.4221	1.0000	50.0000	0.0455	0.0751	0.1620	16.5576	1.0911
39.4465	96.3437	74.4483	1.0000	39.7146	97.3071	74.4483	1.0000	1.0000	0.2057	0.0269	0.1728	18.8387	1.0000
36.2312	9.1336	28.4582	1.0000	47.5589	30.1949	72.7105	1.0000	24.0000	0.0488	0.6981	0.1921	71.9558	1.0036
91.4622	73.7290	216.6792	1.0000	52.2431	86.9245	118.3798	1.0000	47.0000	0.0449	0.1308	0.3153	31.3275	1.1358
90.6503	0.3749	190.4432	1.0000	86.6706	-0.0164	184.0222	0.0000	4.0000	0.7334	1.0002	1.0447	142.0851	1.0003
53.5922	32.5021	53.9062	1.0000	54.0361	35.4210	93.6125	1.0000	3.0000	0.0807	0.6458	0.0401	64.8058	1.0161
77.4941	64.7200	90.8492	1.0000	52.2739	89.9155	118.4920	1.0000	37.0000	0.0455	0.1008	0.3166	30.3095	1.0379
58.6708	33.9194	73.6022	1.0000	58.6952	34.9191	88.6022	1.0000	1.0000	0.1739	0.6508	0.0155	65.6741	1.0000
57.4928	38.2150	63.5525	1.0000	57.6293	40.1932	93.5525	1.0000	2.0000	0.1526	0.5981	0.0395	60.3960	1.0086
74.5122	8.3523	207.9772	1.0000	52.1171	23.0033	117.3780	1.0000	30.0000	0.0423	0.7700	0.3042	81.7467	1.1210
92.1894	83.2457	-69.7193	1.0000	63.2077	95.1720	147.9915	1.0000	44.0000	0.2642	0.0483	0.6444	59.6722	1.4040
38.4794	40.4683	251.9474	1.0000	47.6328	83.3851	74.8943	1.0000	50.0000	0.0473	0.1661	0.1678	22.5797	1.1394
93.7364	29.7717	193.4777	1.0000	52.2227	44.5999	117.9792	1.0000	49.0000	0.0445	0.5540	0.3109	62.1043	1.1116
79.1174	52.2600	10.7960	1.0000	52.2347	80.1104	118.4909	1.0000	43.0000	0.0447	0.1989	0.3166	34.8185	1.1109
74.1301	74.5766	193.4688	1.0000	52.2783	89.4963	118.6346	1.0000	29.0000	0.0456	0.1050	0.3182	30.5853	1.0960
88.5072	27.6875	172.5026	1.0000	52.1008	43.8044	117.3071	1.0000	44.0000	0.0420	0.5620	0.3034	62.5143	1.1051
23.9781	41.5481	179.5320	1.0000	47.5775	85.0634	70.5393	1.0000	52.0000	0.0484	0.1494	0.2162	24.6513	1.0504
12.0854	67.1781	30.9921	1.0000	41.3133	95.5464	60.0933	1.0000	42.0000	0.1737	0.0445	0.3323	31.4596	1.0312
80.9088	31.3309	168.0080	1.0000	52.2662	47.5764	118.2534	1.0000	36.0000	0.0453	0.5242	0.3139	59.5955	1.0933
79.0835	36.7276	35.1560	1.0000	52.2986	63.7794	118.8820	1.0000	41.0000	0.0460	0.3622	0.3209	46.3831	1.0770
99.2261	46.3319	95.3283	1.0000	52.2782	70.2240	118.6332	1.0000	58.0000	0.0456	0.2978	0.3181	41.3722	1.1010
1.7641	14.4367	203.8909	1.0000	-0.1444	14.8687	155.3068	0.0000	2.0000	1.0029	0.8513	0.7256	118.4347	1.0221
93.0684	26.0096	7.3641	1.0000	52.2183	53.0638	118.7127	1.0000	57.0000	0.0444	0.4694	0.3190	55.0667	1.1633
89.3444	77.3985	32.3571	1.0000	58.1523	95.6506	128.5354	1.0000	41.0000	0.1630	0.0435	0.4282	39.6277	1.1345
48.0385	24.0162	162.3898	1.0000	47.5792	30.4987	76.5540	1.0000	7.0000	0.0484	0.6950	0.1494	70.8314	1.0771
95.4396	24.7708	113.2975	1.0000	52.2760	47.0195	118.5597	1.0000	53.0000	0.0455	0.5298	0.3173	60.2310	1.0914
98.4154	63.4788	94.2917	1.0000	52.4494	87.3301	118.3529	1.0000	57.0000	0.0490	0.1267	0.3150	31.1515	1.1007
97.2920	28.4093	-51.8273	1.0000	100.1134	28.2980	21.7901	0.0000	3.0000	1.0023	0.7170	0.7579	110.9284	1.0625
48.4271	0.3718	171.7059	1.0000	47.5649	0.8784	149.5626	1.0000	1.0000	0.0487	0.9912	0.6618	115.6665	1.0000
67.7154	87.9571	117.1801	1.0000	62.3036	95.1411	128.4783	1.0000	9.0000	0.2461	0.0486	0.4275	40.6887	1.0006
8.1907	49.2651	145.2740	1.0000	41.3912	95.0674	60.0542	1.0000	58.0000	0.1722	0.0493	0.3327	31.5467	1.0253
22.1580	80.2732	-43.1345	1.0000	43.3118	95.3786	61.6023	1.0000	32.0000	0.1338	0.0462	0.3155	29.5385	1.2311
39.4720	23.3434	-81.7882	1.0000	47.7862	25.2142	67.6715	1.0000	12.0000	0.0443	0.7479	0.2481	78.0793	1.4081
92.3727	31.3208	128.6753	1.0000	52.1036	51.5019	117.3189	1.0000	49.0000	0.0421	0.4850	0.3035	55.7028	1.0878
77.6442	14.6824	227.4576	1.0000	52.4945	26.3289	118.4180	1.0000	33.0000	0.0499	0.7367	0.3158	79.0014	1.1907
97.5190	72.6733	269.8082	1.0000	52.1079	77.2337	117.3375	1.0000	59.0000	0.0422	0.2277	0.3037	35.6382	1.2927
55.9173	11.2746	-81.4729	1.0000	52.4236	26.1323	118.3280	1.0000	23.0000	0.0485	0.7387	0.3148	79.1504	1.5069
24.7411	55.9227	68.5286	1.0000	47.5625	93.3033	70.6662	1.0000	44.0000	0.0488	0.0670	0.2148	20.6054	1.0046
75.0313	29.9593	22.2190	1.0000	52.2489	58.5529	118.3033	1.0000	39.0000	0.0450	0.4145	0.3145	50.2394	1.0667
42.2915	10.3750	-41.8417	1.0000	47.6154	11.3770	48.1583	1.0000	6.0000	0.0477	0.8862	0.4649	98.0329	1.1076
36.1519	60.8740	-36.9929	1.0000	47.5285	74.8664	73.0425	1.0000	20.0000	0.0494	0.2513	0.1884	30.4198	1.1090
30.5271	86.8752	171.9580	1.0000	31.7981	95.4730	58.1137	1.0000	10.0000	0.3640	0.0453	0.3543	36.9938	1.1506
6.0116	8.5381	162.0220	1.0000	4.9388	11.1405	87.4302	1.0000	3.0000	0.9012	0.8886	0.0286	99.6651	1.0658
55.9393	25.8263	68.7942	1.0000	52.1018	34.8378	118.1179	1.0000	10.0000	0.0420	0.6516	0.3124	71.0010	1.0210
46.8085	79.8223	-27.2958	1.0000	47.7856	79.6094	-12.2958	1.0000	1.0000	0.0443	0.2039	1.1366	104.3317	1.0000
98.7532	18.4099	-49.2783	1.0000	100.6659	18.0118	0.5983	0.0000	2.0000	1.0133	0.8199	0.9934	131.4601	1.0237
93.7599	36.2423	130.4367	1.0000	52.2211	55.8383	118.1041	1.0000	50.0000	0.0444	0.4416	0.3123	52.3930	1.0886
42.4448	37.1644	214.0086	1.0000	39.2828	39.8057	90.4574	1.0000	5.0000	0.2143	0.6019	0.0051	61.1427	1.2136
34.0954	92.3913	168.2173	1.0000	32.8634	95.8126	78.4114	1.0000	4.0000	0.3427	0.0419	0.1288	21.1067	1.1000
51.0519	1.8120	169.0885	1.0000	50.2070	2.3468	147.6688	1.0000	1.0000	0.0041	0.9765	0.6408	113.4102	1.0000
53.1876	7.6177	-70.1026	1.0000	57.9422	9.8861	93.9403	1.0000	8.0000	0.1588	0.9011	0.0438	90.5489	1.5186
13.3836	15.6384	-68.5679	1.0000	47.5879	36.9641	71.9294	1.0000	53.0000	0.0482	0.6304	0.2008	65.6193	1.3149
97.9200	63.4688	177.2140	1.0000	52.2660	78.6165	118.2499	1.0000	53.0000	0.0453	0.2138	0.3139	35.5028	1.1018
9.0953	5.7530	243.7630	1.0000	47.7617	66.8159	73.5716	1.0000	80.0000	0.0448	0.3318	0.1825	37.0957	1.1069
37.9063	73.7919	-56.7894	1.0000	47.5116	81.2904	70.7792	1.0000	15.0000	0.0498	0.1871	0.2136	26.9385	1.2310
79.8780	18.2689	143.4706	1.0000	52.0567	37.3676	117.1495	1.0000	36.0000	0.0411	0.6263	0.3017	68.2945	1.0668
66.1984	80.7607	176.0047	1.0000	52.0867	95.4857	117.2530	1.0000	21.0000	0.0417	0.0451	0.3028	27.7030	1.0297
17.3663	56.3579	257.5216	1.0000	40.7665	95.3638	60.4698	1.0000	54.0000	0.1847	0.0464	0.3281	31.2856	1.1872
28.9226	96.0210	133.2709	1.0000	28.5848	96.9622	109.7481	1.0000	1.0000	0.4283	0.0304	0.2194	29.2887	1.0000
18.5854	67.3203	78.3103	1.0000	38.9957	95.4079	60.2018	1.0000	35.0000	0.2201	0.0459	0.3311	32.0954	1.0081
47.9443	85.1104	113.1933	1.0000	47.7580	86.0929	100.7385	1.0000	1.0000	0.0448	0.1391	0.1193	17.7129	1.0000
51.0433	77.9925	202.8674	1.0000	50.0527	77.8556	187.8674	1.0000	1.0000	0.0011	0.2214	1.0874	100.3415	1.0000
15.1880	85.5329	-53.3214	1.0000	40.2032	95.5084	61.6272	1.0000	34.0000	0.1959	0.0449	0.3153	30.3508	1.2625
91.9410	58.7143	180.0096	1.0000	52.2716	73.9359	118.4193	1.0000	47.0000	0.0454	0.2606	0.3158	38.6285	1.1062
31.0533	29.8749	97.4870	1.0000	47.7578	62.7763	74.3147	1.0000	37.0000	0.0448	0.3722	0.1743	40.4557	1.0027
90.9929	25.3303	167.5755	1.0000	52.2934	41.0938	118.9215	1.0000	46.0000	0.0459	0.5891	0.3214	65.6632	1.1008
58.1103	62.0137	-18.1406	1.0000	60.8880	65.4092	87.0310	1.0000	5.0000	0.2178	0.3459	0.0330	36.3853	1.1397
40.2435	39.8104	-49.1724	1.0000	47.7877	44.6224	71.3165	1.0000	11.0000	0.0442	0.5538	0.2076	58.4863	1.2293
63.3247	67.2478	138.0754	1.0000	52.0675	82.4812	117.1859	1.0000	19.0000	0.0414	0.1752	0.3021	32.4076	1.0031
0.3202	7.1235	234.8843	1.0000	-0.5473	6.6262	209.8247	0.0000	1.0000	1.0109	0.9337	1.3314	160.0989	1.0000
45.2524	17.8805	93.4328	1.0000	47.5758	26.5688	77.7852	1.0000	9.0000	0.0485	0.7343	0.1357	74.4796	1.0007
88.8170	79.5781	127.7655	1.0000	54.8991	95.3053	128.4911	1.0000	40.0000	0.0980	0.0469	0.4277	39.0846	1.0699
95.0150	10.5262	76.1368	1.0000	52.4556	34.9075	118.3611	1.0000	54.0000	0.0491	0.6509	0.3151	71.0451	1.1010
80.2587	10.9609	71.7899	1.0000	52.2815	36.6598	118.7415	1.0000	40.0000	0.0456	0.6334	0.3194	69.5935	1.0529
64.0841	33.9546	43.2732	1.0000	52.0917	54.9430	117.2717	1.0000	25.0000	0.0418	0.4506	0.3030	52.7092	1.0342
78.2144	87.4563	161.6973	1.0000	58.8415	95.1076	128.5988	1.0000	22.0000	0.1768	0.0489	0.4289	39.8995	1.0562
48.1664	10.5636	49.9773	1.0000	48.6503	11.4387	61.0607	1.0000	1.0000	0.0270	0.8856	0.3215	93.1794	1.0000
59.8610	62.7538	-65.9926	1.0000	64.2684	65.2977	88.0918	1.0000	7.0000	0.2854	0.3470	0.0212	37.5696	1.3755
83.5188	86.9460	232.0768	1.0000	54.0995	95.0575	124.6322	1.0000	36.0000	0.0820	0.0494	0.3848	35.2225	1.1797
81.4225	5.3281	249.5752	1.0000	76.0790	-0.4095	209.5057	0.0000	8.0000	0.5216	1.0041	1.3278	158.2523	1.0204
44.8838	65.6240	31.3186	1.0000	47.7063	70.8589	70.2381	1.0000	6.0000	0.0459	0.2914	0.2196	35.2845	1.0089
86.1858	70.0674	163.1565	1.0000	52.4307	86.0960	118.3318	1.0000	41.0000	0.0486	0.1390	0.3148	31.6531	1.0972
17.3961	23.4940	-62.4754	1.0000	47.5185	46.0629	73.5362	1.0000	49.0000	0.0496	0.5394	0.1829	56.4485	1.3018
51.8147	82.9601	231.4348	1.0000	51.0102	82.3662	216.4348	1.0000	1.0000	0.0202	0.1763	1.4048	127.6626	1.0000
19.4073	67.4450	61.8721	1.0000	39.9985	95.4340	60.1310	1.0000	35.0000	0.2000	0.0457	0.3319	31.8282	1.0073
0.4020	47.7523	257.0492	1.0000	-0.2023	46.9555	232.8222	0.0000	1.0000	1.0040	0.5304	1.5869	160.4125	1.0000
94.6191	13.9562	149.8316	1.0000	52.2196	31.0006	118.6951	1.0000	50.0000	0.0444	0.6900	0.3188	74.7613	1.0942
54.4694	59.8269	-9.4266	1.0000	56.9427	63.4842	91.3124	1.0000	5.0000	0.1389	0.3652	0.0146	37.1931	1.1325
66.6453	28.9311	161.3377	1.0000	52.2627	45.0922	118.1546	1.0000	22.0000	0.0453	0.5491	0.3128	61.7468	1.0169
29.8090	87.0069	202.5454	1.0000	29.9811	95.2817	50.6364	1.0000	11.0000	0.4004	0.0472	0.4374	44.4130	1.3290
95.8106	55.0911	119.8821	1.0000	52.1541	76.4151	117.5506	1.0000	53.0000	0.0431	0.2358	0.3061	36.3307	1.0908
57.8258	66.9560	77.1570	1.0000	57.7881	67.9553	92.1570	1.0000	1.0000	0.1558	0.3204	0.0240	33.0480	1.0000
31.0986	93.2690	240.4957	1.0000	26.9570	95.9463	80.9179	1.0000	7.0000	0.4609	0.0405	0.1009	25.0977	1.4194
48.7237	81.8408	-66.3619	1.0000	49.3481	81.0597	-51.3619	1.0000	1.0000	0.0130	0.1894	1.5707	142.6266	1.0000
14.0113	92.5173	112.4655	1.0000	14.0566	93.5163	87.3995	1.0000	1.0000	0.7189	0.0648	0.0289	36.6159	1.0000
15.1862	74.7943	38.5704	1.0000	36.0028	95.7891	60.0560	1.0000	30.0000	0.2799	0.0421	0.3327	33.3211	1.0147
35.5232	64.3122	89.3119	1.0000	43.8791	95.2020	74.8634	1.0000	32.0000	0.1224	0.0480	0.1682	17.0177	1.0000
9.6640	68.7318	34.2908	1.0000	38.2387	95.4503	60.2906	1.0000	40.0000	0.2352	0.0455	0.3301	32.2751	1.0225
69.4480	0.3735	-55.7536	1.0000	70.2919	-0.1631	-32.4499	0.0000	1.0000	0.4058	1.0016	1.3606	159.4941	1.0000
26.6058	86.7985	-35.3789	1.0000	39.6808	95.2398	61.9952	1.0000	19.0000	0.2064	0.0476	0.3112	30.2227	1.2208
12.2832	9.6835	217.6431	1.0000	8.9717	12.1346	93.9269	1.0000	5.0000	0.8206	0.8787	0.0436	97.0519	1.2136
70.3831	12.7712	84.6893	1.0000	52.1064	38.8455	117.3310	1.0000	32.0000	0.0421	0.6115	0.3037	67.0171	1.0050
89.7994	77.7801	109.8818	1.0000	55.9229	95.2117	128.4936	1.0000	41.0000	0.1185	0.0479	0.4277	39.2399	1.0762
45.8539	68.1550	16.3214	1.0000	47.8967	70.2652	60.1375	1.0000	3.0000	0.0421	0.2973	0.3318	42.1942	1.0214
54.7190	19.7350	98.5593	1.0000	52.3967	25.2651	113.0005	1.0000	6.0000	0.0479	0.7473	0.2556	78.2308	1.0003
71.2969	10.9306	133.0854	1.0000	52.2961	32.4599	118.9013	1.0000	29.0000	0.0459	0.6754	0.3211	73.4998	1.0099
76.3410	30.9149	63.2132	1.0000	76.3863	31.9139	87.4046	1.0000	1.0000	0.5277	0.6809	0.0288	73.0664	1.0000
98.7848	42.8111	-86.3248	1.0000	100.0362	41.3114	-37.7404	0.0000	2.0000	1.0007	0.5869	1.4193	149.2165	1.0240
66.8383	32.8323	-36.6802	1.0000	52.2248	61.3084	118.6250	1.0000	37.0000	0.0445	0.3869	0.3181	48.1807	1.1560
4.6669	52.4912	181.3771	1.0000	36.7429	95.7620	60.1757	1.0000	57.0000	0.2651	0.0424	0.3314	32.9121	1.0582
55.4941	62.9911	-15.9286	1.0000	58.1739	66.4827	88.3301	1.0000	5.0000	0.1635	0.3352	0.0186	34.5400	1.1360
79.3368	78.8436	81.1647	1.0000	58.5123	95.4037	128.5344	1.0000	28.0000	0.1702	0.0460	0.4282	39.7302	1.0524
38.8514	47.6073	-89.8567	1.0000	47.8118	50.3092	70.6236	1.0000	14.0000	0.0438	0.4969	0.2153	53.3799	1.4959
50.8027	86.2382	36.0665	1.0000	51.4234	87.0223	51.6331	1.0000	1.0000	0.0285	0.1298	0.4263	40.5274	1.0000
4.2403	56.4181	-87.8460	1.0000	47.6854	76.6645	73.2617	1.0000	66.0000	0.0463	0.2334	0.1860	28.8110	1.3770
54.2528	3.0486	187.0068	1.0000	52.3508	3.5983	155.7287	1.0000	2.0000	0.0470	0.9640	0.7303	116.7008	1.0102
44.5048	26.6710	-28.8600	1.0000	48.2920	27.2465	31.1400	1.0000	4.0000	0.0342	0.7275	0.6540	93.5975	1.0442
70.1583	59.7598	109.5649	1.0000	52.0809	84.8446	117.2324	1.0000	31.0000	0.0416	0.1516	0.3026	31.2349	1.0026
49.6405	44.2235	-28.6029	1.0000	50.6125	43.9883	-13.6029	1.0000	1.0000	0.0122	0.5601	1.1511	117.7762	1.0000
22.6563	57.8156	124.4819	1.0000	45.8190	95.7296	60.7168	1.0000	45.0000	0.0836	0.0427	0.3254	29.8869	1.0128
47.5474	40.4030	56.2078	1.0000	47.9979	41.2958	63.2285	1.0000	1.0000	0.0400	0.5870	0.2975	64.5516	1.0000
53.6576	54.4051	39.2052	1.0000	54.5383	57.2095	86.6967	1.0000	3.0000	0.0908	0.4279	0.0367	43.1571	1.0206
68.9608	38.6098	176.0984	1.0000	52.3399	54.8209	118.5962	1.0000	24.0000	0.0468	0.4518	0.3177	53.5198	1.0337
43.6547	15.0246	175.1721	1.0000	47.5053	35.4481	77.0846	1.0000	22.0000	0.0499	0.6455	0.1435	65.8785	1.0585
59.2250	37.8925	9.8620	1.0000	60.8334	41.2812	89.5643	1.0000	4.0000	0.2167	0.5872	0.0048	59.7114	1.0664
89.3993	55.2700	-89.7654	1.0000	52.4244	80.3202	118.3257	1.0000	60.0000	0.0485	0.1968	0.3147	34.5763	1.3434
59.6232	24.1949	35.6592	1.0000	60.3482	27.0357	90.6830	1.0000	3.0000	0.2070	0.7296	0.0076	73.6976	1.0232
64.0026	84.9508	223.0846	1.0000	52.4801	91.8395	118.0795	1.0000	15.0000	0.0496	0.0816	0.3120	29.3463	1.1173
16.9071	97.4588	253.4386	1.0000	16.2516	96.7036	229.0428	1.0000	1.0000	0.6750	0.0330	1.5449	143.1178	1.0000
66.4534	80.5046	-39.2920	1.0000	62.1315	95.2051	128.4851	1.0000	20.0000	0.2426	0.0479	0.4276	40.6358	1.3053
66.0853	13.9754	-48.6264	1.0000	69.9824	16.5650	90.9239	1.0000	6.0000	0.3996	0.8344	0.0103	85.7995	1.2823
44.2880	53.8005	191.9408	1.0000	41.9784	56.4912	93.3673	1.0000	4.0000	0.1604	0.4351	0.0374	44.3700	1.1280
25.0832	48.7420	173.7303	1.0000	47.7791	91.9969	73.5638	1.0000	51.0000	0.0444	0.0800	0.1826	18.4155	1.0441
85.0171	24.5279	86.0002	1.0000	52.3883	49.4486	118.3493	1.0000	44.0000	0.0478	0.5055	0.3150	58.0071	1.0717
1.8054	57.2825	243.0358	1.0000	-0.9354	56.6305	168.8599	0.0000	3.0000	1.0187	0.4337	0.8762	103.4128	1.0648
9.5444	64.4105	-3.8535	1.0000	47.5320	95.4268	70.2729	1.0000	54.0000	0.0494	0.0457	0.2192	20.4001	1.1011
72.1551	8.6093	-73.3798	1.0000	76.6010	10.3921	94.1074	1.0000	7.0000	0.5320	0.8961	0.0456	93.5632	1.4614
48.7612	11.0591	256.8869	1.0000	48.2725	10.1867	240.7443	1.0000	1.0000	0.0345	0.8981	1.6749	175.4801	1.0000
80.7878	57.0724	147.7111	1.0000	52.3517	74.8560	118.5299	1.0000	36.0000	0.0470	0.2514	0.3170	38.1013	1.0734
78.5068	76.8800	66.4943	1.0000	78.4906	77.8799	90.9290	1.0000	1.0000	0.5698	0.2212	0.0103	36.0816	1.0000
18.6168	36.2445	218.0779	1.0000	47.7289	87.1989	72.6456	1.0000	64.0000	0.0454	0.1280	0.1928	21.6842	1.0906
6.0116	10.4766	134.0082	1.0000	47.7247	70.0099	72.3651	1.0000	74.0000	0.0455	0.2999	0.1959	34.8650	1.0180
57.8398	90.5866	-45.8334	1.0000	61.1242	95.4126	111.6362	1.0000	8.0000	0.2225	0.0459	0.2404	24.7572	1.3704
62.2649	84.5909	-32.9462	1.0000	61.3102	95.0176	128.2988	1.0000	14.0000	0.2262	0.0498	0.4255	40.2436	1.3371
42.8177	46.5464	208.7358	1.0000	39.8912	49.4559	85.6399	1.0000	5.0000	0.2022	0.5054	0.0484	51.7291	1.2116
47.8749	93.2354	7.1737	1.0000	48.8009	93.6128	22.1737	1.0000	1.0000	0.0240	0.0639	0.7536	68.1369	1.0000
13.2477	56.6986	-80.0134	1.0000	47.6913	77.1169	74.9611	1.0000	56.0000	0.0462	0.2288	0.1671	27.4798	1.3986
13.3376	80.3839	207.7117	1.0000	20.4794	95.6069	45.0156	1.0000	21.0000	0.5904	0.0439	0.4998	53.9849	1.2489
35.1707	73.5459	-27.0388	1.0000	47.5568	89.9832	71.1521	1.0000	22.0000	0.0489	0.1002	0.2094	21.4837	1.0689
6.0227	51.4549	79.3452	1.0000	41.0245	95.8221	60.1906	1.0000	57.0000	0.1795	0.0418	0.3312	31.4104	1.0086
80.1156	64.2410	146.4318	1.0000	52.1459	82.9066	117.5107	1.0000	36.0000	0.0429	0.1709	0.3057	32.4596	1.0706
65.0580	69.1211	-34.4401	1.0000	52.2793	95.4127	118.6707	1.0000	34.0000	0.0456	0.0459	0.3186	29.1247	1.1631
69.6746	83.2929	180.6219	1.0000	54.6801	95.2914	128.4910	1.0000	20.0000	0.0936	0.0471	0.4277	39.0594	1.0414
2.7433	39.5068	83.5018	1.0000	45.5931	95.3215	60.2956	1.0000	71.0000	0.0881	0.0468	0.3300	30.3918	1.0090
89.0642	97.4291	39.6594	1.0000	89.4958	98.3312	64.4316	1.0000	1.0000	0.7899	0.0167	0.2841	47.0792	1.0000
53.8313	95.5932	49.8400	1.0000	54.2260	96.5121	66.7585	1.0000	1.0000	0.0845	0.0349	0.2582	23.8787	1.0000
23.2357	93.7093	125.8086	1.0000	23.1839	95.6765	81.2315	1.0000	2.0000	0.5363	0.0432	0.0974	28.5426	1.0163
94.5548	86.3399	164.4844	1.0000	57.0764	95.0221	128.5068	1.0000	41.0000	0.1415	0.0498	0.4279	39.4668	1.0657
48.8821	71.4788	161.4254	1.0000	48.1566	72.1670	136.5142	1.0000	1.0000	0.0369	0.2783	0.5168	54.2369	1.0000
27.4786	70.1063	-68.5635	1.0000	47.5520	86.8315	70.9752	1.0000	35.0000	0.0490	0.1317	0.2114	23.2669	1.3396
25.1792	15.7834	56.6144	1.0000	47.7107	52.1232	72.1816	1.0000	43.0000	0.0458	0.4788	0.1980	51.1363	1.0057
71.0454	38.1929	122.0011	1.0000	52.3885	61.5724	118.3485	1.0000	30.0000	0.0478	0.3843	0.3150	47.8123	1.0030
21.1640	73.2740	190.8549	1.0000	18.8898	76.0027	92.8217	1.0000	4.0000	0.6222	0.2400	0.0314	39.3913	1.1261
64.7610	98.4477	2.5232	1.0000	65.6558	98.8942	26.5214	1.0000	1.0000	0.3131	0.0111	0.7053	65.3900	1.0000
91.7058	72.0048	-9.8944	1.0000	93.9176	74.7740	88.7945	1.0000	4.0000	0.8784	0.2523	0.0134	50.6612	1.1287
13.0814	39.2154	37.6698	1.0000	47.6767	83.0428	72.3763	1.0000	57.0000	0.0465	0.1696	0.1958	24.5670	1.0208
95.9391	49.4101	125.5874	1.0000	52.4702	69.2479	118.3812	1.0000	52.0000	0.0494	0.3075	0.3153	41.9200	1.0883
96.6125	85.4271	165.0146	1.0000	55.8601	95.5091	128.4936	1.0000	45.0000	0.1172	0.0449	0.4277	39.1952	1.0719
32.0537	48.8435	142.4530	1.0000	47.6906	83.8712	75.6408	1.0000	39.0000	0.0462	0.1613	0.1595	21.7177	1.0167
4.1996	57.3389	123.8067	1.0000	35.3129	95.4250	60.2086	1.0000	50.0000	0.2937	0.0458	0.3310	33.5286	1.0167
48.9422	6.6287	204.9001	1.0000	47.9547	6.4705	189.0985	1.0000	1.0000	0.0409	0.9353	1.1011	136.2808	1.0000
11.7115	15.9517	96.5576	1.0000	47.7004	68.0405	72.2604	1.0000	64.0000	0.0460	0.3196	0.1971	36.6250	1.0109
4.8513	33.0988	267.7674	1.0000	46.9784	95.3942	65.6350	1.0000	85.0000	0.0604	0.0461	0.2707	24.9799	1.1303
24.5347	25.9771	133.4070	1.0000	47.7636	67.1774	72.9344	1.0000	48.0000	0.0447	0.3282	0.1896	37.0616	1.0149
93.2507	41.6215	-19.5774	1.0000	52.4053	68.4232	118.3107	1.0000	59.0000	0.0481	0.3158	0.3146	42.4779	1.2077
91.9314	1.7203	181.5475	1.0000	52.2693	16.8836	118.3470	1.0000	47.0000	0.0454	0.8312	0.3150	87.8467	1.1069
34.9874	84.7004	184.8163	1.0000	32.9273	87.6279	89.4596	1.0000	4.0000	0.3415	0.1237	0.0060	21.0912	1.1174
82.4442	7.4951	210.2521	1.0000	52.1623	21.8237	117.5913	1.0000	38.0000	0.0432	0.7818	0.3066	82.9306	1.1343
69.6737	3.7908	-27.3150	1.0000	72.7293	6.6571	90.5269	1.0000	5.0000	0.4546	0.9334	0.0059	96.0718	1.1934
36.9465	70.6833	114.2438	1.0000	36.9563	71.6832	89.4360	1.0000	1.0000	0.2609	0.2832	0.0063	31.1817	1.0000
39.8764	75.2882	168.7761	1.0000	38.4998	77.7425	94.4219	1.0000	3.0000	0.2300	0.2226	0.0491	25.4401	1.0661
20.4201	33.3386	-1.8625	1.0000	47.6217	62.0771	71.1210	1.0000	43.0000	0.0476	0.3792	0.2098	42.4290	1.0867
21.4274	81.4846	180.1284	1.0000	28.3639	95.3665	45.0111	1.0000	18.0000	0.4327	0.0463	0.4999	50.1357	1.1599
95.7193	22.6469	208.5294	1.0000	52.2636	36.4105	118.1803	1.0000	51.0000	0.0453	0.6359	0.3131	69.5908	1.1188
22.0517	72.0731	30.7561	1.0000	41.5419	95.0243	60.2113	1.0000	31.0000	0.1692	0.0498	0.3310	31.3634	1.0296
62.7126	21.3671	211.0752	1.0000	52.0974	28.5712	117.9422	1.0000	14.0000	0.0419	0.7143	0.3105	76.7283	1.0913
24.0877	2.2676	36.1644	1.0000	47.5194	36.3490	70.0993	1.0000	42.0000	0.0496	0.6365	0.2211	66.7356	1.0155
90.6845	57.0444	247.9334	1.0000	52.4888	65.3044	118.4089	1.0000	48.0000	0.0498	0.3470	0.3157	44.9115	1.2283
56.4755	69.1583	89.0825	1.0000	52.3823	77.1243	119.1423	1.0000	9.0000	0.0476	0.2288	0.3238	37.1248	1.0049
45.8645	80.1022	222.3088	1.0000	46.4394	95.2933	75.9096	1.0000	19.0000	0.0712	0.0471	0.1566	15.2765	1.2498
34.7797	78.3886	85.2140	1.0000	39.9606	95.6269	73.2721	1.0000	18.0000	0.2008	0.0437	0.1859	19.9934	1.0000
41.9004	72.9084	200.2289	1.0000	45.8751	95.1431	72.4438	1.0000	25.0000	0.0825	0.0486	0.1951	18.6768	1.1068
47.9280	63.8244	70.2569	1.0000	48.2059	64.7850	73.8616	1.0000	1.0000	0.0359	0.3521	0.1793	38.7783	1.0000
52.0183	35.6742	121.6525	1.0000	51.5615	36.5638	117.1800	1.0000	1.0000	0.0312	0.6344	0.3020	69.0315	1.0000
50.6388	49.2694	108.1055	1.0000	50.3929	50.2387	104.2337	1.0000	1.0000	0.0079	0.4976	0.1582	51.7585	1.0000
45.0851	28.2513	150.4522	1.0000	47.5274	41.5739	76.4414	1.0000	14.0000	0.0495	0.5843	0.1507	60.0297	1.0336
50.7211	37.2661	60.6484	1.0000	51.0963	38.1930	67.9637	1.0000	1.0000	0.0219	0.6181	0.2448	65.6270	1.0000
89.2419	19.9567	-79.5109	1.0000	93.6702	21.4601	92.9849	1.0000	7.0000	0.8734	0.7854	0.0332	89.9139	1.4968
74.5626	48.5798	172.0773	1.0000	52.2193	65.5117	117.9175	1.0000	30.0000	0.0444	0.3449	0.3102	44.4270	1.0701
83.7549	46.3684	83.4290	1.0000	52.3090	71.6114	118.8033	1.0000	43.0000	0.0462	0.2839	0.3200	40.5077	1.0664
77.6362	8.7875	187.6069	1.0000	52.1474	24.4750	117.5180	1.0000	33.0000	0.0429	0.7553	0.3058	80.4107	1.1026
56.8864	64.6766	-52.3443	1.0000	52.4949	80.6387	118.4204	1.0000	22.0000	0.0499	0.1936	0.3158	34.4790	1.3289
68.6778	67.5234	200.6666	1.0000	52.3337	81.8627	118.6346	1.0000	23.0000	0.0467	0.1814	0.3182	33.9757	1.0578
88.8671	26.3523	233.8646	1.0000	52.4117	37.1500	118.3150	1.0000	45.0000	0.0482	0.6285	0.3146	68.9759	1.1836
73.0891	54.9918	33.9747	1.0000	52.2631	83.8973	118.1657	1.0000	37.0000	0.0453	0.1610	0.3130	32.5228	1.0386
93.5836	64.1113	26.9035	1.0000	52.1743	90.7440	117.6532	1.0000	56.0000	0.0435	0.0926	0.3073	29.2421	1.1374
57.7201	9.5684	-16.3018	1.0000	60.4085	13.0468	88.2554	1.0000	5.0000	0.2082	0.8695	0.0194	87.5913	1.1373
82.4068	70.8088	-47.5348	1.0000	53.5292	95.7434	118.6790	1.0000	48.0000	0.0706	0.0426	0.3187	29.2072	1.2581
49.0859	79.3506	164.1847	1.0000	48.3266	80.0014	139.3979	1.0000	1.0000	0.0335	0.2000	0.5489	53.3189	1.0000
61.4690	35.7215	106.5389	1.0000	52.1387	49.8449	117.4769	1.0000	17.0000	0.0428	0.5016	0.3053	57.2284	1.0043
25.3145	54.2319	210.0675	1.0000	22.2360	57.0171	89.3060	1.0000	5.0000	0.5553	0.4298	0.0077	51.1747	1.2044
71.8545	99.1368	29.9983	1.0000	72.4475	99.9420	53.6263	1.0000	1.0000	0.4490	0.0006	0.4042	42.7427	1.0000
18.7993	42.3214	201.9277	1.0000	47.7262	92.4363	72.4741	1.0000	62.0000	0.0455	0.0756	0.1947	19.2233	1.0715
58.7832	71.2660	91.6066	1.0000	52.2227	82.3971	118.7447	1.0000	13.0000	0.0445	0.1760	0.3194	33.7796	1.0061
44.9225	24.0284	25.5409	1.0000	47.5032	28.2252	68.0752	1.0000	5.0000	0.0499	0.7177	0.2436	75.0903	1.0148
19.7227	38.6292	-86.1642	1.0000	47.6853	53.8894	72.4647	1.0000	48.0000	0.0463	0.4611	0.1948	49.3866	1.5068
1.7136	94.2274	207.7920	1.0000	-0.2201	94.5306	159.2337	0.0000	2.0000	1.0044	0.0547	0.7693	85.7046	1.0218
43.9686	49.7139	99.5768	1.0000	47.5527	62.1930	76.3108	1.0000	13.0000	0.0489	0.3781	0.1521	40.2834	1.0013
98.0945	63.6716	131.2649	1.0000	52.3373	82.7253	118.6121	1.0000	54.0000	0.0467	0.1727	0.3179	33.5042	1.0895
78.6940	80.9701	185.9492	1.0000	52.6457	95.7701	118.8013	1.0000	33.0000	0.0529	0.0423	0.3200	29.2303	1.1015
13.0503	18.0140	145.2854	1.0000	47.7004	71.2759	72.4911	1.0000	65.0000	0.0460	0.2872	0.1945	33.7183	1.0230
70.9818	14.3393	126.9423	1.0000	52.1448	37.4916	117.5056	1.0000	30.0000	0.0429	0.6251	0.3056	68.3261	1.0051
36.7232	5.9802	86.8426	1.0000	47.7001	44.4401	74.9969	1.0000	40.0000	0.0460	0.5556	0.1667	57.5959	1.0001
21.5231	16.6450	220.7228	1.0000	47.6519	64.6009	71.7433	1.0000	60.0000	0.0470	0.3540	0.2029	39.8988	1.0987
5.8854	23.5219	175.8099	1.0000	47.7693	85.7448	73.1756	1.0000	78.0000	0.0446	0.1426	0.1869	22.1641	1.0399
27.5910	59.6352	40.2080	1.0000	47.6655	92.7157	72.3747	1.0000	39.0000	0.0467	0.0728	0.1958	19.2136	1.0079
85.3647	55.3981	107.1861	1.0000	52.2202	79.7779	118.1732	1.0000	44.0000	0.0444	0.2022	0.3130	34.7504	1.0694
83.6682	8.4040	-9.8605	1.0000	85.8788	11.1744	88.8040	1.0000	4.0000	0.7176	0.8883	0.0133	95.8055	1.1286
76.6838	37.4121	263.8476	1.0000	52.3328	42.9979	118.6403	1.0000	36.0000	0.0467	0.5700	0.3182	63.8353	1.4410
33.2022	72.7736	-15.9053	1.0000	47.6456	95.4545	74.6005	1.0000	28.0000	0.0471	0.0455	0.1711	16.2280	1.0413
49.5811	83.7563	162.6587	1.0000	48.8402	84.4280	137.8007	1.0000	1.0000	0.0232	0.1557	0.5311	50.2866	1.0000
98.6948	37.7877	187.3716	1.0000	52.1932	52.6686	117.7550	1.0000	54.0000	0.0439	0.4733	0.3084	54.9128	1.1060
43.7357	9.5378	103.0773	1.0000	47.6085	22.9726	73.5373	1.0000	14.0000	0.0478	0.7703	0.1829	78.8033	1.0013
92.4782	10.6950	63.7665	1.0000	92.4983	11.6948	88.8498	1.0000	1.0000	0.8500	0.8831	0.0128	98.0064	1.0000
39.1118	15.0584	211.6846	1.0000	36.0455	17.8246	88.7731	1.0000	5.0000	0.2791	0.8218	0.0136	83.3609	1.2108
55.3231	80.7962	183.5187	1.0000	52.0337	82.7295	124.4332	1.0000	4.0000	0.0407	0.1727	0.3826	38.5753	1.0484
74.5767	14.8072	158.1921	1.0000	52.2347	32.2955	118.4915	1.0000	30.0000	0.0447	0.6770	0.3166	73.4892	1.0574
29.2147	87.5983	151.1230	1.0000	31.3584	95.5945	60.9550	1.0000	9.0000	0.3728	0.0441	0.3227	34.7927	1.0871
41.0754	3.1562	241.7117	1.0000	36.9948	5.0510	93.2185	1.0000	6.0000	0.2601	0.9495	0.0358	95.8895	1.3336
21.9413	38.3703	125.1194	1.0000	47.7683	81.5663	72.9031	1.0000	51.0000	0.0446	0.1843	0.1900	25.2406	1.0133
34.1186	6.7991	224.0381	1.0000	47.5968	41.3236	70.8610	1.0000	42.0000	0.0481	0.5868	0.2127	61.7657	1.1332
20.2357	67.8925	125.8788	1.0000	38.5418	95.7565	60.0587	1.0000	34.0000	0.2292	0.0424	0.3327	32.3385	1.0198
87.0321	82.5211	175.7381	1.0000	53.7844	95.4400	121.0575	1.0000	39.0000	0.0757	0.0456	0.3451	31.6178	1.0934
49.0764	5.7053	86.6550	1.0000	49.1859	6.6993	83.7121	1.0000	1.0000	0.0163	0.9330	0.0699	93.5159	1.0000
35.6616	49.2607	121.6575	1.0000	47.7528	87.2599	74.3385	1.0000	40.0000	0.0449	0.1274	0.1740	20.3136	1.0031
56.1436	3.3072	92.3876	1.0000	52.0517	11.2899	117.7376	1.0000	9.0000	0.0410	0.8871	0.3082	92.9681	1.0033
70.9928	40.5200	185.2678	1.0000	52.2481	56.1042	118.3147	1.0000	26.0000	0.0450	0.4390	0.3146	52.2840	1.0666
70.1904	19.9521	20.6461	1.0000	71.2717	22.5714	91.1040	1.0000	3.0000	0.4254	0.7743	0.0123	80.3050	1.0587
26.7873	34.4525	59.9868	1.0000	47.7549	69.4815	72.8520	1.0000	41.0000	0.0449	0.3052	0.1905	35.0781	1.0043
56.4156	3.1050	229.0893	1.0000	51.7950	2.8364	150.3785	1.0000	5.0000	0.0359	0.9716	0.6709	114.4095	1.0803
9.7232	77.7884	107.5643	1.0000	24.2380	95.2129	45.0004	1.0000	23.0000	0.5152	0.0479	0.5000	52.0726	1.0142
88.9839	18.6992	127.9944	1.0000	52.4044	38.5537	118.3101	1.0000	45.0000	0.0481	0.6145	0.3146	67.6970	1.0812
29.5752	78.0666	-70.4217	1.0000	47.7194	94.9989	72.3680	1.0000	32.0000	0.0456	0.0500	0.1959	18.4688	1.2894
75.4182	68.3429	107.5223	1.0000	52.2211	93.6269	118.6749	1.0000	35.0000	0.0444	0.0637	0.3186	29.4584	1.0200
64.5525	94.1511	108.7135	1.0000	64.1501	95.0665	113.7262	1.0000	1.0000	0.2830	0.0493	0.2636	28.0624	1.0000
40.4580	60.4114	-45.6877	1.0000	47.5981	64.6381	68.2584	1.0000	10.0000	0.0480	0.3536	0.2416	41.5804	1.2052
36.8081	6.8042	137.1587	1.0000	36.4590	8.7265	87.9495	1.0000	2.0000	0.2708	0.9127	0.0228	92.2953	1.0237
9.2737	74.7520	174.9392	1.0000	22.9393	95.1193	45.0002	1.0000	27.0000	0.5412	0.0488	0.5000	52.7360	1.1008
84.3770	35.6505	195.3797	1.0000	52.0596	51.1057	117.1591	1.0000	40.0000	0.0412	0.4889	0.3018	55.9688	1.1166
95.5039	74.1537	201.4883	1.0000	52.1278	88.7021	117.4263	1.0000	51.0000	0.0426	0.1130	0.3047	29.7384	1.1147
71.9531	92.9558	263.7679	1.0000	54.1757	95.6578	125.5199	1.0000	26.0000	0.0835	0.0434	0.3947	36.0271	1.4459
51.9801	48.3223	112.7006	1.0000	51.6269	49.2579	110.6814	1.0000	1.0000	0.0325	0.5074	0.2298	54.8191	1.0000
74.5231	52.2134	250.8319	1.0000	52.1887	60.5264	117.7299	1.0000	32.0000	0.0438	0.3947	0.3081	48.2898	1.3428
65.7717	66.5733	52.9556	1.0000	66.1789	68.5128	85.8766	1.0000	2.0000	0.3236	0.3149	0.0458	35.6399	1.0092
70.5182	26.7061	210.5831	1.0000	52.3809	40.5510	118.3828	1.0000	25.0000	0.0476	0.5945	0.3154	65.9199	1.0956
88.3563	55.0499	-86.1876	1.0000	92.9198	56.0074	86.1895	1.0000	7.0000	0.8584	0.4399	0.0423	61.5790	1.5012
7.2486	33.1722	181.9481	1.0000	47.5109	93.7292	70.4254	1.0000	76.0000	0.0498	0.0627	0.2175	20.7047	1.0451
60.3483	53.9911	185.4042	1.0000	52.2173	60.4950	116.8690	1.0000	11.0000	0.0443	0.3950	0.2985	47.8279	1.0565
1.6281	13.6544	244.3295	1.0000	-0.1114	12.7687	194.4112	0.0000	2.0000	1.0022	0.8723	1.1601	144.9902	1.0246
41.4526	81.0979	142.5097	1.0000	40.9431	82.9831	92.6587	1.0000	2.0000	0.1811	0.1702	0.0295	19.4595	1.0241
56.7303	34.8807	215.8649	1.0000	52.1153	35.5713	140.1153	1.0000	5.0000	0.0423	0.6443	0.5568	81.6521	1.0715
26.0916	70.0390	-17.4383	1.0000	47.5392	94.9729	70.3948	1.0000	36.0000	0.0492	0.0503	0.2178	20.3885	1.0946
95.6352	46.9770	-56.5334	1.0000	99.5361	49.2287	91.9777	1.0000	6.0000	0.9907	0.5077	0.0220	70.9610	1.3321
34.1745	0.9985	-51.4853	1.0000	36.8971	-0.0893	-6.7812	0.0000	3.0000	0.2621	1.0009	1.0753	139.8433	1.0232
48.5669	33.5899	-14.2955	1.0000	49.5668	33.6022	0.7045	1.0000	1.0000	0.0087	0.6640	0.9922	111.2768	1.0000
46.6897	6.5969	35.0698	1.0000	47.8201	8.2362	60.7511	1.0000	2.0000	0.0436	0.9176	0.3250	96.3371	1.0044
29.3851	5.8182	250.0387	1.0000	47.6952	46.4286	72.8022	1.0000	52.0000	0.0461	0.5357	0.1911	56.3114	1.1673
43.2855	98.1776	186.0816	1.0000	42.3334	98.4833	162.2025	1.0000	1.0000	0.1533	0.0152	0.8022	72.6242	1.0000
83.6183	13.2995	-64.8027	1.0000	52.2755	39.8013	118.5412	1.0000	53.0000	0.0455	0.6020	0.3171	66.6608	1.2913
29.6885	7.4452	95.7856	1.0000	47.7345	40.7895	72.5099	1.0000	38.0000	0.0453	0.5921	0.1943	61.7812	1.0023
52.8666	34.0475	128.8101	1.0000	52.3946	34.9292	118.1622	1.0000	1.0000	0.0479	0.6507	0.3129	70.9440	1.0000
77.9566	92.8278	154.1790	1.0000	65.2529	95.1306	158.7951	1.0000	13.0000	0.3051	0.0487	0.7644	70.6338	1.0069
31.8942	45.7583	198.8354	1.0000	47.5061	82.3214	70.4231	1.0000	43.0000	0.0499	0.1768	0.2175	26.4954	1.0816
17.4661	26.7552	-33.6471	1.0000	47.6107	53.8668	72.9448	1.0000	47.0000	0.0478	0.4613	0.1895	49.2429	1.1593
86.9741	60.1259	140.8237	1.0000	52.0955	78.8713	117.2854	1.0000	43.0000	0.0419	0.2113	0.3032	34.5732	1.0859
46.4802	96.7606	219.1959	1.0000	45.5423	96.4135	200.3100	1.0000	1.0000	0.0892	0.0359	1.2257	110.4583	1.0000
34.7426	92.6958	222.1974	1.0000	31.1921	95.7520	84.0211	1.0000	6.0000	0.3762	0.0425	0.0664	20.1873	1.2808
99.6588	87.1980	103.9293	1.0000	88.0443	95.0627	176.2143	1.0000	15.0000	0.7609	0.0494	0.9579	94.3645	1.0694
20.4046	21.1146	160.2302	1.0000	19.3846	23.7432	86.6402	1.0000	3.0000	0.6123	0.7626	0.0373	82.2416	1.0640
21.7844	71.7263	14.5916	1.0000	44.0768	95.7217	61.4986	1.0000	35.0000	0.1185	0.0428	0.3167	29.4231	1.0686
78.6973	79.0376	-22.6624	1.0000	60.4994	95.4573	129.5849	1.0000	31.0000	0.2100	0.0454	0.4398	41.2049	1.2648
31.3175	21.8418	177.5886	1.0000	47.6357	58.3342	71.8058	1.0000	42.0000	0.0473	0.4167	0.2022	45.5264	1.0507
91.5458	18.3346	198.1027	1.0000	52.1304	33.1943	117.4381	1.0000	47.0000	0.0426	0.6681	0.3049	72.2523	1.1158
98.7615	1.4413	-63.4943	1.0000	100.5141	0.5817	-13.5605	0.0000	2.0000	1.0103	0.9942	1.1507	152.1856	1.0245
53.3963	35.0195	255.2890	1.0000	52.1972	33.4403	225.2890	1.0000	2.0000	0.0439	0.6656	1.5032	150.7917	1.0086
71.7610	37.1079	67.3683	1.0000	71.7438	38.1077	90.9847	1.0000	1.0000	0.4349	0.6189	0.0109	65.6080	1.0000
78.1648	27.7038	53.2225	1.0000	52.2656	54.0581	118.2376	1.0000	39.0000	0.0453	0.4594	0.3138	53.9736	1.0555
66.3172	9.2756	169.6212	1.0000	52.2664	24.2281	118.2623	1.0000	21.0000	0.0453	0.7577	0.3140	80.9029	1.0235
24.9180	27.3901	190.6581	1.0000	22.6113	30.1097	93.9077	1.0000	4.0000	0.5478	0.6989	0.0434	75.1669	1.1217
99.4847	27.2315	113.9077	1.0000	52.2697	49.2331	118.3582	1.0000	57.0000	0.0454	0.5077	0.3151	58.1946	1.0943
76.1045	16.2402	43.2638	1.0000	76.4598	18.1632	91.6355	1.0000	2.0000	0.5292	0.8184	0.0182	86.0236	1.0227
37.8250	93.0089	233.3197	1.0000	33.9780	95.4496	87.3363	1.0000	6.0000	0.3204	0.0455	0.0296	16.8673	1.3170
3.1956	86.8130	148.8252	1.0000	6.5428	95.3607	46.9994	1.0000	10.0000	0.8691	0.0464	0.4778	61.3115	1.0894
85.6058	11.9474	-21.5917	1.0000	52.1672	39.5120	117.6165	1.0000	52.0000	0.0433	0.6049	0.3069	66.5295	1.1999
52.9995	44.5296	-81.2540	1.0000	52.2672	55.9983	118.2596	1.0000	20.0000	0.0453	0.4400	0.3140	52.3440	1.7403
67.6215	10.8979	248.2116	1.0000	52.2824	19.6091	118.8565	1.0000	21.0000	0.0456	0.8039	0.3206	85.4436	1.1905
8.2112	28.0410	-3.6698	1.0000	47.6697	61.1497	73.8087	1.0000	57.0000	0.0466	0.3885	0.1799	42.1537	1.1066
38.8531	44.5935	260.6600	1.0000	34.3494	45.9923	89.9263	1.0000	7.0000	0.3130	0.5401	0.0008	56.2296	1.4843
49.7145	52.7307	265.9669	1.0000	49.3825	51.7874	250.6132	1.0000	1.0000	0.0123	0.4821	1.7846	167.6945	1.0000
68.6821	82.9348	-13.0889	1.0000	64.9620	95.5679	128.3169	1.0000	16.0000	0.2992	0.0443	0.4257	41.3726	1.2149
21.8277	5.5450	153.4031	1.0000	47.7019	50.1890	72.1283	1.0000	53.0000	0.0460	0.4981	0.1986	52.9699	1.0271
21.4655	88.7360	138.1173	1.0000	21.0779	90.6517	89.1997	1.0000	2.0000	0.5784	0.0935	0.0089	30.4059	1.0233
32.1098	56.8119	73.8963	1.0000	47.5921	95.8037	76.8992	1.0000	42.0000	0.0482	0.0420	0.1456	13.9656	1.0011
0.8898	65.5851	249.8890	1.0000	-0.7520	64.5295	200.1392	0.0000	2.0000	1.0150	0.3547	1.2238	126.3509	1.0247
88.8245	34.7481	245.0195	1.0000	52.3900	43.7548	118.3417	1.0000	46.0000	0.0478	0.5625	0.3149	63.0277	1.2256
92.7032	29.3880	170.2721	1.0000	52.1909	45.2533	117.7422	1.0000	48.0000	0.0438	0.5475	0.3082	61.4136	1.1032
26.9174	93.1832	195.2405	1.0000	24.3687	95.6888	99.4305	1.0000	4.0000	0.5126	0.0431	0.1048	27.6493	1.1192
15.5725	56.8625	265.8481	1.0000	11.0115	57.8451	93.5611	1.0000	7.0000	0.7798	0.4215	0.0396	57.5310	1.5003
95.0638	77.3338	-39.4222	1.0000	58.3154	95.3378	128.5810	1.0000	52.0000	0.1663	0.0466	0.4287	39.7414	1.2707
26.7626	35.8581	-55.3762	1.0000	47.5058	54.7513	70.2193	1.0000	35.0000	0.0499	0.4525	0.2198	49.4463	1.2474
34.5907	31.4654	214.3710	1.0000	47.5242	66.0255	72.1381	1.0000	41.0000	0.0495	0.3397	0.1985	38.4635	1.1111
88.3406	65.3173	223.1236	1.0000	52.2972	77.7417	118.8926	1.0000	44.0000	0.0459	0.2226	0.3210	36.5444	1.1541
29.5416	71.4691	27.4288	1.0000	44.9737	95.6680	60.3313	1.0000	29.0000	0.1005	0.0433	0.3297	30.4016	1.0104
29.4612	46.2203	255.1138	1.0000	24.9237	47.8236	88.7523	1.0000	7.0000	0.5015	0.5218	0.0139	57.9030	1.4546
93.3406	94.3365	118.0490	1.0000	92.7951	95.1747	123.0560	1.0000	1.0000	0.8559	0.0483	0.3673	54.2900	1.0000
92.2978	46.9485	-60.0420	1.0000	96.3201	48.9612	88.6271	1.0000	6.0000	0.9264	0.5104	0.0153	68.9376	1.3340
81.4384	82.3187	-8.0276	1.0000	83.5672	85.1558	90.3419	1.0000	4.0000	0.6713	0.1484	0.0038	36.7045	1.1277
80.9496	76.0581	26.7042	1.0000	57.5139	95.6181	128.5084	1.0000	34.0000	0.1503	0.0438	0.4279	39.4786	1.1138
42.2260	48.6269	9.6333	1.0000	47.6498	57.8164	74.9909	1.0000	11.0000	0.0470	0.4218	0.1668	44.8359	1.0309
4.6180	45.5692	253.6417	1.0000	40.0046	95.8349	60.1649	1.0000	70.0000	0.1999	0.0417	0.3315	31.7394	1.1387
46.4786	51.0395	235.9658	1.0000	47.5013	69.8817	77.5238	1.0000	24.0000	0.0500	0.3012	0.1386	32.6958	1.2719
4.3269	76.3809	23.6312	1.0000	35.9642	95.2717	60.7202	1.0000	38.0000	0.2807	0.0473	0.3253	32.8126	1.0313
21.1303	32.2778	12.9464	1.0000	47.7209	63.7482	74.2290	1.0000	44.0000	0.0456	0.3625	0.1752	39.5994	1.0680
45.5134	50.3384	63.4779	1.0000	47.5668	55.9584	76.7363	1.0000	6.0000	0.0487	0.4404	0.1474	46.0598	1.0028
60.3491	79.7473	-88.3471	1.0000	65.1472	81.4779	88.9062	1.0000	8.0000	0.3029	0.1852	0.0122	23.9521	1.5684
59.9425	61.9748	207.2140	1.0000	52.0566	66.5420	116.5670	1.0000	10.0000	0.0411	0.3346	0.2952	42.7723	1.0973
41.3692	56.4422	161.5637	1.0000	40.3168	59.0531	86.9939	1.0000	3.0000	0.1937	0.4095	0.0334	42.1835	1.0657
36.4575	42.5959	94.8291	1.0000	47.6675	76.7804	74.2587	1.0000	36.0000	0.0467	0.2322	0.1749	28.1492	1.0007
70.2887	4.2970	111.1905	1.0000	52.1613	29.3574	117.5863	1.0000	31.0000	0.0432	0.7064	0.3065	75.8686	1.0023
90.2817	16.6792	-41.6364	1.0000	52.2733	43.5069	118.4704	1.0000	58.0000	0.0455	0.5649	0.3163	63.3025	1.2467
85.9348	92.2765	-7.0070	1.0000	88.0117	95.1494	91.5261	1.0000	4.0000	0.7602	0.0485	0.0170	38.3504	1.1284
13.4011	23.0933	99.8743	1.0000	47.7656	73.8849	73.2192	1.0000	62.0000	0.0447	0.2612	0.1865	31.1221	1.0110
67.9180	0.9050	252.1049	1.0000	66.6931	-0.6576	225.0055	0.0000	2.0000	0.3339	1.0066	1.5001	169.2250	1.0073
74.2809	30.2161	218.1635	1.0000	52.0821	43.9226	117.2367	1.0000	30.0000	0.0416	0.5608	0.3026	62.3766	1.1499
30.1820	59.0419	12.1339	1.0000	47.5886	86.3762	70.7821	1.0000	33.0000	0.0482	0.1362	0.2135	23.6802	1.0183
72.0970	91.9387	78.9522	1.0000	70.7183	95.6496	119.6729	1.0000	4.0000	0.4144	0.0435	0.3297	36.4507	1.0104
47.1360	27.7478	147.8290	1.0000	46.3019	30.5358	89.2273	1.0000	3.0000	0.0740	0.6946	0.0086	69.5669	1.0309
12.9432	14.3678	162.8373	1.0000	11.8338	16.9544	88.2370	1.0000	3.0000	0.7633	0.8305	0.0196	91.4130	1.0659
68.0797	64.9069	148.4176	1.0000	52.2784	84.0485	118.6381	1.0000	25.0000	0.0456	0.1595	0.3182	32.8601	1.0072
18.7527	27.0824	-22.2597	1.0000	47.5137	54.8329	71.3126	1.0000	45.0000	0.0497	0.4517	0.2076	48.9435	1.1260
66.1468	56.3266	185.4828	1.0000	52.2666	69.6917	118.2693	1.0000	20.0000	0.0453	0.3031	0.3141	41.5076	1.0379
84.5577	52.9125	-72.3907	1.0000	52.4289	78.7047	118.3300	1.0000	54.0000	0.0486	0.2130	0.3148	35.5243	1.3107
84.8139	8.8106	48.3789	1.0000	52.2069	35.6580	117.8375	1.0000	46.0000	0.0441	0.6434	0.3093	70.1404	1.0891
92.9376	11.7814	203.5857	1.0000	52.3267	25.8955	118.6793	1.0000	48.0000	0.0465	0.7410	0.3187	79.4947	1.1164
73.2822	5.8393	161.5797	1.0000	52.1305	23.4037	117.4386	1.0000	29.0000	0.0426	0.7660	0.3049	81.3905	1.0548
31.3138	15.6271	118.7608	1.0000	47.6840	48.5439	73.2282	1.0000	37.0000	0.0463	0.5146	0.1864	54.1700	1.0065
62.4573	78.1850	-69.6049	1.0000	66.9948	80.4134	86.1351	1.0000	7.0000	0.3399	0.1959	0.0429	26.2183	1.3847
65.4173	93.9078	261.6679	1.0000	54.1683	95.5591	127.3253	1.0000	14.0000	0.0834	0.0444	0.4147	37.8190	1.2314
56.0659	36.7498	175.9619	1.0000	52.1936	39.5146	117.5955	1.0000	5.0000	0.0439	0.6049	0.3066	66.5193	1.0509
64.4053	16.7117	-88.2114	1.0000	69.1931	18.3154	94.0115	1.0000	8.0000	0.3839	0.8168	0.0446	84.0050	1.5844
48.6370	96.6532	-78.6958	1.0000	49.0801	95.7567	-63.6958	1.0000	1.0000	0.0184	0.0424	1.7077	153.7571	1.0000
97.0087	36.5326	110.0725	1.0000	52.2591	59.3614	118.1711	1.0000	55.0000	0.0452	0.4064	0.3130	49.4996	1.0948
23.5213	21.1237	83.7007	1.0000	47.7150	61.0878	72.7755	1.0000	47.0000	0.0457	0.3891	0.1914	42.6153	1.0061
14.3484	3.7419	25.6970	1.0000	47.6872	40.6712	72.0274	1.0000	52.0000	0.0463	0.5933	0.1997	62.0344	1.0452
79.5114	89.2829	259.5399	1.0000	52.5751	95.3276	118.5832	1.0000	38.0000	0.0515	0.0467	0.3176	29.0768	1.3765
96.8956	73.2330	145.8178	1.0000	52.4287	90.3138	118.3298	1.0000	52.0000	0.0486	0.0969	0.3148	30.0383	1.0916
37.5335	0.5951	7.7383	1.0000	47.7328	18.5205	75.6482	1.0000	21.0000	0.0453	0.8148	0.1595	82.7649	1.0182
12.1288	59.4479	203.4375	1.0000	36.5219	95.5946	60.0937	1.0000	48.0000	0.2696	0.0441	0.3323	33.0976	1.1007
21.7964	93.0805	209.8670	1.0000	18.7760	95.9055	87.7989	1.0000	5.0000	0.6245	0.0409	0.0245	31.5681	1.2090
24.8459	66.3662	245.2245	1.0000	39.4676	95.7236	60.2442	1.0000	40.0000	0.2106	0.0428	0.3306	31.8532	1.2196
89.8546	13.7315	-29.7711	1.0000	92.8265	16.5921	93.4819	1.0000	5.0000	0.8565	0.8341	0.0387	93.8248	1.2121
83.2319	60.7516	19.9369	1.0000	84.2253	63.3884	94.1154	1.0000	3.0000	0.6845	0.3661	0.0457	50.2864	1.0647
69.7029	37.8489	101.0916	1.0000	52.2173	62.1281	118.3933	1.0000	30.0000	0.0443	0.3787	0.3155	47.3854	1.0027
47.2608	38.8695	176.9335	1.0000	45.3118	41.9291	89.0919	1.0000	4.0000	0.0938	0.5807	0.0101	58.2669	1.1026
52.2632	11.4494	29.5469	1.0000	53.6764	15.0389	87.9493	1.0000	4.0000	0.0735	0.8496	0.0228	85.0653	1.0369
21.2678	39.2977	128.6744	1.0000	47.7549	83.1756	72.7938	1.0000	52.0000	0.0449	0.1682	0.1912	24.1693	1.0146
80.7171	63.7790	244.5778	1.0000	52.2169	72.9952	118.4204	1.0000	38.0000	0.0443	0.2700	0.3158	39.2670	1.2686
53.8916	33.9579	15.7815	1.0000	55.5207	37.3546	88.9560	1.0000	4.0000	0.1104	0.6265	0.0116	62.8968	1.0618
23.9504	67.7982	191.4849	1.0000	21.6205	70.4928	94.2880	1.0000	4.0000	0.5676	0.2951	0.0476	41.1638	1.1229
87.9188	92.5714	225.2467	1.0000	59.0221	95.2430	128.7325	1.0000	32.0000	0.1804	0.0476	0.4304	40.0529	1.1027
93.7037	40.9138	108.1670	1.0000	52.2239	64.3013	118.6365	1.0000	52.0000	0.0445	0.3570	0.3182	45.8191	1.0920
34.6319	97.4907	-33.7748	1.0000	35.5780	97.1669	-18.8956	1.0000	1.0000	0.2884	0.0283	1.2100	109.8830	1.0000
76.4550	41.3008	0.9564	1.0000	52.2806	68.8851	118.7133	1.0000	41.0000	0.0456	0.3111	0.3190	42.4003	1.1178
68.1479	3.4540	51.9583	1.0000	68.5256	5.3935	87.8946	1.0000	2.0000	0.3705	0.9461	0.0234	96.4263	1.0122
8.9797	68.9823	79.5427	1.0000	32.6644	95.7978	61.0167	1.0000	36.0000	0.3467	0.0420	0.3220	34.0325	1.0062
84.2081	82.9953	120.1473	1.0000	58.6613	95.6111	128.5989	1.0000	30.0000	0.1732	0.0439	0.4289	39.8014	1.0529
86.6025	47.6118	239.6753	1.0000	52.4980	57.3616	118.4237	1.0000	43.0000	0.0500	0.4264	0.3158	51.3048	1.2123
59.6426	25.1805	246.4061	1.0000	52.2538	25.7588	118.0552	1.0000	9.0000	0.0451	0.7424	0.3117	79.3973	1.2144
33.4797	93.6255	106.2297	1.0000	33.9191	95.5685	72.1510	1.0000	2.0000	0.3216	0.0443	0.1983	24.4299	1.0040
16.6977	58.8388	95.2688	1.0000	42.2858	95.3252	60.2009	1.0000	45.0000	0.1543	0.0467	0.3311	31.1343	1.0098
79.6705	38.2917	-89.8644	1.0000	52.2168	64.6023	117.9015	1.0000	51.0000	0.0443	0.3540	0.3100	45.1265	1.3412
48.6351	58.5689	-37.4599	1.0000	49.5593	58.1869	-22.4599	1.0000	1.0000	0.0088	0.4181	1.2496	119.9824	1.0000
17.5771	42.9577	153.4512	1.0000	47.6705	91.8758	72.0600	1.0000	59.0000	0.0466	0.0812	0.1993	19.8311	1.0273
26.7197	90.2748	15.7812	1.0000	34.5449	95.5674	61.7256	1.0000	10.0000	0.3091	0.0443	0.3142	32.5262	1.0585
40.5068	91.8475	-23.3029	1.0000	45.7875	95.3332	62.0339	1.0000	7.0000	0.0842	0.0467	0.3107	28.6640	1.1063
77.7651	41.6744	227.4158	1.0000	52.1064	54.1129	117.3313	1.0000	34.0000	0.0421	0.4589	0.3037	53.4515	1.1924
41.7596	0.9267	17.9300	1.0000	47.6739	11.1610	72.6323	1.0000	12.0000	0.0465	0.8884	0.1930	90.5507	1.0152
38.7574	82.8914	40.1656	1.0000	45.4321	95.1903	61.9979	1.0000	14.0000	0.0914	0.0481	0.3111	28.7770	1.0005
81.2226	88.5031	162.7897	1.0000	59.4352	95.0349	128.7467	1.0000	24.0000	0.1887	0.0497	0.4305	40.1868	1.0552
44.1916	42.1697	164.5282	1.0000	42.9913	44.7170	90.4420	1.0000	3.0000	0.1402	0.5528	0.0049	55.7272	1.0654
40.7901	63.5880	-82.5249	1.0000	47.8073	62.6610	52.4751	1.0000	9.0000	0.0439	0.3734	0.4169	52.9823	1.2715
2.4931	27.6984	117.9055	1.0000	2.4408	28.6970	92.9998	1.0000	1.0000	0.9512	0.7130	0.0333	85.7613	1.0000
96.0643	36.9377	-39.0272	1.0000	52.1104	63.9894	117.3484	1.0000	64.0000	0.0422	0.3601	0.3039	45.2676	1.2400
66.7081	70.1745	-31.5344	1.0000	53.6831	95.4239	119.0971	1.0000	33.0000	0.0737	0.0458	0.3233	29.6841	1.1615
93.0451	18.6329	40.8462	1.0000	93.4472	20.5430	90.6947	1.0000	2.0000	0.8689	0.7946	0.0077	90.5624	1.0246
65.8282	0.5268	209.3559	1.0000	52.1639	11.7659	117.5936	1.0000	19.0000	0.0433	0.8823	0.3066	92.4735	1.0739
41.4584	73.2619	-88.7063	1.0000	47.6440	70.8619	31.2937	1.0000	8.0000	0.0471	0.2914	0.6523	65.5821	1.2057
44.7034	72.0714	-19.7569	1.0000	47.5885	72.5928	25.2431	1.0000	3.0000	0.0482	0.2741	0.7195	70.3593	1.0232
0.5084	2.9799	90.3873	1.0000	47.7279	66.4560	72.7286	1.0000	80.0000	0.0454	0.3354	0.1919	37.7977	1.0112
85.7316	26.7392	102.1548	1.0000	52.3323	50.6628	118.6438	1.0000	44.0000	0.0466	0.4934	0.3183	57.0970	1.0710
21.3499	53.7901	125.8928	1.0000	47.1762	95.8331	67.0791	1.0000	50.0000	0.0565	0.0417	0.2547	23.4671	1.0133
78.9589	7.0017	-35.9773	1.0000	82.2344	9.5091	86.8278	1.0000	5.0000	0.6447	0.9049	0.0352	96.1131	1.2121
0.3190	44.9810	70.9697	1.0000	41.6510	95.7649	60.0693	1.0000	66.0000	0.1670	0.0424	0.3326	31.3606	1.0080
24.7499	39.4604	20.7579	1.0000	47.7633	71.5221	74.3628	1.0000	41.0000	0.0447	0.2848	0.1737	32.5656	1.0389
27.4192	31.6238	96.2433	1.0000	47.7645	68.2058	73.1435	1.0000	42.0000	0.0447	0.3179	0.1873	36.0557	1.0034
78.4257	42.2672	124.3209	1.0000	52.3486	63.3915	118.5465	1.0000	35.0000	0.0470	0.3661	0.3172	46.4822	1.0429
56.6007	12.1831	117.4804	1.0000	52.3000	18.9140	118.5260	1.0000	8.0000	0.0460	0.8109	0.3170	85.9882	1.0016
40.5447	18.5865	86.4011	1.0000	47.6932	43.5791	73.7075	1.0000	26.0000	0.0461	0.5642	0.1810	58.7714	1.0002
32.3097	41.8840	20.0371	1.0000	47.5163	68.6775	71.6000	1.0000	31.0000	0.0497	0.3132	0.2044	36.4120	1.0062
83.4317	26.8910	177.8849	1.0000	52.0709	43.0349	117.1973	1.0000	39.0000	0.0414	0.5697	0.3022	63.1586	1.1057
12.8764	79.8365	256.5525	1.0000	19.9796	95.2354	45.0048	1.0000	25.0000	0.6004	0.0476	0.4999	54.3001	1.4742
51.0694	96.5728	261.5485	1.0000	50.6714	95.6554	246.5485	1.0000	1.0000	0.0134	0.0434	1.7394	156.6102	1.0000
43.3212	25.2124	134.1294	1.0000	47.7172	43.4938	77.4319	1.0000	19.0000	0.0457	0.5651	0.1396	57.9320	1.0105
79.7393	44.1901	50.9629	1.0000	52.1097	71.0628	117.3455	1.0000	41.0000	0.0422	0.2894	0.3038	39.8696	1.0638
94.1320	3.0600	107.7964	1.0000	52.4804	26.1173	118.3961	1.0000	52.0000	0.0496	0.7388	0.3155	79.1905	1.0923
10.7197	51.4268	-10.1347	1.0000	47.6009	82.9838	72.7038	1.0000	54.0000	0.0480	0.1702	0.1922	24.3817	1.1125
23.4160	2.5562	-25.1725	1.0000	47.6202	29.7569	74.3170	1.0000	41.0000	0.0476	0.7024	0.1743	72.0119	1.1261
98.4520	70.8931	-17.1093	1.0000	100.2954	71.5447	31.6242	0.0000	2.0000	1.0059	0.2846	0.6486	82.1405	1.0229
44.5106	48.1104	43.8881	1.0000	47.7498	55.3898	75.0491	1.0000	8.0000	0.0450	0.4461	0.1661	47.1027	1.0041
59.3295	56.5967	-72.4953	1.0000	52.4177	76.0121	118.3195	1.0000	28.0000	0.0484	0.2399	0.3147	37.1921	1.3586
73.9626	44.7155	255.1473	1.0000	52.0811	52.3795	117.2329	1.0000	32.0000	0.0416	0.4762	0.3026	54.8970	1.3802
70.2214	85.3260	-29.6210	1.0000	73.3757	88.0760	88.5926	1.0000	5.0000	0.4675	0.1192	0.0156	26.2790	1.1948
38.3932	83.8904	69.3965	1.0000	42.6160	95.1229	69.3965	1.0000	12.0000	0.1477	0.0488	0.2289	22.4235	1.0000
56.2521	26.8665	249.0721	1.0000	51.9941	24.9670	173.9094	1.0000	5.0000	0.0399	0.7503	0.9323	112.5820	1.0724
80.0270	16.7140	102.2915	1.0000	52.1451	41.4385	117.5069	1.0000	39.0000	0.0429	0.5856	0.3056	64.7355	1.0465
38.2573	34.6408	178.6171	1.0000	47.7364	71.9977	73.6018	1.0000	40.0000	0.0453	0.2800	0.1822	32.5293	1.0379
31.9916	70.6678	118.7350	1.0000	42.8943	95.1925	64.0167	1.0000	27.0000	0.1421	0.0481	0.2887	27.3630	1.0060
78.0405	52.1525	103.9679	1.0000	52.1673	76.6432	117.6169	1.0000	37.0000	0.0433	0.2336	0.3069	36.2344	1.0386
68.8856	9.9922	214.0389	1.0000	52.3199	23.2890	118.7235	1.0000	23.0000	0.0464	0.7671	0.3191	81.9451	1.0828
23.1100	34.1043	81.8829	1.0000	47.5659	73.9193	70.8350	1.0000	47.0000	0.0487	0.2608	0.2129	32.4565	1.0059
33.6311	5.6164	210.2735	1.0000	30.4283	8.3471	92.9346	1.0000	5.0000	0.3914	0.9165	0.0326	93.7652	1.1880
55.1146	85.8830	-84.6885	1.0000	59.8173	87.8912	92.0479	1.0000	8.0000	0.1963	0.1211	0.0228	15.7225	1.5645
95.6338	12.7650	199.5830	1.0000	52.1870	27.3322	117.7209	1.0000	51.0000	0.0437	0.7267	0.3080	77.8064	1.1130
48.3144	24.0150	123.9971	1.0000	47.9431	24.9435	111.7999	1.0000	1.0000	0.0411	0.7506	0.2422	78.1853	1.0000
69.1904	54.4231	234.9259	1.0000	52.4535	65.4855	118.3567	1.0000	23.0000	0.0491	0.3451	0.3151	44.7366	1.1464
30.7970	70.3294	175.4702	1.0000	41.4511	95.2807	60.0767	1.0000	29.0000	0.1710	0.0472	0.3325	31.4763	1.0689
86.2739	33.5340	59.5373	1.0000	52.1625	60.0124	117.5926	1.0000	47.0000	0.0433	0.3999	0.3066	48.6316	1.0884
64.0292	53.0636	69.5274	1.0000	52.1510	72.3056	117.5356	1.0000	23.0000	0.0430	0.2769	0.3060	39.1129	1.0171
10.4759	10.7761	258.0131	1.0000	6.0830	12.3976	85.6337	1.0000	7.0000	0.8783	0.8760	0.0485	98.0915	1.4949
27.7254	40.6510	104.1924	1.0000	47.7737	77.3797	73.1783	1.0000	42.0000	0.0445	0.2262	0.1869	28.2773	1.0037
19.8041	22.9990	-68.6000	1.0000	47.5836	42.4646	72.9631	1.0000	46.0000	0.0483	0.5754	0.1893	60.0535	1.3561
37.8736	8.5674	-76.7343	1.0000	47.6707	14.7787	74.7851	1.0000	16.0000	0.0466	0.8522	0.1691	86.6002	1.3793
64.0951	34.3761	96.5889	1.0000	52.2759	51.6218	118.5568	1.0000	21.0000	0.0455	0.4838	0.3173	56.2238	1.0044
79.6150	40.2932	162.3666	1.0000	52.1951	57.2139	117.7657	1.0000	35.0000	0.0439	0.4279	0.3085	51.0530	1.0863
91.6163	40.9795	-86.7648	1.0000	96.1898	41.8884	85.5499	1.0000	7.0000	0.9238	0.5811	0.0494	74.3656	1.5012
3.0037	75.4033	-73.0846	1.0000	46.1086	95.3639	62.6158	1.0000	61.0000	0.0778	0.0464	0.3043	28.0452	1.2842
83.0674	38.2443	200.9583	1.0000	52.3782	52.8077	118.3957	1.0000	38.0000	0.0476	0.4719	0.3155	55.1279	1.1187
82.2852	0.6442	121.2248	1.0000	52.3519	22.1805	118.5288	1.0000	39.0000	0.0470	0.7782	0.3170	82.9175	1.0576
54.1440	67.4289	36.0615	1.0000	55.0457	70.2163	87.2372	1.0000	3.0000	0.1009	0.2978	0.0307	30.3342	1.0240
68.2288	82.4538	177.7814	1.0000	53.8656	95.5407	122.4325	1.0000	20.0000	0.0773	0.0446	0.3604	32.9651	1.0293
39.7898	30.8958	-75.1854	1.0000	47.7323	32.6756	65.9490	1.0000	11.0000	0.0454	0.6732	0.2672	71.5274	1.3514
23.2382	53.2856	122.2957	1.0000	47.6699	95.1008	72.3237	1.0000	49.0000	0.0466	0.0490	0.1964	18.4901	1.0118
86.4644	48.0562	64.6651	1.0000	86.4687	49.0562	89.7554	1.0000	1.0000	0.7294	0.5094	0.0027	62.6522	1.0000
29.1089	28.6997	-4.0360	1.0000	47.7178	55.2248	73.1980	1.0000	34.0000	0.0456	0.4478	0.1867	47.8783	1.0493
76.4587	93.3421	-10.0886	1.0000	78.6720	95.0927	62.7167	1.0000	3.0000	0.5734	0.0491	0.3031	39.8816	1.0631
68.5781	83.9009	164.9685	1.0000	55.3371	95.3661	128.4914	1.0000	18.0000	0.1067	0.0463	0.4277	39.1349	1.0277
25.9010	71.1790	203.9197	1.0000	37.5246	95.6748	60.2660	1.0000	31.0000	0.2495	0.0433	0.3304	32.5339	1.1433
28.2872	76.9905	-39.2179	1.0000	45.4694	95.0493	61.9999	1.0000	29.0000	0.0906	0.0495	0.3111	28.7931	1.1634
82.7935	11.5236	86.1052	1.0000	52.3248	36.7737	118.6915	1.0000	42.0000	0.0465	0.6323	0.3188	69.4706	1.0614
54.5235	32.6181	168.2583	1.0000	52.2365	34.4250	124.4368	1.0000	3.0000	0.0447	0.6557	0.3826	74.1011	1.0293
60.6954	89.7160	91.4142	1.0000	57.3113	95.7694	127.8482	1.0000	7.0000	0.1462	0.0423	0.4205	38.7794	1.0094
43.7297	12.1035	-55.3932	1.0000	48.3171	11.2621	19.6068	1.0000	5.0000	0.0337	0.8874	0.7821	113.2804	1.0721
23.6370	4.0185	153.4429	1.0000	47.5675	46.4244	70.5749	1.0000	50.0000	0.0486	0.5358	0.2158	57.0403	1.0269
13.6615	96.5589	4.3487	1.0000	14.6564	96.6603	5.8188	1.0000	1.0000	0.7069	0.0334	0.9353	91.3608	1.0000
91.4298	53.5447	33.6461	1.0000	52.4262	79.8302	118.3274	1.0000	53.0000	0.0485	0.2017	0.3147	34.8590	1.1268
79.2848	78.2823	183.0829	1.0000	52.4591	93.5837	118.3657	1.0000	34.0000	0.0492	0.0642	0.3152	29.1861	1.1009
17.4051	33.8092	231.2639	1.0000	47.6895	86.3127	72.7787	1.0000	67.0000	0.0462	0.1369	0.1913	22.1191	1.1054
37.4801	38.6932	239.8965	1.0000	33.3806	40.6800	94.0366	1.0000	6.0000	0.3324	0.5932	0.0449	61.7362	1.3171
49.9622	8.5279	188.2143	1.0000	48.9728	8.6731	171.6526	1.0000	1.0000	0.0205	0.9133	0.9073	122.5104	1.0000
51.5990	74.0313	235.2944	1.0000	50.8363	73.3845	220.2944	1.0000	1.0000	0.0167	0.2662	1.4477	132.9877	1.0000
55.5695	11.3922	78.1836	1.0000	55.5140	12.3907	93.1836	1.0000	1.0000	0.1103	0.8761	0.0354	87.8404	1.0000
36.1953	69.2025	-36.0267	1.0000	47.5159	83.2980	73.1550	1.0000	20.0000	0.0497	0.1670	0.1872	23.8513	1.1063
66.9605	51.1034	68.7628	1.0000	52.3629	73.3508	118.4711	1.0000	27.0000	0.0473	0.2665	0.3163	39.0688	1.0147
10.4627	32.8087	25.9173	1.0000	47.5930	71.3689	70.8441	1.0000	56.0000	0.0481	0.2863	0.2128	34.5323	1.0461
93.3464	36.2369	243.2921	1.0000	52.0989	45.9520	117.2989	1.0000	51.0000	0.0420	0.5405	0.3033	60.5873	1.2035
73.4352	90.6115	-17.7127	1.0000	75.1462	95.8333	115.7841	1.0000	7.0000	0.5029	0.0417	0.2865	36.2562	1.2739
42.5359	59.3531	216.9396	1.0000	39.2457	61.8324	93.4110	1.0000	5.0000	0.2151	0.3817	0.0379	39.8002	1.2137
13.9891	3.3987	81.4389	1.0000	47.6697	52.3886	71.7204	1.0000	60.0000	0.0466	0.4761	0.2031	51.0531	1.0092
48.7226	47.4147	-11.7556	1.0000	49.7210	47.4713	3.2444	1.0000	1.0000	0.0056	0.5253	0.9640	101.4193	1.0000
36.4860	59.1368	112.9972	1.0000	36.5158	60.1364	88.2915	1.0000	1.0000	0.2697	0.3986	0.0190	42.1171	1.0000
33.9061	60.2652	179.9725	1.0000	32.0691	63.3504	85.5788	1.0000	4.0000	0.3586	0.3665	0.0491	41.0397	1.1140
98.5150	26.3206	25.5610	1.0000	52.1657	52.7614	117.6087	1.0000	61.0000	0.0433	0.4724	0.3068	54.7579	1.1432
19.6897	27.6273	-87.3663	1.0000	47.5500	43.5402	73.2121	1.0000	49.0000	0.0490	0.5646	0.1865	58.9538	1.5272
6.4748	59.7526	218.7572	1.0000	32.6818	95.5802	60.9108	1.0000	50.0000	0.3464	0.0442	0.3232	34.1414	1.1264
43.6623	18.6810	132.6646	1.0000	47.6498	35.0169	74.2841	1.0000	17.0000	0.0470	0.6498	0.1746	66.8978	1.0110
9.6273	60.6763	-23.2198	1.0000	47.5327	89.9805	70.4291	1.0000	54.0000	0.0493	0.1002	0.2175	22.1246	1.1271
79.5712	89.0411	-7.2303	1.0000	81.6736	91.9026	90.7410	1.0000	4.0000	0.6335	0.0810	0.0082	32.7007	1.1265
97.6942	94.0596	19.5574	1.0000	98.7677	95.6935	68.8780	1.0000	2.0000	0.9754	0.0431	0.2347	53.3195	1.0230
1.6750	57.0405	155.7845	1.0000	32.9276	95.1352	61.7762	1.0000	51.0000	0.3414	0.0486	0.3136	33.3424	1.0350
51.6580	66.2513	126.8486	1.0000	51.2156	67.1482	116.2536	1.0000	1.0000	0.0243	0.3285	0.2917	42.0711	1.0000
23.3369	13.2280	159.6076	1.0000	22.3229	15.8619	86.7182	1.0000	3.0000	0.5535	0.8414	0.0365	88.6341	1.0629
80.2051	80.2393	268.0526	1.0000	52.1636	85.2454	117.5981	1.0000	41.0000	0.0433	0.1475	0.3066	31.3693	1.4394
70.8058	14.3022	-61.9855	1.0000	52.2151	42.7594	117.8900	1.0000	42.0000	0.0443	0.5724	0.3099	63.7123	1.2356
86.4939	16.2523	33.0464	1.0000	52.0671	43.6855	117.1843	1.0000	49.0000	0.0413	0.5631	0.3020	62.5666	1.1131
59.6238	88.7047	80.9385	1.0000	55.9083	95.6379	128.1170	1.0000	8.0000	0.1182	0.0436	0.4235	38.8180	1.0170
19.8252	92.9901	269.4792	1.0000	15.7192	95.5474	68.4737	1.0000	9.0000	0.6856	0.0445	0.2392	40.7232	1.8606
55.8321	99.1778	239.7878	1.0000	55.1224	98.4733	224.7878	1.0000	1.0000	0.1024	0.0153	1.4976	134.8937	1.0000
36.1408	58.7739	265.0364	1.0000	47.6139	95.0792	77.5877	1.0000	46.0000	0.0477	0.0492	0.1379	13.5636	1.2081
80.3821	34.7195	124.3018	1.0000	52.3202	55.9828	118.7228	1.0000	37.0000	0.0464	0.4402	0.3191	52.6108	1.0509
17.7452	22.7854	227.3102	1.0000	47.7519	74.6728	73.0275	1.0000	66.0000	0.0450	0.2533	0.1886	30.5710	1.1011
80.1821	57.5160	52.7134	1.0000	52.2502	84.0209	118.2871	1.0000	41.0000	0.0450	0.1598	0.3143	32.5661	1.0648
82.6087	2.4533	-4.6296	1.0000	84.5780	5.4058	93.4663	1.0000	4.0000	0.6916	0.9459	0.0385	100.7756	1.1271
10.2693	74.3131	97.6673	1.0000	28.4764	95.1997	45.0000	1.0000	28.0000	0.4305	0.0480	0.5000	50.1130	1.0105
58.2747	56.5563	159.3736	1.0000	52.2926	62.9413	117.3978	1.0000	9.0000	0.0459	0.3706	0.3044	46.1437	1.0286
5.4493	54.3186	-4.5837	1.0000	47.5581	87.1393	71.8089	1.0000	59.0000	0.0488	0.1286	0.2021	22.4116	1.1051
9.8311	72.0395	95.3211	1.0000	30.2073	95.0268	45.0000	1.0000	31.0000	0.3959	0.0497	0.5000	49.4114	1.0092
26.2466	18.3821	225.3023	1.0000	47.7351	61.8126	72.8545	1.0000	54.0000	0.0453	0.3819	0.1905	41.9211	1.1144
32.0499	85.0331	191.1280	1.0000	33.6457	95.6542	59.2177	1.0000	13.0000	0.3271	0.0435	0.3420	35.1269	1.2104
47.8779	4.1886	37.4232	1.0000	48.4878	4.9811	52.4232	1.0000	1.0000	0.0302	0.9502	0.4175	102.1905	1.0000
79.6057	93.0556	48.9169	1.0000	79.7711	95.0028	97.4320	1.0000	2.0000	0.5954	0.0500	0.0826	31.0890	1.0235
70.9117	1.2006	-62.1604	1.0000	52.2172	29.5461	118.7188	1.0000	42.0000	0.0443	0.7045	0.3191	76.1146	1.2369
0.1787	56.2539	45.0954	1.0000	35.6895	95.2437	60.4005	1.0000	53.0000	0.2862	0.0476	0.3289	33.2196	1.0050
5.5668	63.5724	219.4277	1.0000	28.9133	95.2773	45.0000	1.0000	45.0000	0.4217	0.0472	0.5000	49.9194	1.1429
54.1255	43.2923	235.2325	1.0000	52.4575	42.2201	205.2325	1.0000	2.0000	0.0491	0.5778	1.2804	128.9306	1.0086
93.9856	13.6581	87.4945	1.0000	52.3494	38.0914	118.5424	1.0000	53.0000	0.0470	0.6191	0.3171	68.2119	1.0979
4.6327	26.1587	154.7861	1.0000	47.5796	87.6971	70.6922	1.0000	77.0000	0.0484	0.1230	0.2145	23.0220	1.0261
27.3882	53.2402	-81.3998	1.0000	47.6843	67.9142	72.6722	1.0000	37.0000	0.0463	0.3209	0.1925	36.5392	1.4773
16.0045	88.8081	31.7853	1.0000	26.2049	95.1289	31.7853	1.0000	12.0000	0.4759	0.0487	0.6468	63.0784	1.0000
47.6768	31.0536	-8.7227	1.0000	48.6708	31.1629	6.2773	1.0000	1.0000	0.0266	0.6884	0.9303	108.3965	1.0000
47.7575	48.0196	240.6760	1.0000	43.0425	49.6423	89.1996	1.0000	7.0000	0.1391	0.5036	0.0089	50.8423	1.4038
11.6157	56.8078	3.7954	1.0000	47.5071	88.1204	70.2065	1.0000	52.0000	0.0499	0.1188	0.2199	23.2190	1.0917
33.7689	27.9363	50.9398	1.0000	47.6532	53.3582	71.9671	1.0000	29.0000	0.0469	0.4664	0.2004	50.0614	1.0012
27.7761	6.8279	80.5821	1.0000	47.7625	42.5250	73.2012	1.0000	41.0000	0.0447	0.5747	0.1867	59.9215	1.0022
68.2817	57.0797	-51.4013	1.0000	72.2730	59.4229	89.3780	1.0000	6.0000	0.4455	0.4058	0.0069	46.2922	1.2964
77.9926	34.7534	130.8000	1.0000	52.4131	54.8241	118.3159	1.0000	34.0000	0.0483	0.4518	0.3146	53.3711	1.0457
16.3271	65.0635	219.6553	1.0000	35.0749	95.2551	60.2624	1.0000	41.0000	0.2985	0.0474	0.3304	33.6095	1.1537
79.8503	17.9735	9.0402	1.0000	52.2046	46.0094	117.8228	1.0000	44.0000	0.0441	0.5399	0.3091	60.7779	1.1175
2.7885	74.1562	63.8630	1.0000	22.8049	95.0816	45.0000	1.0000	29.0000	0.5439	0.0492	0.5000	52.8088	1.0015
22.5233	30.7841	131.5545	1.0000	47.7618	74.2256	73.5796	1.0000	51.0000	0.0448	0.2577	0.1824	30.6424	1.0151
8.0671	42.8787	69.8618	1.0000	46.8942	95.5278	65.5730	1.0000	66.0000	0.0621	0.0447	0.2714	25.0264	1.0089
85.7357	87.1535	229.2473	1.0000	54.1253	95.6108	124.9208	1.0000	38.0000	0.0825	0.0439	0.3880	35.4365	1.1613
31.5568	34.7763	8.6996	1.0000	47.5692	61.9515	72.7038	1.0000	32.0000	0.0486	0.3805	0.1922	41.8660	1.0145
9.5326	92.7201	-87.0905	1.0000	39.2107	95.5317	61.5438	1.0000	42.0000	0.2158	0.0447	0.3162	30.7593	1.4089
58.7262	83.0009	-12.0914	1.0000	61.1826	86.6605	91.6551	1.0000	5.0000	0.2237	0.1334	0.0184	17.4852	1.1344
99.4249	63.3642	127.3984	1.0000	52.1560	83.3196	117.5600	1.0000	56.0000	0.0431	0.1668	0.3062	32.2868	1.0914
26.6918	47.4900	38.3147	1.0000	47.7345	81.0162	72.7877	1.0000	40.0000	0.0453	0.1898	0.1912	25.7251	1.0105
13.6345	14.9628	257.2863	1.0000	47.6049	70.7527	71.4957	1.0000	74.0000	0.0479	0.2925	0.2056	34.6923	1.1329
31.7278	61.4950	93.8598	1.0000	46.8462	95.2335	71.0238	1.0000	37.0000	0.0631	0.0477	0.2108	19.8182	1.0008
47.9897	39.0916	131.1135	1.0000	47.6169	40.0195	111.8878	1.0000	1.0000	0.0477	0.5998	0.2432	63.8938	1.0000
18.8999	1.8505	73.9112	1.0000	47.6510	45.8786	71.5238	1.0000	53.0000	0.0470	0.5412	0.2053	57.2365	1.0079
76.3269	87.3282	-84.0750	1.0000	80.9234	88.3708	86.3912	1.0000	7.0000	0.6185	0.1163	0.0401	33.2343	1.4852
17.6880	39.9702	39.0647	1.0000	47.5703	80.2601	70.6297	1.0000	51.0000	0.0486	0.1974	0.2152	27.7628	1.0167
22.5470	4.3176	-89.1272	1.0000	23.9070	-0.4542	-64.0701	0.0000	5.0000	0.5219	1.0045	1.7119	185.7673	1.0077
25.3281	66.2216	66.4182	1.0000	44.0106	95.6585	60.1192	1.0000	35.0000	0.1198	0.0434	0.3320	30.7829	1.0039
58.2822	34.2495	165.9851	1.0000	52.0742	40.2451	116.3264	1.0000	9.0000	0.0415	0.5975	0.2925	65.3302	1.0428
79.5268	78.5011	37.0121	1.0000	80.0704	80.3781	86.1428	1.0000	2.0000	0.6014	0.1962	0.0429	36.1127	1.0235
63.9758	19.7782	191.3854	1.0000	52.4589	29.7784	118.3365	1.0000	16.0000	0.0492	0.7022	0.3149	75.7633	1.0490
38.0528	88.9931	128.1021	1.0000	39.6122	95.6705	70.8173	1.0000	7.0000	0.2078	0.0433	0.2131	22.2403	1.0209
59.4324	48.7254	128.9263	1.0000	52.4642	58.4544	118.3727	1.0000	12.0000	0.0493	0.4155	0.3153	50.3698	1.0028
11.9160	58.0715	135.8977	1.0000	11.6138	59.9999	86.3213	1.0000	2.0000	0.7677	0.4000	0.0409	55.5611	1.0246
99.6583	56.5016	-1.1640	1.0000	100.5816	56.8855	22.5747	0.0000	1.0000	1.0116	0.4311	0.7492	94.6760	1.0000
95.2941	38.7831	154.7849	1.0000	52.0648	55.7550	117.1765	1.0000	51.0000	0.0413	0.4425	0.3020	51.9658	1.0982
39.4802	22.6508	252.1579	1.0000	47.7093	62.7137	73.9972	1.0000	47.0000	0.0458	0.3729	0.1778	40.6399	1.1492
77.7110	64.0048	128.4782	1.0000	52.3267	84.4812	118.6792	1.0000	34.0000	0.0465	0.1552	0.3187	32.6916	1.0425
44.2270	76.0307	168.2570	1.0000	42.8630	78.4943	94.1880	1.0000	3.0000	0.1427	0.2151	0.0465	23.0428	1.0653
57.9009	50.0006	181.4862	1.0000	52.3964	53.7338	117.7409	1.0000	7.0000	0.0479	0.4627	0.3082	53.9987	1.0525
53.9790	46.5156	122.8270	1.0000	52.0668	50.0286	117.4004	1.0000	4.0000	0.0413	0.4997	0.3044	57.0281	1.0001
28.1947	61.1327	240.5389	1.0000	43.8495	95.0030	60.4023	1.0000	44.0000	0.1230	0.0500	0.3289	30.6402	1.1792
64.3560	87.0150	57.3966	1.0000	64.6794	88.9714	88.1152	1.0000	2.0000	0.2936	0.1103	0.0209	18.4571	1.0086
28.2040	22.5127	23.2786	1.0000	47.6140	53.1012	72.7345	1.0000	37.0000	0.0477	0.4690	0.1918	50.0328	1.0213
68.5570	12.8837	103.6596	1.0000	52.2011	35.5171	117.8008	1.0000	28.0000	0.0440	0.6448	0.3089	70.2550	1.0027
84.5131	6.3194	-45.5281	1.0000	52.1018	33.8020	117.3112	1.0000	53.0000	0.0420	0.6620	0.3035	71.6415	1.2472
33.4691	81.3435	160.4737	1.0000	32.3610	83.9511	89.4832	1.0000	3.0000	0.3528	0.1605	0.0057	23.8531	1.0589
88.0819	43.1633	-13.0732	1.0000	90.4413	45.8097	85.5731	1.0000	4.0000	0.8088	0.5419	0.0492	67.7620	1.1282
47.3076	66.4148	116.9905	1.0000	47.0993	68.3905	89.3910	1.0000	2.0000	0.0580	0.3161	0.0068	31.7482	1.0067
52.8546	0.9332	54.5821	1.0000	53.4120	3.8443	89.6567	1.0000	3.0000	0.0682	0.9616	0.0038	96.2168	1.0121
84.6011	94.1387	-33.2130	1.0000	87.7319	95.8252	65.2477	1.0000	4.0000	0.7546	0.0417	0.2750	45.3189	1.1248
10.5907	54.6620	159.0534	1.0000	39.4471	95.6479	60.4890	1.0000	52.0000	0.2111	0.0435	0.3279	31.6418	1.0374
54.3295	8.0993	102.1860	1.0000	52.2020	13.7088	109.5808	1.0000	6.0000	0.0440	0.8629	0.2176	88.5123	1.0001
16.1057	95.4073	232.9854	1.0000	13.2883	95.2317	159.4746	1.0000	3.0000	0.7342	0.0477	0.7719	78.7224	1.0627
47.0167	82.5677	50.5687	1.0000	47.5040	83.4410	60.8387	1.0000	1.0000	0.0499	0.1656	0.3240	33.6275	1.0000
89.7542	32.9741	-79.8247	1.0000	94.1895	34.4525	92.6945	1.0000	7.0000	0.8838	0.6555	0.0299	79.0977	1.4972
98.2131	33.5369	-29.5608	1.0000	100.1544	33.7837	19.1468	0.0000	2.0000	1.0031	0.6622	0.7873	109.1798	1.0220
15.0130	41.8935	84.2825	1.0000	47.7636	90.3035	72.8976	1.0000	59.0000	0.0447	0.0970	0.1900	19.7868	1.0094
70.7274	20.3652	-84.6197	1.0000	52.2643	47.6682	118.1982	1.0000	43.0000	0.0453	0.5233	0.3133	59.4885	1.3046
46.0679	51.5785	209.5558	1.0000	42.8507	54.1727	91.7944	1.0000	5.0000	0.1430	0.4583	0.0199	46.4164	1.2098
31.3092	53.7833	101.7440	1.0000	47.6498	92.3572	74.1366	1.0000	42.0000	0.0470	0.0764	0.1763	17.7647	1.0026
1.9958	31.3314	143.8169	1.0000	1.4441	33.2051	93.9944	1.0000	2.0000	0.9711	0.6679	0.0444	82.6752	1.0239
60.6583	90.5212	0.6032	1.0000	62.1494	95.5462	111.1434	1.0000	6.0000	0.2430	0.0445	0.2349	24.7889	1.1447
10.3594	40.2067	144.6947	1.0000	47.5216	95.3790	70.1650	1.0000	68.0000	0.0496	0.0462	0.2204	20.5164	1.0222
71.7855	95.1740	-70.5259	1.0000	75.9594	95.2254	48.5675	1.0000	5.0000	0.5192	0.0477	0.4604	49.1258	1.1978
35.9086	88.6537	216.5747	1.0000	34.2485	95.7881	66.8365	1.0000	10.0000	0.3150	0.0421	0.2574	28.3266	1.3652
37.3521	22.5531	82.7249	1.0000	47.6304	54.9487	73.6527	1.0000	34.0000	0.0474	0.4505	0.1816	47.9840	1.0004
46.9434	19.6974	165.8197	1.0000	47.5148	29.9262	76.8024	1.0000	11.0000	0.0497	0.7007	0.1466	71.3490	1.0737
59.8309	97.2327	191.2253	1.0000	58.8323	97.2860	176.9423	1.0000	1.0000	0.1766	0.0271	0.9660	87.4319	1.0000
56.5090	49.2694	-80.4717	1.0000	52.2957	64.9850	118.9065	1.0000	24.0000	0.0459	0.3501	0.3212	45.4632	1.4751
48.3197	6.7394	143.6593	1.0000	47.8362	7.6147	118.9186	1.0000	1.0000	0.0433	0.9239	0.3213	96.8298	1.0000
41.5372	26.3586	-52.6569	1.0000	47.5654	27.1354	52.3431	1.0000	7.0000	0.0487	0.7286	0.4184	82.0562	1.1517
71.9596	7.0152	14.3998	1.0000	73.2967	9.5097	85.5937	1.0000	3.0000	0.4659	0.9049	0.0490	93.5449	1.0600
37.5105	43.7756	33.4164	1.0000	47.5624	62.1534	71.3962	1.0000	21.0000	0.0488	0.3785	0.2067	42.2422	1.0025
99.0051	68.2192	-28.3717	1.0000	100.0032	68.1581	-3.5055	0.0000	1.0000	1.0001	0.3184	1.0389	110.7136	1.0000
19.0988	91.0931	-17.7104	1.0000	34.9745	95.7243	61.6466	1.0000	18.0000	0.3005	0.0428	0.3150	32.3722	1.0884
18.8131	3.9902	59.0020	1.0000	47.6551	46.7501	71.5826	1.0000	52.0000	0.0469	0.5325	0.2046	56.3938	1.0082
83.9106	75.1546	26.7713	1.0000	56.7847	95.4156	128.4984	1.0000	38.0000	0.1357	0.0458	0.4278	39.3596	1.1224
98.3356	18.4121	-88.1845	1.0000	100.5017	16.6170	-14.6239	0.0000	3.0000	1.0100	0.8338	1.1625	143.0011	1.0664
64.3323	31.1533	203.4615	1.0000	52.4958	40.3448	118.3725	1.0000	16.0000	0.0499	0.5966	0.3153	66.1058	1.0677
96.9885	18.3918	268.7634	1.0000	52.2166	22.9155	118.4863	1.0000	58.0000	0.0443	0.7708	0.3165	82.2094	1.2889
32.0580	12.6175	122.5303	1.0000	47.5180	51.4354	73.8404	1.0000	42.0000	0.0496	0.4856	0.1796	51.2427	1.0052
82.7810	87.4594	179.3448	1.0000	57.2144	95.7722	128.5085	1.0000	29.0000	0.1443	0.0423	0.4279	39.4059	1.0787
70.9385	56.3061	167.8342	1.0000	52.3894	72.9426	118.3447	1.0000	26.0000	0.0478	0.2706	0.3149	39.2586	1.0435
51.1382	70.3700	-36.1374	1.0000	52.0759	70.0227	-20.3253	1.0000	1.0000	0.0415	0.2998	1.2258	114.3443	1.0000
40.9555	41.0812	-73.6701	1.0000	47.5519	40.3681	46.3299	1.0000	8.0000	0.0490	0.5963	0.4852	73.9529	1.2057
9.4147	46.0514	11.2362	1.0000	47.6638	80.3838	73.7141	1.0000	56.0000	0.0467	0.1962	0.1810	25.6024	1.0895
67.3662	7.8910	-84.1549	1.0000	52.3355	36.0036	118.6236	1.0000	41.0000	0.0467	0.6400	0.3180	70.1449	1.2861
29.8174	96.0209	46.3602	1.0000	30.5207	96.7317	45.3040	1.0000	1.0000	0.3896	0.0327	0.4966	48.8657	1.0000
28.4551	27.8667	212.3976	1.0000	25.2043	30.4837	93.3060	1.0000	5.0000	0.4959	0.6952	0.0367	73.8801	1.1981
61.4564	23.6213	85.0591	1.0000	52.4379	37.8583	118.3398	1.0000	17.0000	0.0488	0.6214	0.3149	68.3424	1.0087
19.0677	75.8861	80.8011	1.0000	34.3278	95.4207	60.3092	1.0000	25.0000	0.3134	0.0458	0.3299	33.8841	1.0085
78.5407	78.1803	0.1704	1.0000	59.9131	95.3338	128.9870	1.0000	30.0000	0.1983	0.0467	0.4332	40.4973	1.1847
72.2870	0.2910	27.1713	1.0000	52.2268	29.6171	118.5969	1.0000	37.0000	0.0445	0.7038	0.3177	76.0032	1.0414
43.4569	12.2073	-22.9219	1.0000	47.7788	13.9604	52.0781	1.0000	5.0000	0.0444	0.8604	0.4214	94.0522	1.0721
55.6222	39.1697	245.5074	1.0000	52.2401	37.3709	185.5074	1.0000	4.0000	0.0448	0.6263	1.0612	114.2326	1.0442
17.3628	95.5344	128.7117	1.0000	17.1035	96.5002	105.0293	1.0000	1.0000	0.6579	0.0350	0.1670	36.3361	1.0000
39.7617	41.0400	-55.1955	1.0000	47.5430	45.1526	68.4985	1.0000	11.0000	0.0491	0.5485	0.2389	58.9626	1.2498
55.2311	32.6174	168.3863	1.0000	52.2849	35.0694	117.0253	1.0000	4.0000	0.0457	0.6493	0.3003	70.3674	1.0436
95.9675	58.3926	246.5724	1.0000	52.0911	67.4720	117.2693	1.0000	54.0000	0.0418	0.3253	0.3030	42.4977	1.2052
19.2929	63.9451	-32.6537	1.0000	47.7121	91.7140	75.4249	1.0000	46.0000	0.0458	0.0829	0.1619	16.9212	1.1577
63.8537	28.5583	218.7230	1.0000	52.3721	35.7853	117.9670	1.0000	15.0000	0.0474	0.6421	0.3107	70.0808	1.1056
10.1690	52.1544	160.0972	1.0000	9.1816	54.7918	85.6209	1.0000	3.0000	0.8164	0.4521	0.0487	61.0663	1.0653
45.5611	71.2790	-62.1872	1.0000	48.0423	69.7173	-17.1872	1.0000	3.0000	0.0392	0.3028	1.1910	111.4000	1.0232
34.1403	48.2199	182.3489	1.0000	32.1755	51.2229	87.9150	1.0000	4.0000	0.3565	0.4878	0.0232	51.9737	1.1146
88.5586	36.1334	62.4079	1.0000	88.6039	37.1324	87.3995	1.0000	1.0000	0.7721	0.6287	0.0289	73.8198	1.0000
92.6552	56.5605	-63.0914	1.0000	52.2378	82.8176	118.4494	1.0000	62.0000	0.0448	0.1718	0.3161	33.3108	1.2864
95.2442	64.9256	68.4413	1.0000	95.1813	65.9236	93.6106	1.0000	1.0000	0.9036	0.3408	0.0401	56.7061	1.0000
54.7178	75.2164	-80.7778	1.0000	59.3403	77.4280	94.3937	1.0000	8.0000	0.1868	0.2257	0.0488	24.8201	1.5612
44.9185	5.3922	179.5884	1.0000	47.7564	23.8255	74.7695	1.0000	20.0000	0.0449	0.7617	0.1692	77.7146	1.0724
14.8215	13.2288	188.0102	1.0000	12.6973	16.0665	89.4207	1.0000	4.0000	0.7461	0.8393	0.0064	91.8513	1.1285
65.9489	63.3447	-52.3893	1.0000	69.9586	65.6923	88.4189	1.0000	6.0000	0.3992	0.3431	0.0176	39.7224	1.2913
77.7645	15.1792	86.6510	1.0000	52.2879	40.0171	118.9601	1.0000	37.0000	0.0458	0.5998	0.3218	66.6474	1.0399
79.8854	38.2762	68.5939	1.0000	79.8301	39.2746	93.1715	1.0000	1.0000	0.5966	0.6073	0.0352	67.7308	1.0000
3.5425	43.3797	59.3062	1.0000	44.8475	95.4601	60.2126	1.0000	67.0000	0.1031	0.0454	0.3310	30.5688	1.0079
72.9787	70.2508	96.4234	1.0000	53.3013	95.2241	119.5987	1.0000	32.0000	0.0660	0.0478	0.3289	30.1628	1.0065
55.7429	86.4487	1.1215	1.0000	54.4710	95.6412	127.8565	1.0000	11.0000	0.0894	0.0436	0.4206	38.3680	1.1853
94.2463	36.8994	-20.8664	1.0000	52.4333	63.5579	118.3343	1.0000	60.0000	0.0487	0.3644	0.3148	46.2253	1.2100
59.7607	64.6019	135.5856	1.0000	52.2195	75.1407	118.2194	1.0000	13.0000	0.0444	0.2486	0.3135	37.6729	1.0032
97.4708	13.2375	129.4902	1.0000	52.1159	33.0355	117.3726	1.0000	54.0000	0.0423	0.6696	0.3041	72.3739	1.0912
65.6435	77.7956	255.1732	1.0000	52.2978	83.6965	118.3739	1.0000	18.0000	0.0460	0.1630	0.3153	32.8049	1.2335
35.3489	9.6390	-87.1649	1.0000	47.6679	18.8319	72.5217	1.0000	21.0000	0.0466	0.8117	0.1942	83.0613	1.3662
27.1257	91.4301	57.2006	1.0000	30.4243	95.1792	45.2912	1.0000	5.0000	0.3915	0.0482	0.4968	49.0442	1.0013
48.2259	52.4365	63.1555	1.0000	48.6173	53.3568	66.9590	1.0000	1.0000	0.0277	0.4664	0.2560	52.0422	1.0000
70.0202	41.4142	73.9913	1.0000	52.0528	67.6140	117.1366	1.0000	32.0000	0.0411	0.3239	0.3015	42.3020	1.0073
5.6260	71.4825	163.0894	1.0000	4.5055	74.0641	88.4783	1.0000	3.0000	0.9099	0.2594	0.0169	52.3902	1.0660
85.5581	14.6213	244.9597	1.0000	52.2413	23.9534	118.4029	1.0000	43.0000	0.0448	0.7605	0.3156	81.2086	1.2428
87.4803	22.6008	25.5726	1.0000	52.1779	49.5945	117.6721	1.0000	50.0000	0.0436	0.5041	0.3075	57.5431	1.1251
38.7136	88.2991	251.3531	1.0000	36.1149	95.1527	70.8790	1.0000	12.0000	0.2777	0.0485	0.2125	24.1227	1.6372
41.5651	35.8990	37.6111	1.0000	47.7153	48.4096	75.2444	1.0000	14.0000	0.0457	0.5159	0.1640	53.7077	1.0043
24.4720	14.0148	-80.6180	1.0000	47.6932	30.1705	74.4180	1.0000	42.0000	0.0461	0.6983	0.1731	71.5841	1.4847
34.5798	69.6546	155.5328	1.0000	41.1518	95.1785	71.9380	1.0000	27.0000	0.1770	0.0482	0.2007	20.6827	1.0244
4.1309	45.8690	-66.6316	1.0000	47.6859	70.4488	73.2036	1.0000	63.0000	0.0463	0.2955	0.1866	34.0698	1.2597
87.2346	99.2400	-53.0583	1.0000	88.1178	98.7712	-27.9590	1.0000	1.0000	0.7624	0.0123	1.3107	123.9710	1.0000
56.7960	65.3149	-83.6597	1.0000	61.4247	67.4568	93.7435	1.0000	8.0000	0.2285	0.3254	0.0416	34.6929	1.5685
86.1901	58.9193	-86.7194	1.0000	90.7627	59.8321	85.6009	1.0000	7.0000	0.8153	0.4017	0.0489	57.3970	1.5012
5.6054	96.4867	126.6310	1.0000	5.3854	97.4621	102.7133	1.0000	1.0000	0.8923	0.0254	0.1413	46.4600	1.0000
19.4765	6.4616	167.5130	1.0000	18.1469	8.9445	93.4235	1.0000	3.0000	0.6371	0.9106	0.0380	96.5269	1.0652
1.8270	27.4487	-16.7600	1.0000	47.5038	59.4123	70.2139	1.0000	62.0000	0.0499	0.4059	0.2198	45.2226	1.1121
0.1644	21.3885	99.3872	1.0000	47.7543	85.7453	73.5540	1.0000	81.0000	0.0449	0.1425	0.1827	21.8795	1.0120
75.8578	38.7765	153.8039	1.0000	52.3822	56.2421	118.3769	1.0000	31.0000	0.0476	0.4376	0.3153	52.2080	1.0595
60.6063	60.9717	-48.8319	1.0000	52.4322	81.8658	118.3333	1.0000	28.0000	0.0486	0.1813	0.3148	33.7274	1.2480
42.0278	66.3968	-78.8913	1.0000	47.7785	64.4289	26.1087	1.0000	7.0000	0.0444	0.3557	0.7099	73.1597	1.1517
97.4561	10.3977	-47.7417	1.0000	100.2772	10.4899	26.0612	0.0000	3.0000	1.0055	0.8951	0.7104	120.9464	1.0628
39.8610	96.8436	16.6565	1.0000	40.7122	97.3685	31.6565	1.0000	1.0000	0.1858	0.0263	0.6483	59.1367	1.0000
47.2840	19.8019	265.8747	1.0000	42.2808	20.3033	89.6312	1.0000	8.0000	0.1544	0.7970	0.0041	80.0705	1.5910
50.1903	71.5797	55.8936	1.0000	50.6062	72.4891	65.4224	1.0000	1.0000	0.0121	0.2751	0.2731	36.8954	1.0000
60.5694	16.1479	21.0774	1.0000	52.2221	33.9001	118.0312	1.0000	21.0000	0.0444	0.6610	0.3115	71.8323	1.0705
77.7546	97.1651	-23.7910	1.0000	78.7546	97.1749	0.5616	1.0000	1.0000	0.5751	0.0283	0.9938	93.9896	1.0000
46.3796	25.4822	-53.9695	1.0000	48.0709	24.4470	-23.9695	1.0000	2.0000	0.0386	0.7555	1.2663	136.7517	1.0086
72.5622	47.2221	-39.5236	1.0000	52.4332	75.2444	118.3342	1.0000	41.0000	0.0487	0.2476	0.3148	37.7039	1.1883
94.5831	49.5338	146.7474	1.0000	52.2439	66.8743	118.3691	1.0000	50.0000	0.0449	0.3313	0.3152	43.6709	1.0928
72.0930	4.7759	137.7786	1.0000	52.2282	25.0966	118.5780	1.0000	29.0000	0.0446	0.7490	0.3175	80.2009	1.0205
49.6571	95.1809	37.1418	1.0000	50.2708	95.9704	52.1418	1.0000	1.0000	0.0054	0.0403	0.4206	38.0730	1.0000
10.3103	71.8733	21.3610	1.0000	41.0232	95.6709	60.1975	1.0000	41.0000	0.1795	0.0433	0.3311	31.4247	1.0552
87.6528	44.0095	226.0979	1.0000	52.0814	56.5869	117.2341	1.0000	44.0000	0.0416	0.4341	0.3026	51.2906	1.1662
98.2693	15.1513	115.5815	1.0000	52.1111	37.2689	117.3513	1.0000	56.0000	0.0422	0.6273	0.3039	68.4671	1.0941
48.4289	16.5967	154.3385	1.0000	47.7921	17.3678	129.5496	1.0000	1.0000	0.0442	0.8263	0.4394	91.6359	1.0000
6.8160	80.5503	-45.2985	1.0000	41.0161	95.5523	61.2477	1.0000	44.0000	0.1797	0.0445	0.3195	30.4498	1.1782
13.8989	60.3488	101.8624	1.0000	39.7051	95.3811	60.2996	1.0000	44.0000	0.2059	0.0462	0.3300	31.7716	1.0112
28.1672	47.4029	83.4727	1.0000	47.5800	82.3006	70.8506	1.0000	40.0000	0.0484	0.1770	0.2128	26.1882	1.0017
8.4498	79.9002	-4.8077	1.0000	38.8766	95.1794	60.3076	1.0000	37.0000	0.2225	0.0482	0.3299	32.0719	1.0867
90.8981	92.2305	213.2700	1.0000	60.0090	95.0159	129.1100	1.0000	33.0000	0.2002	0.0498	0.4346	40.6769	1.0640
49.4431	67.0991	-15.6923	1.0000	50.4431	67.0870	-0.6923	1.0000	1.0000	0.0089	0.3291	1.0077	96.4808	1.0000
23.2492	20.6573	23.9526	1.0000	47.7387	52.9558	72.6221	1.0000	42.0000	0.0452	0.4704	0.1931	50.2022	1.0362
5.3250	70.2195	-87.2095	1.0000	47.7420	91.6700	75.8435	1.0000	66.0000	0.0452	0.0833	0.1573	16.5799	1.3885
68.5476	95.2440	264.6395	1.0000	58.1270	95.0194	137.1370	1.0000	13.0000	0.1625	0.0498	0.5237	48.0911	1.2472
99.9247	78.4729	118.1082	1.0000	54.8413	95.4253	128.4911	1.0000	52.0000	0.0968	0.0457	0.4277	39.0632	1.0796
21.8583	98.3411	149.2283	1.0000	21.2871	99.1619	124.8335	1.0000	1.0000	0.5743	0.0084	0.3870	45.1498	1.0000
81.8117	94.9320	-66.8265	1.0000	85.9064	95.4411	56.4320	1.0000	5.0000	0.7181	0.0456	0.3730	49.3646	1.2117
91.2906	56.2930	79.6726	1.0000	52.1253	81.4667	117.4150	1.0000	51.0000	0.0425	0.1853	0.3046	33.1600	1.0954
97.5022	74.0065	116.0257	1.0000	52.6651	95.0209	118.8719	1.0000	54.0000	0.0533	0.0498	0.3208	29.4190	1.0905
47.1399	15.5493	156.3210	1.0000	46.0281	18.2142	93.5989	1.0000	3.0000	0.0794	0.8179	0.0400	81.9612	1.0390
85.7526	33.7959	130.9010	1.0000	52.2097	53.7060	117.8554	1.0000	42.0000	0.0442	0.4629	0.3095	54.0734	1.0767
86.7034	88.9413	-46.3107	1.0000	88.2990	95.3496	126.0939	1.0000	10.0000	0.7660	0.0465	0.4010	52.8319	1.5142
64.5506	51.4261	14.6127	1.0000	65.9045	54.9274	93.9993	1.0000	4.0000	0.3181	0.4507	0.0444	47.9634	1.0656
69.4560	15.3105	260.7079	1.0000	52.1060	24.2836	117.3270	1.0000	25.0000	0.0421	0.7572	0.3036	80.5244	1.2799
65.5478	30.4163	171.6322	1.0000	52.1881	44.6094	117.7267	1.0000	20.0000	0.0438	0.5539	0.3081	61.9813	1.0261
74.5843	45.2362	-17.9996	1.0000	52.2172	73.0112	118.7066	1.0000	41.0000	0.0443	0.2699	0.3190	39.4636	1.1497
30.0273	83.2627	249.3382	1.0000	32.3888	95.1026	59.7759	1.0000	19.0000	0.3522	0.0490	0.3358	35.3219	1.5737
34.0464	11.3423	28.9868	1.0000	47.5740	36.8861	73.6689	1.0000	29.0000	0.0485	0.6311	0.1815	65.2377	1.0033
52.2061	63.4734	109.3606	1.0000	51.9032	64.4264	107.6328	1.0000	1.0000	0.0381	0.3557	0.1959	39.7494	1.0000
17.0115	64.2484	195.4967	1.0000	36.2355	95.0055	60.3186	1.0000	40.0000	0.2753	0.0499	0.3298	33.0967	1.1028
26.3601	24.7625	-79.6648	1.0000	47.5280	40.7067	73.3270	1.0000	39.0000	0.0494	0.5929	0.1853	61.6425	1.4716
53.2342	77.3926	-3.2633	1.0000	55.7515	81.0775	90.3209	1.0000	5.0000	0.1150	0.1892	0.0036	19.7799	1.1204
11.2240	65.1869	87.9710	1.0000	35.4847	95.2446	60.3370	1.0000	39.0000	0.2903	0.0476	0.3296	33.3646	1.0097
23.3646	20.5721	186.3129	1.0000	21.2794	23.4578	89.2132	1.0000	4.0000	0.5744	0.7654	0.0087	81.7570	1.1235
13.7009	34.0269	-32.8457	1.0000	47.6214	61.1388	71.1135	1.0000	50.0000	0.0476	0.3886	0.2098	43.2730	1.1514
47.4384	1.1181	69.2317	1.0000	47.7398	2.0716	72.4603	1.0000	1.0000	0.0452	0.9793	0.1949	99.5124	1.0000
56.2936	38.1606	233.8694	1.0000	51.7077	37.4968	155.6295	1.0000	5.0000	0.0342	0.6250	0.7292	90.6465	1.0790
85.6102	19.0373	97.1692	1.0000	52.4409	43.2634	118.3422	1.0000	44.0000	0.0488	0.5674	0.3149	63.4688	1.0712
58.3998	74.0489	46.9983	1.0000	52.3779	87.1040	118.4377	1.0000	15.0000	0.0476	0.1290	0.3160	31.3156	1.0433
58.4777	83.8701	155.1982	1.0000	52.1784	91.3779	117.6357	1.0000	10.0000	0.0436	0.0862	0.3071	29.0314	1.0204
61.9993	47.4242	-53.8239	1.0000	52.1789	70.4282	117.6776	1.0000	31.0000	0.0436	0.2957	0.3075	40.5622	1.2394
53.1302	83.7500	-84.5619	1.0000	52.3206	94.9791	118.8570	1.0000	20.0000	0.0464	0.0502	0.3206	29.3823	1.7765
53.6069	88.6198	221.3638	1.0000	51.7306	87.9787	191.3638	1.0000	2.0000	0.0346	0.1202	1.1263	102.0888	1.0086
65.0971	90.2968	252.4817	1.0000	52.3341	95.7332	117.8824	1.0000	17.0000	0.0467	0.0427	0.3098	28.3034	1.2254
49.1042	62.3499	133.6216	1.0000	48.7414	63.2818	111.2679	1.0000	1.0000	0.0252	0.3672	0.2363	42.4516	1.0000
80.7052	87.6548	-6.2251	1.0000	82.7563	90.5523	91.8055	1.0000	4.0000	0.6551	0.0945	0.0201	34.1393	1.1268
7.0659	32.5144	103.3931	1.0000	47.7519	89.6946	73.2180	1.0000	71.0000	0.0450	0.1031	0.1865	19.8215	1.0117
95.6437	27.9545	232.3673	1.0000	52.2405	38.9932	118.4135	1.0000	52.0000	0.0448	0.6101	0.3157	67.3363	1.1611
13.5468	51.0876	158.5820	1.0000	43.0127	95.3708	60.2660	1.0000	55.0000	0.1397	0.0463	0.3304	30.8927	1.0340
1.3192	43.0148	195.7769	1.0000	-0.5085	43.7083	147.0265	0.0000	2.0000	1.0102	0.5629	0.6336	94.7200	1.0231
68.2582	94.9981	194.4758	1.0000	66.2686	95.1000	172.0136	1.0000	2.0000	0.3254	0.0490	0.9113	83.7550	1.0039
99.2874	97.7063	-51.3106	1.0000	100.1849	97.2652	-26.1785	1.0000	1.0000	1.0037	0.0273	1.2909	126.5838	1.0000
93.4070	21.5307	-6.8641	1.0000	95.4766	24.4084	91.6890	1.0000	4.0000	0.9095	0.7559	0.0188	88.2330	1.1284
33.2937	60.4617	49.1856	1.0000	47.6890	86.7397	72.3444	1.0000	30.0000	0.0462	0.1326	0.1962	22.2012	1.0012
19.7101	1.8419	90.7035	1.0000	47.7477	46.2806	73.1172	1.0000	53.0000	0.0450	0.5372	0.1876	56.3550	1.0087
43.2392	67.0641	112.6010	1.0000	43.2770	68.0634	87.8332	1.0000	1.0000	0.1345	0.3194	0.0241	32.7084	1.0000
25.3640	43.2299	157.9851	1.0000	24.4014	45.8867	85.8155	1.0000	3.0000	0.5120	0.5411	0.0465	60.0087	1.0617
48.4434	37.9324	-80.0795	1.0000	48.8648	37.0256	-65.0795	1.0000	1.0000	0.0227	0.6297	1.7231	167.3819	1.0000
40.5512	8.4974	-76.0001	1.0000	47.6283	8.3739	58.9999	1.0000	9.0000	0.0474	0.9163	0.3444	96.7573	1.2715
77.4566	73.6833	186.4615	1.0000	52.0643	89.5990	117.1749	1.0000	33.0000	0.0413	0.1040	0.3019	29.1705	1.1012
2.3677	92.5584	122.2186	1.0000	2.7793	95.4628	68.3484	1.0000	3.0000	0.9444	0.0454	0.2406	52.1457	1.0227
9.9883	92.3133	-6.2945	1.0000	28.6985	95.1771	14.1602	1.0000	19.0000	0.4260	0.0482	0.8427	78.9221	1.0038
35.6430	48.7228	120.7397	1.0000	47.7653	86.7198	74.1786	1.0000	40.0000	0.0447	0.1328	0.1758	20.7768	1.0029
74.7816	63.9285	177.4619	1.0000	52.2196	80.1590	118.2182	1.0000	30.0000	0.0444	0.1984	0.3135	34.5668	1.0794
80.7365	67.3070	136.8390	1.0000	52.1410	87.1404	117.4874	1.0000	37.0000	0.0428	0.1286	0.3054	30.4222	1.0632
93.9740	94.9445	175.7113	1.0000	91.9752	95.0109	178.7290	1.0000	2.0000	0.8395	0.0499	0.9859	98.2835	1.0001
94.1728	48.3319	250.0723	1.0000	52.3573	56.3068	118.4998	1.0000	52.0000	0.0471	0.4369	0.3167	52.2196	1.2215
16.6832	25.2583	44.6821	1.0000	47.5385	68.9483	70.3033	1.0000	54.0000	0.0492	0.3105	0.2189	36.8542	1.0096
49.3137	85.5669	189.4167	1.0000	48.3208	85.6860	173.1627	1.0000	1.0000	0.0336	0.1431	0.9240	84.4023	1.0000
5.7144	41.8730	236.5051	1.0000	1.8142	44.1266	88.0160	1.0000	6.0000	0.9637	0.5587	0.0220	73.8082	1.3320
39.8082	32.5701	26.9585	1.0000	47.6097	47.5515	74.3719	1.0000	17.0000	0.0478	0.5245	0.1736	54.7796	1.0065
5.0963	27.7910	225.4772	1.0000	47.7777	92.6342	73.5279	1.0000	84.0000	0.0444	0.0737	0.1830	18.1803	1.0821
68.9733	0.0421	110.5498	1.0000	52.4872	22.5953	118.4065	1.0000	28.0000	0.0497	0.7740	0.3156	82.4900	1.0023
68.1504	33.8382	212.6024	1.0000	52.2936	46.7312	118.9185	1.0000	22.0000	0.0459	0.5327	0.3213	60.6556	1.0765
37.7024	19.5971	258.9138	1.0000	33.1888	21.1029	89.6471	1.0000	7.0000	0.3362	0.7890	0.0039	80.6691	1.4712
28.6789	23.3700	167.7324	1.0000	47.7404	62.2954	72.7286	1.0000	45.0000	0.0452	0.3770	0.1919	41.5337	1.0383
80.6923	15.8734	-33.9120	1.0000	83.8645	18.5052	89.2321	1.0000	5.0000	0.6773	0.8149	0.0085	88.2541	1.2131
6.5037	46.1428	123.7276	1.0000	42.8638	95.1892	60.3253	1.0000	62.0000	0.1427	0.0481	0.3297	30.8975	1.0155
96.0072	68.6604	39.8222	1.0000	96.4415	70.5636	89.7097	1.0000	2.0000	0.9288	0.2944	0.0032	54.9854	1.0245
72.6855	18.3258	6.4993	1.0000	52.1654	48.2403	117.6072	1.0000	39.0000	0.0433	0.5176	0.3067	58.7019	1.0751
74.0788	5.1809	3.5893	1.0000	52.3902	33.4704	118.3412	1.0000	39.0000	0.0478	0.6653	0.3149	72.3541	1.0941
81.2432	45.0066	175.6681	1.0000	52.4459	60.6294	118.3484	1.0000	36.0000	0.0489	0.3937	0.3150	48.5763	1.0988
85.6938	37.1396	99.0197	1.0000	52.3973	61.1994	118.3104	1.0000	44.0000	0.0479	0.3880	0.3146	48.0907	1.0711
90.3884	28.3384	-28.7249	1.0000	93.3140	31.2495	94.3540	1.0000	5.0000	0.8663	0.6875	0.0484	81.3737	1.2115
65.1844	68.3392	42.1974	1.0000	52.0520	90.9121	117.1340	1.0000	27.0000	0.0410	0.0909	0.3015	28.6889	1.0339
84.6272	24.3643	138.2653	1.0000	52.4553	42.9108	118.3606	1.0000	40.0000	0.0491	0.5709	0.3151	63.7929	1.0772
27.5090	45.8275	36.2682	1.0000	47.5778	77.6366	70.6663	1.0000	38.0000	0.0484	0.2236	0.2148	29.6611	1.0103
90.4570	98.6649	-64.1707	1.0000	91.2298	98.0303	-39.3931	1.0000	1.0000	0.8246	0.0197	1.4377	135.8174	1.0000
60.9744	67.1337	-67.0129	1.0000	65.4294	69.5871	87.2599	1.0000	7.0000	0.3086	0.3041	0.0304	34.2128	1.3763
88.7573	79.7091	203.3985	1.0000	52.2376	94.1510	118.4522	1.0000	44.0000	0.0448	0.0585	0.3161	29.1333	1.1204
48.5134	70.3744	-9.8498	1.0000	49.5094	70.4642	5.1502	1.0000	1.0000	0.0098	0.2954	0.9428	89.8449	1.0000
7.1494	1.9379	146.0148	1.0000	47.5777	60.7686	70.7793	1.0000	73.0000	0.0484	0.3923	0.2136	43.7540	1.0227
91.9668	63.6606	86.0128	1.0000	52.3288	88.1591	118.6659	1.0000	51.0000	0.0466	0.1184	0.3185	31.1025	1.0945
62.4092	48.1396	126.9044	1.0000	52.3612	61.8079	118.4795	1.0000	17.0000	0.0472	0.3819	0.3164	47.7000	1.0021
25.2045	87.3374	9.8228	1.0000	36.4400	95.5793	60.3462	1.0000	15.0000	0.2712	0.0442	0.3295	32.9054	1.0765
22.4134	13.6501	166.5673	1.0000	21.0981	16.1453	93.3423	1.0000	3.0000	0.5780	0.8385	0.0371	88.7587	1.0636
4.9768	30.8281	224.5161	1.0000	47.7260	95.7141	72.9920	1.0000	84.0000	0.0455	0.0429	0.1890	17.6865	1.0810
40.4700	28.4398	124.8653	1.0000	47.7466	53.2549	73.7792	1.0000	26.0000	0.0451	0.4675	0.1802	49.5307	1.0054
99.1743	75.3325	65.1004	1.0000	99.1699	76.3325	90.2513	1.0000	1.0000	0.9834	0.2367	0.0028	54.5701	1.0000
35.1047	19.4759	187.0536	1.0000	32.9404	22.3261	91.5028	1.0000	4.0000	0.3412	0.7767	0.0167	79.5394	1.1177
37.3855	79.4491	-82.5258	1.0000	47.6405	85.8114	74.2598	1.0000	17.0000	0.0472	0.1419	0.1749	21.3222	1.4086
14.8148	32.3915	150.8315	1.0000	47.6996	84.2524	72.6509	1.0000	63.0000	0.0460	0.1575	0.1928	23.5430	1.0259
36.7260	1.6488	175.9833	1.0000	47.6440	42.8591	74.9077	1.0000	44.0000	0.0471	0.5714	0.1677	59.1474	1.0321
53.7945	72.3385	44.9178	1.0000	54.4100	75.2199	91.0901	1.0000	3.0000	0.0882	0.2478	0.0121	25.1930	1.0182
69.3344	58.5598	239.2429	1.0000	52.1319	69.8374	117.4441	1.0000	24.0000	0.0426	0.3016	0.3049	40.8351	1.1668
62.6655	7.1814	14.8218	1.0000	63.9816	10.6990	94.2833	1.0000	4.0000	0.2796	0.8930	0.0476	90.4904	1.0650
35.3104	69.0531	40.1381	1.0000	47.5628	93.0618	74.0136	1.0000	27.0000	0.0487	0.0694	0.1776	17.5967	1.0017
40.9986	47.3213	132.5853	1.0000	47.5348	71.2446	74.1501	1.0000	25.0000	0.0493	0.2876	0.1761	32.9267	1.0081
94.7177	92.5727	55.6787	1.0000	94.3714	95.4773	111.1196	1.0000	3.0000	0.8874	0.0452	0.2347	49.3489	1.0256
39.4595	42.8191	124.7453	1.0000	47.7337	70.4658	74.0306	1.0000	29.0000	0.0453	0.2953	0.1774	33.6515	1.0049
25.1751	1.3561	109.3691	1.0000	47.5025	40.0937	70.3107	1.0000	45.0000	0.0500	0.5991	0.2188	63.1084	1.0065
85.5668	17.4212	103.8506	1.0000	52.2781	41.5299	118.6302	1.0000	44.0000	0.0456	0.5847	0.3181	65.1431	1.0705
88.9649	40.4694	0.0747	1.0000	52.4307	67.3420	118.3318	1.0000	53.0000	0.0486	0.3266	0.3148	43.3029	1.1686
16.4057	75.0275	-3.3340	1.0000	42.9447	95.6188	60.2640	1.0000	37.0000	0.1411	0.0438	0.3304	30.8739	1.1015
33.9089	53.3564	9.9929	1.0000	47.5141	77.4526	73.0977	1.0000	28.0000	0.0497	0.2255	0.1878	28.2888	1.0119
54.0276	98.4677	-5.6677	1.0000	54.9972	98.7126	14.1775	1.0000	1.0000	0.0999	0.0129	0.8425	75.9979	1.0000
36.0369	25.0824	60.6767	1.0000	47.7146	47.1411	73.4627	1.0000	25.0000	0.0457	0.5286	0.1837	55.4326	1.0016
74.4791	74.2373	221.6276	1.0000	52.2227	87.2237	117.9788	1.0000	30.0000	0.0445	0.1278	0.3109	30.8380	1.1642
37.7452	87.7982	-51.0878	1.0000	47.2282	95.9327	70.1112	1.0000	15.0000	0.0554	0.0407	0.2210	20.4888	1.2006
75.3330	44.9814	21.1948	1.0000	76.3252	47.6260	93.6177	1.0000	3.0000	0.5265	0.5237	0.0402	58.7294	1.0621
66.2621	68.1249	61.1363	1.0000	66.4510	70.0971	92.3681	1.0000	2.0000	0.3290	0.2990	0.0263	34.2115	1.0094
91.0770	99.3749	165.9453	1.0000	90.0904	99.5379	170.6160	1.0000	1.0000	0.8018	0.0046	0.8957	90.0355	1.0000
8.0113	99.6014	127.4865	1.0000	7.7747	100.5730	103.6866	1.0000	1.0000	0.8445	0.0057	0.1521	44.3918	1.0000
63.9652	38.0351	-59.5034	1.0000	52.2070	63.8339	117.8379	1.0000	35.0000	0.0441	0.3617	0.3093	45.6925	1.2345
88.7662	36.0809	215.2337	1.0000	52.3735	49.3303	118.4181	1.0000	44.0000	0.0475	0.5067	0.3158	58.1433	1.1361
4.2725	1.5941	16.3787	1.0000	47.5027	36.7313	69.8994	1.0000	60.0000	0.0499	0.6327	0.2233	66.4319	1.0770
11.6754	10.9123	155.0281	1.0000	47.5859	65.3484	70.6254	1.0000	67.0000	0.0483	0.3465	0.2153	39.7736	1.0274
79.5603	93.0871	251.3250	1.0000	55.7748	95.7316	128.4938	1.0000	31.0000	0.1155	0.0427	0.4277	39.1579	1.2953
6.3114	84.5147	195.4662	1.0000	9.3438	95.2050	45.6069	1.0000	14.0000	0.8131	0.0480	0.4933	60.3876	1.2599
65.7997	96.0110	52.9105	1.0000	66.1353	96.9530	70.3879	1.0000	1.0000	0.3227	0.0305	0.2179	25.5787	1.0000
56.1417	1.9894	82.7976	1.0000	52.2256	10.0128	118.5514	1.0000	9.0000	0.0445	0.8999	0.3172	94.4342	1.0081
44.8152	38.8362	155.4996	1.0000	47.6449	54.0042	73.6465	1.0000	16.0000	0.0471	0.4600	0.1817	48.8733	1.0370
95.4455	43.5124	187.2251	1.0000	52.0836	58.7653	117.2420	1.0000	51.0000	0.0417	0.4123	0.3027	49.4648	1.1095
31.4160	17.5080	5.9661	1.0000	47.6527	45.5666	74.9174	1.0000	33.0000	0.0469	0.5443	0.1676	56.5331	1.0180
55.0565	39.2194	60.5325	1.0000	55.2971	41.1876	90.5325	1.0000	2.0000	0.1059	0.5881	0.0059	59.0528	1.0086
52.2496	6.4634	72.9704	1.0000	52.3677	7.4564	83.2223	1.0000	1.0000	0.0474	0.9254	0.0753	92.8216	1.0000
25.0927	72.7372	175.3603	1.0000	36.9404	95.6690	60.2336	1.0000	28.0000	0.2612	0.0433	0.3307	32.7925	1.0848
86.5489	97.6493	-33.1937	1.0000	87.5387	97.5070	-8.1823	1.0000	1.0000	0.7508	0.0249	1.0909	105.1434	1.0000
13.2813	20.0200	212.5756	1.0000	10.1861	22.7409	89.0111	1.0000	5.0000	0.7963	0.7726	0.0110	86.9200	1.2133
9.5324	67.6830	72.2565	1.0000	33.6118	95.4568	59.1665	1.0000	37.0000	0.3278	0.0454	0.3426	35.2124	1.0066
55.0158	64.7543	261.4599	1.0000	52.2584	62.0952	201.4599	1.0000	4.0000	0.0452	0.3790	1.2384	117.7505	1.0442
43.8277	6.3015	144.6752	1.0000	47.5182	22.5194	78.0482	1.0000	17.0000	0.0496	0.7748	0.1328	78.4363	1.0221
76.4381	49.4846	117.4402	1.0000	52.2011	71.7197	117.8007	1.0000	34.0000	0.0440	0.2828	0.3089	39.7177	1.0337
37.5370	47.3427	246.2645	1.0000	47.5513	91.4904	77.7762	1.0000	51.0000	0.0490	0.0851	0.1358	15.0941	1.1266
23.7040	37.2177	173.7549	1.0000	47.5071	80.9618	70.4129	1.0000	52.0000	0.0499	0.1904	0.2176	27.4285	1.0442
60.3232	27.8010	54.1056	1.0000	60.7177	29.7443	86.0252	1.0000	2.0000	0.2144	0.7026	0.0442	71.1796	1.0086
47.6510	67.8746	89.5108	1.0000	47.7906	68.8648	81.9773	1.0000	1.0000	0.0442	0.3114	0.0891	32.2280	1.0000
88.3373	94.7046	42.1146	1.0000	88.7329	95.6230	66.6941	1.0000	1.0000	0.7747	0.0438	0.2590	45.4154	1.0000
77.0978	42.2762	-69.0393	1.0000	52.2686	69.0970	118.3257	1.0000	47.0000	0.0454	0.3090	0.3147	41.9820	1.2859
71.3125	82.1584	113.2551	1.0000	60.7468	95.4409	128.4910	1.0000	17.0000	0.2149	0.0456	0.4277	40.2224	1.0016
90.7309	55.4337	77.5495	1.0000	52.2945	80.2044	118.9134	1.0000	50.0000	0.0459	0.1980	0.3213	35.1158	1.0935
35.0812	88.4027	201.3303	1.0000	33.7545	95.4119	69.2828	1.0000	9.0000	0.3249	0.0459	0.2302	26.7240	1.2616
2.3074	56.0021	206.7828	1.0000	-0.3064	57.0658	133.2616	0.0000	3.0000	1.0061	0.4293	0.4807	79.0294	1.0631
12.6006	4.4688	-70.6040	1.0000	16.1655	-0.2742	-40.5488	0.0000	6.0000	0.6767	1.0027	1.4505	168.0556	1.0112
7.2520	46.9923	61.0314	1.0000	44.8788	95.6409	60.3013	1.0000	62.0000	0.1024	0.0436	0.3300	30.4507	1.0081
26.4872	14.1603	150.5765	1.0000	47.5725	53.8243	70.5887	1.0000	46.0000	0.0485	0.4618	0.2157	50.1486	1.0240
48.8438	92.4161	-10.6143	1.0000	49.8409	92.4926	4.3857	1.0000	1.0000	0.0032	0.0751	0.9513	85.9430	1.0000
67.9277	69.2994	157.4244	1.0000	52.2694	87.0102	118.3504	1.0000	24.0000	0.0454	0.1299	0.3150	31.2671	1.0152
84.1196	67.8576	-25.5344	1.0000	52.1415	95.7215	117.4900	1.0000	51.0000	0.0428	0.0428	0.3054	27.9032	1.2024
56.8377	66.2530	50.6618	1.0000	52.1427	77.8124	117.7030	1.0000	13.0000	0.0429	0.2219	0.3078	35.5575	1.0420
78.2677	27.3956	243.5495	1.0000	52.4112	36.6684	118.3145	1.0000	35.0000	0.0482	0.6333	0.3146	69.4148	1.2742
16.8298	78.0728	51.4669	1.0000	32.9310	95.7472	61.7258	1.0000	24.0000	0.3414	0.0425	0.3142	33.2996	1.0038
5.8425	65.3035	61.2088	1.0000	33.4722	95.3983	59.9663	1.0000	41.0000	0.3306	0.0460	0.3337	34.5885	1.0036
34.9903	7.2256	52.1574	1.0000	47.7162	32.1133	75.0012	1.0000	28.0000	0.0457	0.6789	0.1667	69.5614	1.0017
39.8609	33.0791	-7.7778	1.0000	47.5047	43.9752	72.4347	1.0000	14.0000	0.0499	0.5602	0.1952	58.7668	1.0518
91.7879	42.2251	-23.7173	1.0000	52.2642	69.1128	118.1980	1.0000	58.0000	0.0453	0.3089	0.3133	41.8840	1.2133
24.9143	4.8184	-77.9132	1.0000	27.8473	-0.3393	-47.8368	0.0000	6.0000	0.4431	1.0034	1.5315	171.9235	1.0112
41.3870	25.8799	227.7709	1.0000	47.7781	59.0915	73.5912	1.0000	38.0000	0.0444	0.4091	0.1823	44.1326	1.1236
80.6562	19.5934	147.3323	1.0000	52.2755	37.5141	118.5438	1.0000	36.0000	0.0455	0.6249	0.3172	68.7344	1.0725
60.5538	33.4854	71.1892	1.0000	60.6203	34.4832	86.1892	1.0000	1.0000	0.2124	0.6552	0.0423	66.4813	1.0000
86.4797	89.1441	224.6988	1.0000	56.2750	95.4708	128.4940	1.0000	35.0000	0.1255	0.0453	0.4277	39.2642	1.1341
67.9433	0.9564	18.6759	1.0000	52.4932	27.0625	118.4160	1.0000	32.0000	0.0499	0.7294	0.3157	78.3171	1.0549
27.7218	73.9074	5.9744	1.0000	44.4954	95.8751	61.1072	1.0000	29.0000	0.1101	0.0412	0.3210	29.7003	1.0492
81.8062	77.4084	166.8808	1.0000	52.2170	93.7502	118.6321	1.0000	37.0000	0.0443	0.0625	0.3181	29.3900	1.0946
27.4456	76.1130	57.7011	1.0000	39.8473	95.3849	60.0351	1.0000	23.0000	0.2031	0.0462	0.3329	31.9730	1.0036
73.1973	42.5332	151.4783	1.0000	52.1741	60.6505	117.6518	1.0000	29.0000	0.0435	0.3935	0.3072	48.1429	1.0449
68.3694	47.6303	-13.3467	1.0000	52.2177	77.1094	118.7222	1.0000	37.0000	0.0444	0.2289	0.3191	36.7949	1.1007
36.1014	96.8397	119.9387	1.0000	36.0086	97.8353	95.3246	1.0000	1.0000	0.2798	0.0216	0.0592	15.1260	1.0000
35.4525	72.4104	64.9328	1.0000	46.0154	95.0689	66.3969	1.0000	25.0000	0.0797	0.0493	0.2623	24.4397	1.0000
91.8272	44.3785	92.0972	1.0000	52.2563	69.0817	118.2075	1.0000	51.0000	0.0451	0.3092	0.3134	41.9130	1.0933
43.6088	75.5076	252.3320	1.0000	45.5908	95.5125	71.3945	1.0000	26.0000	0.0882	0.0449	0.2067	19.6403	1.2933
23.1977	81.3511	126.9835	1.0000	32.1383	95.1307	62.8652	1.0000	17.0000	0.3572	0.0487	0.3015	32.8488	1.0349
43.9261	3.6719	147.3852	1.0000	47.5014	19.8630	77.8055	1.0000	17.0000	0.0500	0.8014	0.1355	81.0980	1.0253
44.1944	68.0029	200.4808	1.0000	47.6577	90.3688	74.9815	1.0000	25.0000	0.0468	0.0963	0.1669	17.9945	1.1046
2.5549	16.0372	149.2666	1.0000	47.6219	79.8875	71.6410	1.0000	80.0000	0.0476	0.2011	0.2040	27.3354	1.0236
32.4133	16.3431	-75.7316	1.0000	47.5028	31.9926	73.1789	1.0000	27.0000	0.0499	0.6801	0.1869	70.1013	1.2420
91.6806	47.8933	108.8093	1.0000	52.2040	71.3436	117.8186	1.0000	50.0000	0.0441	0.2866	0.3091	39.9990	1.0889
99.6803	20.1729	53.1201	1.0000	52.4020	45.4275	118.3086	1.0000	60.0000	0.0480	0.5457	0.3145	61.5248	1.1194
48.9517	20.6616	211.6799	1.0000	47.9901	20.3871	195.9353	1.0000	1.0000	0.0402	0.7961	1.1771	132.5313	1.0000
2.6120	54.3213	18.7463	1.0000	47.7199	92.1346	72.3668	1.0000	63.0000	0.0456	0.0787	0.1959	19.4421	1.0703
47.6469	44.9962	103.9278	1.0000	47.6233	45.9959	91.3525	1.0000	1.0000	0.0475	0.5400	0.0150	54.0733	1.0000
71.3821	71.9098	-47.4698	1.0000	55.7357	95.4677	128.4906	1.0000	35.0000	0.1147	0.0453	0.4277	39.1787	1.2376
8.4923	36.6122	201.6290	1.0000	47.2297	95.5743	67.5280	1.0000	75.0000	0.0554	0.0443	0.2497	23.0706	1.0631
76.0594	97.0370	201.3821	1.0000	75.0999	96.7553	196.3647	1.0000	1.0000	0.5020	0.0324	1.1818	109.3343	1.0000
34.0108	37.6901	66.3278	1.0000	47.6684	69.8575	76.7520	1.0000	35.0000	0.0466	0.3014	0.1472	33.0078	1.0015
51.3959	8.2979	-15.5177	1.0000	52.3958	8.3102	0.7031	1.0000	1.0000	0.0479	0.9169	0.9922	128.0106	1.0000
43.3249	23.4708	-67.2541	1.0000	47.6414	21.7045	7.7459	1.0000	5.0000	0.0472	0.7830	0.9139	113.5848	1.0721
36.4629	95.9511	246.9840	1.0000	35.7235	95.2779	222.3133	1.0000	1.0000	0.2855	0.0472	1.4701	133.1650	1.0000
44.3995	11.4375	254.4582	1.0000	47.5295	37.1641	75.1577	1.0000	32.0000	0.0494	0.6284	0.1649	64.6123	1.2347
0.2165	90.5899	19.4824	1.0000	13.4149	95.2591	19.4824	1.0000	14.0000	0.7317	0.0474	0.7835	79.5844	1.0000
6.4936	48.9104	139.7672	1.0000	6.0715	50.8164	89.9358	1.0000	2.0000	0.8786	0.4918	0.0007	65.9450	1.0245
42.7677	45.3620	214.1882	1.0000	39.5950	47.9903	90.6933	1.0000	5.0000	0.2081	0.5201	0.0077	53.0448	1.2136
89.1686	1.8213	98.0346	1.0000	52.1768	26.0950	117.6660	1.0000	48.0000	0.0435	0.7390	0.3074	78.9436	1.0849
17.4282	72.6516	142.8816	1.0000	16.9021	74.5325	93.1925	1.0000	2.0000	0.6620	0.2547	0.0355	41.8838	1.0240
0.7942	25.0097	172.0001	1.0000	-0.0505	25.5449	147.6451	0.0000	1.0000	1.0010	0.7446	0.6405	106.6376	1.0000
78.9689	68.4792	203.1890	1.0000	52.3049	83.0328	118.8340	1.0000	34.0000	0.0461	0.1697	0.3204	33.5350	1.1193
72.2468	93.7265	218.7806	1.0000	60.6537	95.4372	135.7367	1.0000	13.0000	0.2131	0.0456	0.5082	47.1823	1.1093
4.7829	81.1745	71.5653	1.0000	17.2865	95.3359	45.0016	1.0000	19.0000	0.6543	0.0466	0.5000	55.8281	1.0057
69.0179	5.6528	232.2431	1.0000	52.3236	17.1829	118.6965	1.0000	23.0000	0.0465	0.8282	0.3188	87.6788	1.1336
41.3123	36.0072	146.1745	1.0000	47.5972	59.7670	77.8428	1.0000	25.0000	0.0481	0.4023	0.1351	42.0983	1.0172
68.3295	22.1180	5.4333	1.0000	52.0865	50.5348	117.2526	1.0000	35.0000	0.0417	0.4947	0.3028	56.5143	1.0693
84.8862	93.7531	-51.5730	1.0000	88.7142	95.3252	71.0969	1.0000	5.0000	0.7743	0.0467	0.2100	43.3356	1.2082
88.2114	80.5184	-33.0681	1.0000	91.3273	83.2141	90.5697	1.0000	5.0000	0.8265	0.1679	0.0063	44.6099	1.2135
44.1010	56.2905	263.2273	1.0000	39.5759	57.4671	91.1237	1.0000	7.0000	0.2085	0.4253	0.0125	43.8061	1.4971
85.1497	89.2658	-42.5635	1.0000	87.1804	95.0916	121.2457	1.0000	9.0000	0.7436	0.0491	0.3472	48.8137	1.4588
42.3606	30.6340	31.4729	1.0000	47.5901	40.2455	71.0173	1.0000	11.0000	0.0482	0.5975	0.2109	62.7435	1.0053
59.9967	94.3908	223.3795	1.0000	53.4986	95.2429	144.2176	1.0000	7.0000	0.0700	0.0476	0.6024	54.5382	1.0681
28.2824	34.9478	92.9251	1.0000	47.5812	69.8890	70.8115	1.0000	40.0000	0.0484	0.3011	0.2132	35.7872	1.0021
79.6704	15.7469	136.8376	1.0000	52.1010	35.6261	117.3081	1.0000	36.0000	0.0420	0.6437	0.3034	69.9582	1.0592
63.6086	40.0134	-32.1594	1.0000	52.0674	64.9750	117.1853	1.0000	32.0000	0.0413	0.3502	0.3021	44.3854	1.1636
75.4950	53.8575	-89.6084	1.0000	52.2064	80.1745	117.8343	1.0000	47.0000	0.0441	0.1983	0.3093	34.2443	1.3374
39.2562	74.1471	139.3375	1.0000	38.8476	76.0560	89.5199	1.0000	2.0000	0.2230	0.2394	0.0053	26.4182	1.0245
56.5405	26.9838	257.7841	1.0000	51.6442	24.6794	167.2305	1.0000	6.0000	0.0329	0.7532	0.8581	107.8909	1.1088
79.1908	67.7735	119.4975	1.0000	52.4586	89.5537	118.3651	1.0000	36.0000	0.0492	0.1045	0.3152	30.3273	1.0440
35.8050	60.9484	144.0695	1.0000	46.4670	95.9448	76.0792	1.0000	37.0000	0.0707	0.0406	0.1547	14.9237	1.0114
34.9773	98.8840	129.5364	1.0000	34.7056	99.8463	105.7659	1.0000	1.0000	0.3059	0.0015	0.1752	21.9660	1.0000
95.5706	32.3480	172.9569	1.0000	52.1223	48.1004	117.4013	1.0000	51.0000	0.0424	0.5190	0.3045	58.7274	1.1035
26.7901	4.2307	129.6491	1.0000	47.5651	42.4625	70.7839	1.0000	44.0000	0.0487	0.5754	0.2135	60.7104	1.0112
80.3479	97.9871	-59.0606	1.0000	81.1726	97.4216	-34.4372	1.0000	1.0000	0.6235	0.0258	1.3826	128.3082	1.0000
31.9165	17.8370	188.1075	1.0000	47.6296	53.9749	71.7080	1.0000	42.0000	0.0474	0.4603	0.2032	49.5836	1.0658
53.9085	83.9657	248.1851	1.0000	51.6040	82.1532	203.1851	1.0000	3.0000	0.0321	0.1785	1.2576	114.5947	1.0232
52.8664	58.9162	247.7126	1.0000	52.2606	58.1206	232.7126	1.0000	1.0000	0.0452	0.4188	1.5857	148.7478	1.0000
46.9640	9.4322	195.9202	1.0000	47.6023	25.0242	77.6528	1.0000	18.0000	0.0480	0.7498	0.1372	76.0235	1.1535
97.7196	4.5419	-64.3667	1.0000	100.4438	3.8260	9.8491	0.0000	3.0000	1.0089	0.9617	0.8906	134.9747	1.0651
56.2372	43.3600	150.2413	1.0000	52.0480	48.8189	117.2293	1.0000	7.0000	0.0410	0.5118	0.3025	58.0098	1.0173
3.5534	39.4730	49.0733	1.0000	47.1791	95.9151	67.4481	1.0000	72.0000	0.0564	0.0408	0.2506	23.0919	1.0093
77.1852	26.3843	201.3234	1.0000	52.3713	40.8615	118.4290	1.0000	32.0000	0.0474	0.5914	0.3159	65.6597	1.1139
25.9465	39.5422	174.7187	1.0000	47.5790	81.1090	70.6978	1.0000	49.0000	0.0484	0.1889	0.2145	27.1165	1.0457
83.1930	31.2243	153.0795	1.0000	52.0548	48.9475	117.1432	1.0000	39.0000	0.0411	0.5105	0.3016	57.8561	1.0885
2.6706	89.1638	59.3445	1.0000	8.0180	95.0984	45.2196	1.0000	8.0000	0.8396	0.0490	0.4976	61.5775	1.0014
63.8953	32.9364	108.6728	1.0000	52.4391	49.2505	118.3403	1.0000	20.0000	0.0488	0.5075	0.3149	58.1776	1.0033
19.9188	64.7419	169.2742	1.0000	38.5434	95.4297	60.0292	1.0000	38.0000	0.2291	0.0457	0.3330	32.4098	1.0586
52.5029	8.9290	219.4252	1.0000	51.5924	8.5155	204.4252	1.0000	1.0000	0.0318	0.9148	1.2714	146.5097	1.0000
86.2199	24.7876	67.5178	1.0000	86.1746	25.7866	92.5957	1.0000	1.0000	0.7235	0.7421	0.0288	82.6012	1.0000
46.3830	49.5431	95.7427	1.0000	47.5090	54.4067	76.3256	1.0000	5.0000	0.0498	0.4559	0.1519	47.6649	1.0016
85.1870	10.9517	-15.3076	1.0000	52.2170	38.4993	118.4176	1.0000	51.0000	0.0443	0.6150	0.3158	67.7851	1.1870
97.5845	17.0336	54.3071	1.0000	52.3326	42.4634	118.6415	1.0000	58.0000	0.0467	0.5754	0.3182	64.3136	1.1174
88.5081	63.2551	150.5145	1.0000	52.1866	80.5920	117.7189	1.0000	44.0000	0.0437	0.1941	0.3080	33.9086	1.0933
11.8866	55.9228	251.4379	1.0000	38.2421	95.8528	60.1208	1.0000	56.0000	0.2352	0.0415	0.3320	32.3762	1.1705
4.2783	44.7310	-3.8938	1.0000	47.6017	78.8155	73.2554	1.0000	61.0000	0.0480	0.2118	0.1861	27.1094	1.1066
60.2377	76.5385	-51.9426	1.0000	53.1771	95.5539	119.2932	1.0000	26.0000	0.0635	0.0445	0.3255	29.7986	1.2818
8.7416	38.8132	149.8545	1.0000	47.2640	95.2492	67.7352	1.0000	70.0000	0.0547	0.0475	0.2474	22.9298	1.0244
70.2514	90.7707	42.0849	1.0000	70.6841	92.6804	88.9677	1.0000	2.0000	0.4137	0.0732	0.0115	21.9653	1.0213
86.2961	44.0918	-11.0696	1.0000	88.5627	46.8166	87.6245	1.0000	4.0000	0.7713	0.5318	0.0264	65.7358	1.1286
53.6079	55.6653	27.5602	1.0000	52.2101	65.8201	110.8190	1.0000	11.0000	0.0442	0.3418	0.2313	40.0822	1.0731
4.8576	40.0599	74.7491	1.0000	46.4900	95.5383	63.2421	1.0000	70.0000	0.0702	0.0446	0.2973	27.3535	1.0092
88.0936	68.0344	126.6371	1.0000	52.0645	88.8762	117.1755	1.0000	45.0000	0.0413	0.1112	0.3020	29.4365	1.0811
63.6088	52.1872	43.9137	1.0000	52.1690	72.3736	117.6255	1.0000	24.0000	0.0434	0.2763	0.3069	39.1291	1.0344
14.9159	66.5710	-61.7294	1.0000	47.7481	90.2389	75.4091	1.0000	52.0000	0.0450	0.0976	0.1621	17.6987	1.2848
81.5235	15.2577	245.6188	1.0000	52.2173	24.3945	118.3949	1.0000	39.0000	0.0443	0.7561	0.3155	80.7921	1.2705
39.8634	10.1023	85.8162	1.0000	47.6621	36.9873	77.5016	1.0000	28.0000	0.0468	0.6301	0.1389	64.2828	1.0002
86.5689	6.0803	256.4418	1.0000	81.9495	-0.2548	216.3724	0.0000	8.0000	0.6390	1.0025	1.4041	164.4439	1.0203
67.1791	27.7186	-22.3087	1.0000	70.0363	30.8401	93.5203	1.0000	5.0000	0.4007	0.6916	0.0391	72.0898	1.1816
32.1764	73.2739	114.9975	1.0000	32.1492	74.2735	91.5577	1.0000	1.0000	0.3570	0.2573	0.0173	31.3517	1.0000
21.8228	88.6493	-74.1248	1.0000	42.1489	95.5987	61.5682	1.0000	32.0000	0.1570	0.0440	0.3159	29.8224	1.4897
18.3382	7.8302	74.8821	1.0000	47.6335	52.6618	71.7135	1.0000	54.0000	0.0473	0.4734	0.2032	50.8026	1.0083
44.7632	92.0945	26.3063	1.0000	46.9517	95.3809	64.9825	1.0000	4.0000	0.0610	0.0462	0.2780	25.6223	1.0131
47.4150	39.9058	69.5776	1.0000	47.7109	40.8610	72.7864	1.0000	1.0000	0.0458	0.5914	0.1913	61.6358	1.0000
46.8799	56.7203	244.9402	1.0000	42.3431	58.4118	86.5278	1.0000	7.0000	0.1531	0.4159	0.0386	42.4295	1.4457
47.6441	23.8335	246.1377	1.0000	42.8197	25.0309	94.0243	1.0000	7.0000	0.1436	0.7497	0.0447	75.4196	1.4082
93.0005	68.3324	202.2687	1.0000	52.3569	82.4914	118.5023	1.0000	48.0000	0.0471	0.1751	0.3167	33.5333	1.1153
77.6017	72.4031	126.4381	1.0000	52.3458	93.1231	118.5617	1.0000	34.0000	0.0469	0.0688	0.3174	29.4714	1.0408
29.6957	73.3071	255.1716	1.0000	25.1487	74.8975	89.0193	1.0000	7.0000	0.4970	0.2510	0.0109	35.3367	1.4531
40.6891	36.6088	25.2270	1.0000	47.5822	49.7932	74.2647	1.0000	15.0000	0.0484	0.5021	0.1748	52.6704	1.0082
92.2682	94.6521	-5.7683	1.0000	93.9503	95.6445	42.9855	1.0000	2.0000	0.8790	0.0436	0.5224	64.5055	1.0241
81.3024	12.9138	48.3997	1.0000	52.4287	39.3119	118.3298	1.0000	42.0000	0.0486	0.6069	0.3148	67.0188	1.0736
56.5072	42.2248	-65.3069	1.0000	60.8886	44.8072	88.6556	1.0000	7.0000	0.2178	0.5519	0.0149	56.2727	1.3764
63.0179	67.3187	51.9452	1.0000	52.0957	86.7206	117.2864	1.0000	23.0000	0.0419	0.1328	0.3032	30.4185	1.0330
12.0505	75.3777	233.9753	1.0000	8.2423	77.7974	85.7556	1.0000	6.0000	0.8352	0.2220	0.0472	47.4834	1.3298
59.1380	78.2576	206.6729	1.0000	52.4318	81.3353	118.2638	1.0000	8.0000	0.0486	0.1866	0.3140	33.9577	1.0842
41.0580	11.0027	-10.9537	1.0000	47.5044	19.0141	71.0225	1.0000	11.0000	0.0499	0.8099	0.2109	83.2171	1.0697
39.7384	71.5606	188.0146	1.0000	37.6108	74.3981	89.6130	1.0000	4.0000	0.2478	0.2560	0.0043	28.4447	1.1278
71.8564	31.0197	263.6658	1.0000	52.1887	37.4081	117.7299	1.0000	30.0000	0.0438	0.6259	0.3081	68.4944	1.4507
18.0468	24.8709	81.1495	1.0000	47.5434	69.5853	70.5943	1.0000	54.0000	0.0491	0.3041	0.2156	36.1618	1.0081
37.3715	33.0025	80.3699	1.0000	47.6864	64.3303	74.8834	1.0000	33.0000	0.0463	0.3567	0.1680	38.8097	1.0005
58.3546	39.1468	165.4302	1.0000	52.1263	45.1337	116.4877	1.0000	9.0000	0.0425	0.5487	0.2943	60.9626	1.0418
10.7448	35.0687	225.7334	1.0000	47.7184	94.2644	73.1107	1.0000	76.0000	0.0456	0.0574	0.1877	17.9820	1.0889
52.3287	25.3543	83.8167	1.0000	52.3050	26.3540	91.3608	1.0000	1.0000	0.0461	0.7365	0.0151	73.6946	1.0000
19.2141	93.2423	145.3729	1.0000	18.5978	95.0965	96.0658	1.0000	2.0000	0.6280	0.0490	0.0674	32.3564	1.0236
60.3961	41.4057	208.4968	1.0000	52.3655	45.7880	117.3491	1.0000	10.0000	0.0473	0.5421	0.3039	60.7660	1.0931
20.8701	82.8092	-89.0216	1.0000	46.5993	95.3209	65.3839	1.0000	45.0000	0.0680	0.0468	0.2735	25.2865	1.5729
45.1632	8.5893	112.2360	1.0000	45.1813	9.5891	88.9672	1.0000	1.0000	0.0964	0.9041	0.0115	90.5451	1.0000
59.6306	45.3178	-20.8220	1.0000	52.2785	64.4042	118.6397	1.0000	24.0000	0.0456	0.3560	0.3182	45.7437	1.1734
9.3763	15.8968	82.9357	1.0000	47.7837	69.9653	73.2574	1.0000	67.0000	0.0443	0.3003	0.1860	34.4574	1.0102
27.8936	84.7421	177.1774	1.0000	31.3323	95.2169	51.9944	1.0000	13.0000	0.3734	0.0478	0.4223	42.6120	1.1792
21.7193	44.7706	193.5333	1.0000	47.6078	91.6670	71.2055	1.0000	57.0000	0.0478	0.0833	0.2088	20.6977	1.0641
55.0776	56.6064	-65.3668	1.0000	59.4905	59.1364	88.0920	1.0000	7.0000	0.1898	0.4086	0.0212	41.9945	1.3761
34.5088	55.6267	34.3852	1.0000	47.7586	80.2122	74.0890	1.0000	28.0000	0.0448	0.1979	0.1768	25.4900	1.0026
77.9412	59.0497	110.6895	1.0000	52.2981	82.4679	118.8853	1.0000	36.0000	0.0460	0.1753	0.3209	33.8677	1.0367
58.5819	97.5545	24.1464	1.0000	59.2348	98.3119	49.2362	1.0000	1.0000	0.1847	0.0169	0.4529	41.8308	1.0000
51.4300	37.7002	130.7899	1.0000	50.9895	38.5980	116.1374	1.0000	1.0000	0.0198	0.6140	0.2904	66.7409	1.0000
29.8291	15.5355	99.0044	1.0000	47.7322	48.9320	72.4551	1.0000	38.0000	0.0454	0.5107	0.1949	54.0454	1.0028
47.6545	55.9983	11.3890	1.0000	48.5503	56.4427	26.3890	1.0000	1.0000	0.0290	0.4356	0.7068	77.1083	1.0000
86.5894	14.7884	135.0422	1.0000	52.0526	34.4482	117.1358	1.0000	43.0000	0.0411	0.6555	0.3015	70.9761	1.0820
72.9456	39.4152	-14.0226	1.0000	52.2630	68.4680	118.1613	1.0000	40.0000	0.0453	0.3153	0.3129	42.3374	1.1216
71.1801	92.9142	247.8518	1.0000	56.6491	95.4315	128.5993	1.0000	19.0000	0.1330	0.0457	0.4289	39.4334	1.2884
76.0039	44.1551	-48.2564	1.0000	52.1121	71.9750	117.3561	1.0000	45.0000	0.0422	0.2802	0.3040	39.2201	1.2271
61.1624	46.4025	134.7795	1.0000	52.3092	58.4673	118.8017	1.0000	15.0000	0.0462	0.4153	0.3200	50.5948	1.0024
80.6875	45.0233	-54.5312	1.0000	84.5433	47.3717	93.0223	1.0000	6.0000	0.6909	0.5263	0.0336	63.0247	1.3290
15.2826	17.5754	180.0130	1.0000	47.6835	70.5232	72.6539	1.0000	65.0000	0.0463	0.2948	0.1927	34.2802	1.0471
6.4718	90.9323	-46.4265	1.0000	35.5188	95.8520	60.8414	1.0000	33.0000	0.2896	0.0415	0.3240	32.8197	1.1201
87.5749	15.1524	-76.6970	1.0000	52.1575	41.3151	117.5673	1.0000	58.0000	0.0431	0.5868	0.3063	64.8732	1.3172
35.2471	60.0851	-69.0311	1.0000	47.6149	71.5414	73.2656	1.0000	21.0000	0.0477	0.2846	0.1859	33.1002	1.2457
8.1010	83.2647	144.6310	1.0000	15.1805	95.3855	45.1065	1.0000	15.0000	0.6964	0.0461	0.4988	57.0010	1.0686
32.1474	64.1658	115.3385	1.0000	32.1141	65.1653	91.9088	1.0000	1.0000	0.3577	0.3483	0.0212	39.2047	1.0000
39.3411	55.6537	195.6317	1.0000	47.7374	91.4275	74.5146	1.0000	39.0000	0.0453	0.0857	0.1721	17.8439	1.0613
5.3146	8.9485	-55.0526	1.0000	47.7378	36.8981	75.8192	1.0000	62.0000	0.0452	0.6310	0.1576	64.7152	1.2204
45.6148	67.7589	132.4906	1.0000	45.2659	69.6883	88.8715	1.0000	2.0000	0.0947	0.3031	0.0125	30.6999	1.0200
67.1432	18.2725	251.7231	1.0000	52.4701	25.9135	118.3474	1.0000	20.0000	0.0494	0.7409	0.3150	79.3630	1.2089
10.1273	17.7128	72.8220	1.0000	47.5423	70.1187	70.5159	1.0000	65.0000	0.0492	0.2988	0.2165	35.7570	1.0094
62.9786	41.2238	215.9104	1.0000	52.2381	47.9816	117.3847	1.0000	14.0000	0.0448	0.5202	0.3043	58.8289	1.1033
85.1137	73.4717	41.9441	1.0000	85.4844	75.3886	91.5752	1.0000	2.0000	0.7097	0.2461	0.0175	43.2128	1.0244
0.9980	87.1219	103.4232	1.0000	6.4346	95.2950	45.6473	1.0000	10.0000	0.8713	0.0470	0.4928	62.3477	1.0187
41.2237	7.5217	144.6203	1.0000	47.5795	31.2958	76.1407	1.0000	25.0000	0.0484	0.6870	0.1540	70.1300	1.0159
27.4190	15.5122	22.0056	1.0000	47.6669	46.5252	73.3764	1.0000	38.0000	0.0467	0.5347	0.1847	56.0477	1.0260
74.5294	6.6466	154.1817	1.0000	52.2336	24.3632	118.5063	1.0000	30.0000	0.0447	0.7564	0.3167	80.8611	1.0535
88.0074	14.6509	131.4216	1.0000	52.2801	34.1575	118.6956	1.0000	44.0000	0.0456	0.6584	0.3188	71.8601	1.0809
90.2447	65.7017	184.4565	1.0000	52.4469	80.5655	118.3498	1.0000	45.0000	0.0489	0.1943	0.3150	34.4586	1.1080
90.1614	89.6500	88.0028	1.0000	86.5999	95.5352	136.6197	1.0000	7.0000	0.7320	0.0446	0.5180	59.4381	1.0176
4.8210	43.1604	15.7797	1.0000	47.7369	79.5301	74.1495	1.0000	61.0000	0.0453	0.2047	0.1761	25.9880	1.0844
41.4915	22.0889	108.5895	1.0000	47.6742	43.1769	74.2223	1.0000	22.0000	0.0465	0.5682	0.1753	59.0188	1.0011
53.9640	48.7741	172.6563	1.0000	52.2465	49.7529	141.5954	1.0000	2.0000	0.0449	0.5025	0.5733	72.0548	1.0117
24.0319	86.8855	-16.5300	1.0000	38.1106	95.7783	61.1597	1.0000	19.0000	0.2378	0.0422	0.3204	31.4792	1.1410
39.1586	65.7083	165.9486	1.0000	37.9092	68.2295	91.4181	1.0000	3.0000	0.2418	0.3177	0.0158	34.0230	1.0662
36.0923	63.3471	146.4433	1.0000	45.8642	95.4293	72.0803	1.0000	34.0000	0.0827	0.0457	0.1991	18.9503	1.0138
56.9265	81.7555	-29.8904	1.0000	53.3627	95.5517	119.0293	1.0000	18.0000	0.0673	0.0445	0.3225	29.5600	1.2632
6.1522	36.2911	245.6178	1.0000	45.8665	95.3120	60.7239	1.0000	79.0000	0.0827	0.0469	0.3253	29.9358	1.1105
78.2228	8.5617	-45.5766	1.0000	52.4742	35.6319	118.3869	1.0000	46.0000	0.0495	0.6437	0.3154	70.3931	1.2313
51.7367	32.9406	-28.9073	1.0000	52.3345	43.0358	118.1440	1.0000	14.0000	0.0467	0.5696	0.3127	63.5804	1.3844
36.5349	6.0230	249.6561	1.0000	47.6372	47.2709	76.8706	1.0000	49.0000	0.0473	0.5273	0.1459	54.3905	1.1471
49.3627	72.3646	33.6150	1.0000	50.0238	73.1149	48.6150	1.0000	1.0000	0.0005	0.2689	0.4598	49.3511	1.0000
93.8308	50.8187	62.8401	1.0000	93.8681	51.8180	87.8632	1.0000	1.0000	0.8774	0.4818	0.0237	65.1957	1.0000
84.5030	62.7525	-2.4060	1.0000	52.3669	90.2090	118.4508	1.0000	49.0000	0.0473	0.0979	0.3161	30.1814	1.1593
4.7780	24.5519	163.5941	1.0000	3.6348	27.1234	88.9820	1.0000	3.0000	0.9273	0.7288	0.0113	86.3815	1.0661
69.5389	35.0843	69.9664	1.0000	69.5173	36.0841	91.2374	1.0000	1.0000	0.3903	0.6392	0.0137	66.8409	1.0000
63.5855	62.8935	135.2641	1.0000	52.2660	78.1030	118.2471	1.0000	19.0000	0.0453	0.2190	0.3139	35.8122	1.0021
43.1983	11.7517	-7.6045	1.0000	47.8221	16.3601	67.3328	1.0000	7.0000	0.0436	0.8364	0.2519	86.6843	1.0723
95.8007	98.2337	258.3910	1.0000	95.5145	97.2755	253.3740	1.0000	1.0000	0.9103	0.0272	1.8153	169.6174	1.0000
96.3909	37.6173	138.8957	1.0000	52.2777	55.7375	118.6139	1.0000	52.0000	0.0456	0.4426	0.3179	52.7552	1.0904
13.6952	12.6090	168.0685	1.0000	12.3506	15.0808	93.6516	1.0000	3.0000	0.7530	0.8492	0.0406	92.9628	1.0662
82.0178	35.7017	50.1867	1.0000	52.2187	62.4048	118.2868	1.0000	43.0000	0.0444	0.3760	0.3143	47.1006	1.0747
11.2889	31.1262	164.4523	1.0000	10.1072	33.6799	89.8492	1.0000	3.0000	0.7979	0.6632	0.0017	77.3938	1.0661
80.4975	27.1405	263.5151	1.0000	52.3815	32.6202	118.3799	1.0000	40.0000	0.0476	0.6738	0.3153	73.1514	1.3964
88.7698	48.6697	20.4678	1.0000	52.1244	76.1256	117.4109	1.0000	52.0000	0.0425	0.2387	0.3046	36.4123	1.1356
54.1437	6.3278	243.4933	1.0000	51.6987	4.7098	198.4933	1.0000	3.0000	0.0340	0.9529	1.2055	144.4088	1.0232
25.9216	16.3588	146.9428	1.0000	47.6621	56.8871	72.2688	1.0000	47.0000	0.0468	0.4311	0.1970	46.6753	1.0219
24.8432	0.0538	247.8521	1.0000	24.1215	-0.6383	223.8027	0.0000	1.0000	0.5176	1.0064	1.4867	169.4135	1.0000
21.3837	55.6744	-83.2929	1.0000	47.6041	70.5533	70.9482	1.0000	45.0000	0.0479	0.2945	0.2117	35.1542	1.4926
18.8759	28.9605	235.2158	1.0000	14.9993	31.2687	87.4774	1.0000	6.0000	0.7000	0.6873	0.0280	77.1712	1.3299
79.2415	46.9629	256.0979	1.0000	52.1766	54.2612	117.6652	1.0000	38.0000	0.0435	0.4574	0.3074	53.4990	1.3556
34.1278	1.5458	267.5595	1.0000	31.9608	-0.2739	196.2541	0.0000	3.0000	0.3608	1.0027	1.1806	147.2080	1.0602
89.7332	85.7777	81.2459	1.0000	66.0326	95.1927	162.3406	1.0000	28.0000	0.3207	0.0481	0.8038	74.2517	1.0979
20.8087	67.9841	242.1116	1.0000	36.3167	95.8622	60.1706	1.0000	39.0000	0.2737	0.0414	0.3314	33.0779	1.2225
70.1936	38.9007	-24.8338	1.0000	73.1090	41.9038	93.3277	1.0000	5.0000	0.4622	0.5810	0.0370	62.6120	1.1946
39.7756	27.8240	21.1763	1.0000	47.5064	41.6714	71.9546	1.0000	16.0000	0.0499	0.5833	0.2005	61.1071	1.0089
66.5261	45.0665	-38.7922	1.0000	52.2200	73.5182	117.9222	1.0000	37.0000	0.0444	0.2648	0.3102	38.5469	1.1618
37.0517	65.9959	-52.3749	1.0000	47.6924	76.7496	74.9213	1.0000	18.0000	0.0462	0.2325	0.1675	27.8078	1.1898
99.5038	71.1487	45.8709	1.0000	53.0353	95.6504	119.0403	1.0000	59.0000	0.0607	0.0435	0.3227	29.5207	1.1231
68.2908	96.4850	83.2859	1.0000	68.1042	97.4674	100.7528	1.0000	1.0000	0.3621	0.0253	0.1195	21.2084	1.0000
71.0595	63.9016	-26.2409	1.0000	74.0248	66.8449	92.4922	1.0000	5.0000	0.4805	0.3316	0.0277	41.0202	1.1967
7.3127	33.2487	157.9397	1.0000	47.7164	92.7843	72.3290	1.0000	74.0000	0.0457	0.0722	0.1963	19.2236	1.0285
65.4579	82.4987	186.1066	1.0000	52.2304	95.1194	118.5430	1.0000	19.0000	0.0446	0.0488	0.3171	29.0431	1.0392
11.5635	98.5499	182.9474	1.0000	10.6285	98.9044	159.2356	1.0000	1.0000	0.7874	0.0110	0.7693	79.6548	1.0000
8.6151	32.1612	37.6614	1.0000	47.5457	78.7706	70.4477	1.0000	62.0000	0.0491	0.2123	0.2172	28.9656	1.0209
25.9869	98.5766	113.0805	1.0000	26.0014	99.5765	89.1739	1.0000	1.0000	0.4800	0.0042	0.0092	24.0166	1.0000
91.8806	58.9795	227.0176	1.0000	52.2195	71.0250	117.9191	1.0000	48.0000	0.0444	0.2898	0.3102	40.2983	1.1580
38.8940	30.7586	208.8464	1.0000	35.9463	33.6620	86.4695	1.0000	5.0000	0.2811	0.6634	0.0392	67.9022	1.2085
24.7498	84.5773	103.8647	1.0000	31.9248	95.1631	60.0309	1.0000	13.0000	0.3615	0.0484	0.3330	35.3307	1.0166
6.8227	34.1451	105.5946	1.0000	47.6677	91.2306	72.0438	1.0000	71.0000	0.0466	0.0877	0.1995	20.1188	1.0115
22.3154	75.8305	20.6840	1.0000	41.4621	95.6347	60.3625	1.0000	29.0000	0.1708	0.0437	0.3293	31.1501	1.0528
70.3967	76.4352	26.5367	1.0000	59.5434	95.3021	128.4905	1.0000	23.0000	0.1909	0.0470	0.4277	39.9333	1.0567
25.4072	42.0567	269.7159	1.0000	47.5149	85.4501	70.4703	1.0000	58.0000	0.0497	0.1455	0.2170	24.4803	1.1910
14.5219	98.0877	174.9109	1.0000	13.6495	98.5765	150.7412	1.0000	1.0000	0.7270	0.0142	0.6749	70.8017	1.0000
94.2273	51.2173	207.9858	1.0000	52.0632	65.5622	117.1712	1.0000	50.0000	0.0413	0.3444	0.3019	43.9146	1.1227
56.3930	16.1673	69.7675	1.0000	52.4183	25.1162	118.8742	1.0000	10.0000	0.0484	0.7488	0.3208	80.2942	1.0213
0.9598	90.0051	231.6082	1.0000	-0.9348	89.5299	181.6803	0.0000	2.0000	1.0187	0.1047	1.0187	105.4004	1.0239
22.0638	14.7399	-69.2738	1.0000	47.5791	34.2113	74.1499	1.0000	44.0000	0.0484	0.6579	0.1761	67.7143	1.3709
15.9240	60.9622	197.4172	1.0000	37.9111	95.6932	60.0128	1.0000	45.0000	0.2418	0.0431	0.3332	32.6179	1.0947
57.0951	78.8484	-82.9610	1.0000	61.6955	81.0530	94.4871	1.0000	8.0000	0.2339	0.1895	0.0499	22.7135	1.5682
68.0626	96.8974	266.5444	1.0000	67.7774	95.9390	253.4266	1.0000	1.0000	0.3555	0.0406	1.8159	164.4408	1.0000
5.0271	51.2193	-25.3903	1.0000	47.7318	83.8206	75.3599	1.0000	61.0000	0.0454	0.1618	0.1627	21.9374	1.1354
29.0131	98.8173	107.5238	1.0000	29.1174	99.8119	84.0143	1.0000	1.0000	0.4177	0.0019	0.0665	21.7243	1.0000
86.8728	32.4481	-46.6698	1.0000	52.2188	59.3066	118.2803	1.0000	55.0000	0.0444	0.4069	0.3142	49.6050	1.2545
33.2918	47.0655	29.5514	1.0000	47.5933	74.4514	74.5287	1.0000	31.0000	0.0481	0.2555	0.1719	29.9647	1.0034
43.7490	30.7865	-6.5336	1.0000	47.5043	33.6398	61.9253	1.0000	5.0000	0.0499	0.6636	0.3119	72.0978	1.0601
3.3757	61.8308	260.2897	1.0000	-0.7197	61.3518	137.4834	0.0000	5.0000	1.0144	0.3865	0.5276	79.5037	1.2126
61.9071	24.9518	239.4283	1.0000	52.2981	28.1050	117.5148	1.0000	12.0000	0.0460	0.7189	0.3057	77.0145	1.1866
4.5853	54.2461	106.4335	1.0000	37.5735	95.0030	60.2618	1.0000	53.0000	0.2485	0.0500	0.3304	32.6152	1.0108
67.1201	76.8880	111.0325	1.0000	53.4026	95.2973	118.9230	1.0000	23.0000	0.0681	0.0470	0.3214	29.4997	1.0018
59.5428	34.2223	208.9577	1.0000	52.2626	37.9591	117.3336	1.0000	9.0000	0.0453	0.6204	0.3037	67.8330	1.0998
21.0229	76.0708	140.6144	1.0000	20.5546	77.9682	91.6000	1.0000	2.0000	0.5889	0.2203	0.0178	36.8102	1.0234
96.0278	28.6741	241.9759	1.0000	52.3347	38.0098	118.6284	1.0000	53.0000	0.0467	0.6199	0.3181	68.3214	1.1862
80.5805	97.0829	138.7717	1.0000	79.7738	97.6738	143.7792	1.0000	1.0000	0.5955	0.0233	0.5975	61.5150	1.0000
99.5884	47.9515	180.4201	1.0000	52.1283	63.1827	117.4285	1.0000	55.0000	0.0426	0.3682	0.3048	45.9605	1.1034
50.7121	57.5816	169.0415	1.0000	49.8742	58.1274	146.9149	1.0000	1.0000	0.0025	0.4187	0.6324	70.6586	1.0000
25.0413	87.9843	-17.2517	1.0000	37.8033	95.6236	60.5628	1.0000	17.0000	0.2439	0.0438	0.3271	32.1630	1.1430
44.9704	53.3919	39.8069	1.0000	47.5484	58.7810	71.6722	1.0000	6.0000	0.0490	0.4122	0.2036	45.1766	1.0044
0.9697	93.3160	163.9823	1.0000	-0.2018	94.8796	114.5012	0.0000	2.0000	1.0040	0.0512	0.2722	56.0959	1.0237
55.2235	99.3425	161.7783	1.0000	54.3045	99.7369	156.7680	1.0000	1.0000	0.0861	0.0026	0.7419	66.9071	1.0000
79.2584	34.0989	-72.4477	1.0000	52.3400	60.4530	118.5959	1.0000	49.0000	0.0468	0.3955	0.3177	48.8586	1.3007
40.1958	52.9549	-37.7200	1.0000	47.7622	59.8479	74.0987	1.0000	12.0000	0.0448	0.4015	0.1767	43.2441	1.1724
67.5304	42.6505	210.7657	1.0000	52.3989	55.0869	118.3048	1.0000	21.0000	0.0480	0.4491	0.3145	53.1423	1.0722
50.4750	77.6541	130.1117	1.0000	50.0743	78.5703	113.6223	1.0000	1.0000	0.0015	0.2143	0.2625	31.8943	1.0000
66.8211	60.8241	151.0980	1.0000	52.3572	78.4942	118.5004	1.0000	23.0000	0.0471	0.2151	0.3167	35.7817	1.0072
15.2547	11.9036	117.0447	1.0000	15.2185	12.9030	92.0712	1.0000	1.0000	0.6956	0.8710	0.0230	93.8080	1.0000
84.8150	24.7228	-69.4178	1.0000	52.0850	51.4965	117.2472	1.0000	55.0000	0.0417	0.4850	0.3027	55.6718	1.3007
37.1210	80.2421	3.0487	1.0000	47.2109	95.8913	67.9133	1.0000	19.0000	0.0558	0.0411	0.2454	22.6381	1.0204
3.0622	12.2935	-33.7068	1.0000	47.6485	43.0060	72.8715	1.0000	62.0000	0.0470	0.5699	0.1903	59.5587	1.1452
50.8784	61.7752	50.6417	1.0000	51.3134	62.6756	64.2103	1.0000	1.0000	0.0263	0.3732	0.2866	45.3866	1.0000
28.4371	89.4359	67.7750	1.0000	32.2011	95.3196	59.3027	1.0000	7.0000	0.3560	0.0468	0.3411	35.7915	1.0022
54.4309	69.8670	192.3905	1.0000	52.4821	70.2262	161.7936	1.0000	2.0000	0.0496	0.2977	0.7977	77.7622	1.0093
84.2522	77.6947	181.0764	1.0000	52.4462	92.9278	118.3489	1.0000	39.0000	0.0489	0.0707	0.3150	29.3199	1.1059
98.5529	89.5823	72.4714	1.0000	95.2239	95.5703	135.1701	1.0000	7.0000	0.9045	0.0443	0.5019	64.0715	1.0217
25.1561	91.1220	16.2858	1.0000	33.8239	95.3967	59.2276	1.0000	10.0000	0.3235	0.0460	0.3419	35.0684	1.0347
84.2734	42.2737	89.7804	1.0000	52.2158	68.1535	117.8947	1.0000	44.0000	0.0443	0.3185	0.3099	42.3937	1.0680
30.4640	89.5526	167.9714	1.0000	30.5704	95.6088	57.2725	1.0000	7.0000	0.3886	0.0439	0.3636	38.3129	1.1556
85.8233	50.1582	3.5536	1.0000	52.2167	77.5036	118.5333	1.0000	50.0000	0.0443	0.2250	0.3170	36.4026	1.1540
87.2487	15.9575	175.9454	1.0000	52.4448	31.3190	118.3471	1.0000	42.0000	0.0489	0.6868	0.3150	74.3412	1.1040
8.0400	38.9894	55.4803	1.0000	47.5626	92.2919	70.7941	1.0000	67.0000	0.0487	0.0771	0.2134	20.8380	1.0097
29.5551	52.7081	150.2204	1.0000	47.6249	89.5943	71.4458	1.0000	42.0000	0.0475	0.1041	0.2062	21.4051	1.0225
23.1564	53.2128	248.8738	1.0000	45.5401	95.0162	60.5806	1.0000	55.0000	0.0892	0.0498	0.3269	30.1701	1.1599
19.2454	75.7872	244.8541	1.0000	30.4307	95.4748	45.0000	1.0000	30.0000	0.3914	0.0453	0.5000	49.2792	1.3249
72.5047	71.3331	5.9583	1.0000	55.8170	95.4290	128.4906	1.0000	32.0000	0.1163	0.0457	0.4277	39.1951	1.0918
87.6037	12.3347	122.8778	1.0000	52.4208	33.0910	118.3223	1.0000	44.0000	0.0484	0.6691	0.3147	72.6969	1.0771
59.4331	41.2322	34.5526	1.0000	60.2070	44.0596	89.7237	1.0000	3.0000	0.2041	0.5594	0.0031	56.8646	1.0234
96.6802	39.5866	231.9537	1.0000	52.2449	50.6413	118.3561	1.0000	53.0000	0.0449	0.4936	0.3151	56.9683	1.1575
78.4124	31.1192	-80.2174	1.0000	82.9024	32.5088	91.0722	1.0000	7.0000	0.6580	0.6749	0.0119	75.0918	1.4893
8.4364	63.8550	252.1434	1.0000	31.3363	95.1311	52.0153	1.0000	47.0000	0.3733	0.0487	0.4221	42.6014	1.2125
23.3949	38.5270	180.6712	1.0000	47.7384	83.7869	73.3294	1.0000	54.0000	0.0452	0.1621	0.1852	23.3643	1.0508
97.5125	37.0148	-60.1166	1.0000	100.2845	36.5033	13.9488	0.0000	3.0000	1.0057	0.6350	0.8450	111.1042	1.0643
54.4580	74.2808	100.0504	1.0000	52.2800	79.8706	110.5763	1.0000	6.0000	0.0456	0.2013	0.2286	28.8751	1.0001
81.6705	27.0158	112.2513	1.0000	52.0967	50.8080	117.2901	1.0000	40.0000	0.0419	0.4919	0.3032	56.2939	1.0538
59.8730	72.9003	105.8101	1.0000	52.3220	84.6176	118.7204	1.0000	14.0000	0.0464	0.1538	0.3191	32.6630	1.0043
96.3219	46.2019	42.4602	1.0000	96.6739	48.1218	92.2106	1.0000	2.0000	0.9335	0.5188	0.0246	69.8190	1.0247
71.6540	70.3174	180.3988	1.0000	52.1935	86.6708	117.7570	1.0000	27.0000	0.0439	0.1333	0.3084	30.8696	1.0622
94.7305	85.3248	-24.9365	1.0000	91.8038	95.1138	150.2981	1.0000	14.0000	0.8361	0.0489	0.6700	73.5343	1.3702
2.4897	82.3251	97.7213	1.0000	12.9176	95.4339	45.0113	1.0000	17.0000	0.7416	0.0457	0.4999	58.4802	1.0149
28.4098	81.4547	196.7179	1.0000	33.0622	95.6030	59.9224	1.0000	18.0000	0.3388	0.0440	0.3342	34.7978	1.2086
44.6081	68.1680	156.8487	1.0000	47.6210	84.2910	75.4939	1.0000	17.0000	0.0476	0.1571	0.1612	21.5142	1.0365
45.9628	42.7072	267.3229	1.0000	47.7296	63.9183	74.2971	1.0000	29.0000	0.0454	0.3608	0.1745	39.4160	1.3625
99.9898	3.0927	-55.8072	1.0000	100.8491	2.5811	-30.7705	0.0000	1.0000	1.0170	0.9742	1.3419	163.2838	1.0000
85.6696	5.2326	-71.1959	1.0000	52.4760	31.0054	118.3896	1.0000	55.0000	0.0495	0.6899	0.3154	74.6482	1.3088
4.0254	95.5316	-67.1165	1.0000	34.4943	95.1863	60.0926	1.0000	35.0000	0.3101	0.0481	0.3323	34.0301	1.1486
99.0419	28.5313	35.3068	1.0000	52.1932	54.8923	117.7553	1.0000	61.0000	0.0439	0.4511	0.3084	53.0082	1.1348
10.8594	68.7072	14.5138	1.0000	44.3878	95.0725	60.2020	1.0000	46.0000	0.1122	0.0493	0.3311	30.7197	1.0785
69.2805	63.3672	244.5175	1.0000	52.1563	74.1135	117.5601	1.0000	24.0000	0.0431	0.2589	0.3062	37.8724	1.1871
89.7990	53.4037	88.3504	1.0000	52.2702	78.1984	118.3737	1.0000	49.0000	0.0454	0.2180	0.3153	35.8543	1.0894
8.0760	15.6581	131.5786	1.0000	47.7837	73.0492	73.1374	1.0000	71.0000	0.0443	0.2695	0.1874	31.8686	1.0174
97.3026	24.4772	60.5237	1.0000	52.0890	50.2891	117.2617	1.0000	58.0000	0.0418	0.4971	0.3029	56.7339	1.1140
79.1359	75.5316	97.7735	1.0000	55.4539	95.1003	128.4913	1.0000	32.0000	0.1091	0.0490	0.4277	39.1833	1.0416
46.9111	93.9727	134.3649	1.0000	46.4670	95.9007	94.5544	1.0000	2.0000	0.0707	0.0410	0.0506	7.0731	1.0109
34.1619	11.6169	-89.7969	1.0000	47.5056	22.0984	70.6473	1.0000	23.0000	0.0499	0.7790	0.2150	80.3082	1.3555
0.8192	11.7142	16.7427	1.0000	47.7189	50.6093	74.8706	1.0000	66.0000	0.0456	0.4939	0.1681	51.7063	1.0832
8.5860	52.2648	164.9831	1.0000	7.3804	54.8072	90.3928	1.0000	3.0000	0.8524	0.4519	0.0044	62.1206	1.0662
40.6329	57.7769	120.5525	1.0000	47.5001	80.6659	77.2551	1.0000	24.0000	0.0500	0.1933	0.1416	23.2914	1.0043
60.3659	98.7049	155.9756	1.0000	59.4915	99.1902	150.9681	1.0000	1.0000	0.1898	0.0081	0.6774	61.7078	1.0000
56.4522	71.4966	200.6180	1.0000	52.0849	73.2043	127.2723	1.0000	5.0000	0.0417	0.2680	0.4141	45.9519	1.0663
65.3682	17.3997	229.9948	1.0000	52.4962	25.1571	118.3109	1.0000	17.0000	0.0499	0.7484	0.3146	80.0575	1.1312
83.5891	50.2768	68.2998	1.0000	83.5332	51.2753	93.2061	1.0000	1.0000	0.6707	0.4872	0.0356	59.2356	1.0000
34.8521	83.6257	266.5595	1.0000	35.3085	95.0371	60.2491	1.0000	19.0000	0.2938	0.0496	0.3306	33.5498	1.6637
44.5057	8.1912	-18.2936	1.0000	48.1232	9.4514	41.7064	1.0000	4.0000	0.0375	0.9055	0.5366	102.6394	1.0442
54.7173	41.0959	137.4298	1.0000	52.1215	45.3555	118.0617	1.0000	5.0000	0.0424	0.5464	0.3118	61.4653	1.0024
20.4760	86.5809	149.9610	1.0000	23.7392	95.1158	47.0497	1.0000	10.0000	0.5252	0.0488	0.4772	50.5788	1.0944
65.8579	48.5760	48.9962	1.0000	52.2880	71.0024	118.9641	1.0000	27.0000	0.0458	0.2900	0.3218	41.0490	1.0301
42.7054	53.5465	21.4272	1.0000	47.5210	62.1497	72.2810	1.0000	10.0000	0.0496	0.3785	0.1969	41.8659	1.0143
18.8714	99.5583	152.3662	1.0000	18.2604	100.3499	127.6684	1.0000	1.0000	0.6348	0.0035	0.4185	49.2589	1.0000
5.3321	15.0945	-16.6610	1.0000	47.7584	47.7943	74.5326	1.0000	60.0000	0.0448	0.5221	0.1719	54.4949	1.1201
29.6331	95.4967	-89.9765	1.0000	40.1479	95.2416	61.5569	1.0000	18.0000	0.1970	0.0476	0.3160	30.4748	1.7114
1.9185	38.7344	180.3568	1.0000	42.8049	95.3121	60.4085	1.0000	73.0000	0.1439	0.0469	0.3288	30.8124	1.0458
73.4738	30.6146	-82.8612	1.0000	78.1041	31.6970	85.9689	1.0000	7.0000	0.5621	0.6830	0.0448	73.9689	1.4721
41.9108	93.7049	70.7505	1.0000	42.5701	95.5931	70.7505	1.0000	2.0000	0.1486	0.0441	0.2139	21.0989	1.0000
87.1098	35.4225	-89.5731	1.0000	52.2607	60.8110	118.1506	1.0000	58.0000	0.0452	0.3919	0.3128	48.3047	1.3452
3.3071	93.9085	55.3520	1.0000	4.5835	95.4476	49.0330	1.0000	2.0000	0.9083	0.0455	0.4552	61.3325	1.0003
2.0023	99.4888	230.3098	1.0000	1.0972	99.0636	205.1611	1.0000	1.0000	0.9781	0.0094	1.2796	125.1177	1.0000
33.6836	89.0236	209.4327	1.0000	30.5233	91.8029	92.0613	1.0000	5.0000	0.3895	0.0820	0.0229	21.2316	1.1881
81.9625	43.5601	-81.5491	1.0000	86.4479	44.8829	90.6985	1.0000	7.0000	0.7290	0.5512	0.0078	66.0820	1.4969
94.3259	33.3294	-84.9765	1.0000	98.8676	34.3882	87.5067	1.0000	7.0000	0.9774	0.6561	0.0277	81.8485	1.5010
54.1716	21.6400	-80.1217	1.0000	58.9208	23.6310	91.6127	1.0000	8.0000	0.1784	0.7637	0.0179	76.9052	1.5535
55.5593	59.9442	-46.6143	1.0000	52.3072	74.6780	118.8409	1.0000	20.0000	0.0461	0.2532	0.3205	38.4490	1.3255
83.6678	37.2421	127.2988	1.0000	52.2668	57.7656	118.2728	1.0000	40.0000	0.0453	0.4223	0.3141	50.8747	1.0663
21.1090	87.6567	268.0051	1.0000	20.5831	95.1149	46.9169	1.0000	15.0000	0.5883	0.0489	0.4787	52.3963	2.0062
23.0336	19.0953	197.6127	1.0000	47.7269	65.2490	72.9473	1.0000	56.0000	0.0455	0.3475	0.1895	38.7762	1.0698
33.6806	71.2243	115.9345	1.0000	33.6457	72.2237	92.0029	1.0000	1.0000	0.3271	0.2778	0.0223	32.2955	1.0000
75.3869	78.2544	111.8621	1.0000	56.7858	95.6514	128.4913	1.0000	26.0000	0.1357	0.0435	0.4277	39.3261	1.0209
10.2781	83.7667	208.5917	1.0000	7.3590	86.6842	85.5010	1.0000	5.0000	0.8528	0.1332	0.0500	44.8977	1.2115
46.5295	29.3722	220.8025	1.0000	47.6853	48.3544	73.5469	1.0000	23.0000	0.0463	0.5165	0.1828	54.2525	1.2094
59.9946	56.8599	60.7909	1.0000	60.2263	58.8292	90.7909	1.0000	2.0000	0.2045	0.4117	0.0088	42.4292	1.0086
46.8518	19.4987	245.0291	1.0000	42.3227	21.1985	86.3797	1.0000	7.0000	0.1535	0.7880	0.0402	79.2574	1.4470
94.3275	68.5801	-54.9576	1.0000	98.1719	70.9360	93.3736	1.0000	6.0000	0.9634	0.2906	0.0375	56.3616	1.3307
29.6484	16.4955	-21.4536	1.0000	47.6597	41.4876	73.6668	1.0000	33.0000	0.0468	0.5851	0.1815	60.7944	1.0712
21.4617	23.9865	213.2582	1.0000	18.2986	26.6389	90.7034	1.0000	5.0000	0.6340	0.7336	0.0078	79.9208	1.2113
67.2119	49.0509	-28.4958	1.0000	70.3509	51.8548	88.5003	1.0000	5.0000	0.4070	0.4815	0.0167	52.2912	1.1879
17.8042	27.3201	265.1468	1.0000	13.2487	28.3511	92.9746	1.0000	7.0000	0.7350	0.7165	0.0331	80.5796	1.4987
80.6811	0.7944	-70.1206	1.0000	82.3155	-0.2759	-20.8575	0.0000	2.0000	0.6463	1.0028	1.2317	152.9344	1.0237
95.6029	5.0819	155.4314	1.0000	52.1931	21.6978	117.7544	1.0000	51.0000	0.0439	0.7830	0.3084	83.1044	1.0972
31.8068	59.8898	106.7605	1.0000	45.9600	95.1039	68.5635	1.0000	38.0000	0.0808	0.0490	0.2382	22.3566	1.0013
26.3898	18.5103	187.4133	1.0000	24.2147	21.3441	91.3837	1.0000	4.0000	0.5157	0.7866	0.0154	82.7862	1.1197
80.9130	49.5470	47.8992	1.0000	52.2673	76.3034	118.2857	1.0000	42.0000	0.0453	0.2370	0.3143	36.9696	1.0715
27.7389	88.6970	15.2885	1.0000	35.5581	95.4550	61.5007	1.0000	11.0000	0.2888	0.0455	0.3167	32.2713	1.0644
27.9654	26.4653	214.9333	1.0000	47.7591	68.3742	73.3054	1.0000	51.0000	0.0448	0.3163	0.1855	35.8318	1.1004
73.3557	54.0958	-85.0479	1.0000	52.4831	79.6646	118.4002	1.0000	44.0000	0.0497	0.2034	0.3156	35.0181	1.3331
28.9388	80.8476	236.8364	1.0000	24.8191	82.8688	94.0023	1.0000	6.0000	0.5036	0.1713	0.0445	30.7177	1.3075
25.9878	96.0563	207.6459	1.0000	24.9899	95.9911	183.7395	1.0000	1.0000	0.5002	0.0401	1.0415	97.1013	1.0000
7.9733	98.8942	20.7622	1.0000	8.9084	99.2487	20.7622	1.0000	1.0000	0.8218	0.0075	0.7693	80.5168	1.0000
58.8239	57.8489	-25.4474	1.0000	52.2845	75.9529	118.8407	1.0000	23.0000	0.0457	0.2405	0.3205	37.6201	1.1949
34.9117	44.7860	-62.9629	1.0000	47.5880	57.8921	74.0889	1.0000	22.0000	0.0482	0.4211	0.1768	45.0784	1.2066
48.4139	81.1433	186.5311	1.0000	45.8797	84.6763	85.5101	1.0000	5.0000	0.0824	0.1532	0.0499	16.4909	1.1500
88.7186	76.3785	-88.3111	1.0000	56.4013	95.4989	128.4958	1.0000	52.0000	0.1280	0.0450	0.4277	39.2832	1.3848
89.0442	45.6223	37.3819	1.0000	89.5561	47.5066	87.2919	1.0000	2.0000	0.7911	0.5249	0.0301	65.7843	1.0242
28.1799	3.7363	5.1071	1.0000	47.6257	32.3049	73.1658	1.0000	36.0000	0.0475	0.6770	0.1870	69.7972	1.0417
67.8141	78.7098	-6.1620	1.0000	70.0227	81.5521	87.0335	1.0000	4.0000	0.4005	0.1845	0.0330	27.3867	1.1113
64.9391	10.0939	92.7414	1.0000	52.1813	29.0728	117.6900	1.0000	23.0000	0.0436	0.7093	0.3077	76.1720	1.0058
46.1366	81.9265	-9.9382	1.0000	48.0720	82.3577	20.0618	1.0000	2.0000	0.0386	0.1764	0.7771	72.1549	1.0086
46.6431	64.2877	257.9761	1.0000	47.7281	84.0628	74.3394	1.0000	27.0000	0.0454	0.1594	0.1740	22.4591	1.3633
24.7651	58.6324	-55.1353	1.0000	47.7159	80.5895	75.8083	1.0000	40.0000	0.0457	0.1941	0.1577	24.1534	1.2593
65.8229	31.2639	-19.3825	1.0000	68.6871	34.5495	88.2581	1.0000	5.0000	0.3737	0.6545	0.0194	68.0883	1.1471
55.0517	79.0215	226.2674	1.0000	52.2372	78.2002	181.2674	1.0000	3.0000	0.0447	0.2180	1.0141	93.8615	1.0232
76.8284	62.4194	-53.8633	1.0000	80.7125	64.7592	92.2765	1.0000	6.0000	0.6143	0.3524	0.0253	46.8012	1.3232
94.3120	49.5053	96.0907	1.0000	52.2812	73.4746	118.7340	1.0000	53.0000	0.0456	0.2653	0.3193	39.1720	1.0954
15.9014	84.0015	2.4159	1.0000	37.0060	95.3018	61.6837	1.0000	26.0000	0.2599	0.0470	0.3146	31.5076	1.0861
44.1178	70.4616	-67.5490	1.0000	48.4252	68.6731	7.4510	1.0000	5.0000	0.0315	0.3133	0.9172	88.3073	1.0721
2.8181	46.5480	127.9028	1.0000	40.7262	95.5790	60.1537	1.0000	63.0000	0.1855	0.0442	0.3316	31.5650	1.0165
50.1271	90.1529	-17.6545	1.0000	51.1261	90.1085	-2.5463	1.0000	1.0000	0.0225	0.0989	1.0283	93.0803	1.0000
1.6298	90.3241	240.0150	1.0000	-0.1731	89.5748	190.0377	0.0000	2.0000	1.0035	0.1043	1.1115	112.3991	1.0244
82.5232	57.9466	-57.8716	1.0000	86.4831	60.0915	90.4055	1.0000	6.0000	0.7297	0.3991	0.0045	54.0728	1.3323
22.7021	5.1525	247.2090	1.0000	47.5442	51.4298	70.2863	1.0000	60.0000	0.0491	0.4857	0.2190	52.4759	1.1423
59.7059	84.6628	99.8243	1.0000	52.6898	95.5408	118.9814	1.0000	13.0000	0.0538	0.0446	0.3220	29.4455	1.0043
79.3010	73.2245	81.3577	1.0000	54.1693	95.3155	125.4373	1.0000	35.0000	0.0834	0.0468	0.3937	35.9880	1.0460
80.0846	54.3512	189.9708	1.0000	52.3502	69.4741	118.5377	1.0000	35.0000	0.0470	0.3053	0.3171	41.8540	1.1080
97.9057	70.3664	62.5375	1.0000	97.9486	71.3654	87.5392	1.0000	1.0000	0.9590	0.2863	0.0273	55.9023	1.0000
0.5455	83.2571	-39.7244	1.0000	37.9180	95.3692	61.6559	1.0000	44.0000	0.2416	0.0463	0.3149	31.1578	1.1200
72.6438	80.9051	210.9606	1.0000	52.1111	95.2427	117.3514	1.0000	28.0000	0.0422	0.0476	0.3039	27.8422	1.1181
3.6670	45.3187	118.9760	1.0000	3.5944	46.3161	94.1638	1.0000	1.0000	0.9281	0.5368	0.0463	71.0829	1.0000
85.2747	28.5322	115.9916	1.0000	52.1700	51.3737	117.6306	1.0000	43.0000	0.0434	0.4863	0.3070	55.9703	1.0691
71.0861	81.1503	74.5669	1.0000	61.7743	95.1724	128.4883	1.0000	17.0000	0.2355	0.0483	0.4276	40.5375	1.0100
45.6821	22.9043	55.6266	1.0000	47.6354	27.4959	72.5016	1.0000	5.0000	0.0473	0.7250	0.1944	74.6233	1.0020
53.7283	40.9637	-53.4590	1.0000	57.9781	43.8701	91.8585	1.0000	7.0000	0.1596	0.5613	0.0206	56.7245	1.3596
53.2596	63.6891	0.8444	1.0000	55.5188	67.5407	94.2071	1.0000	5.0000	0.1104	0.3246	0.0467	33.1928	1.1198
88.9299	13.2574	156.8240	1.0000	52.3046	29.7390	118.8360	1.0000	44.0000	0.0461	0.7026	0.3204	75.9831	1.0955
41.1945	54.2389	175.5623	1.0000	47.6376	82.2210	74.9859	1.0000	30.0000	0.0472	0.1778	0.1668	23.3901	1.0448
13.5129	85.6684	-20.7169	1.0000	37.0314	95.0402	60.0646	1.0000	28.0000	0.2594	0.0496	0.3326	32.9987	1.1060
54.1155	0.1768	-1.4831	1.0000	52.4005	11.0821	118.3602	1.0000	13.0000	0.0480	0.8892	0.3151	93.3620	1.1776
99.9894	11.8775	-76.6051	1.0000	100.6001	11.0857	-52.3572	0.0000	1.0000	1.0120	0.8891	1.5817	175.3046	1.0000
57.6814	23.8305	124.3442	1.0000	52.1465	32.1228	117.5199	1.0000	10.0000	0.0429	0.6788	0.3058	73.2752	1.0030
71.0058	95.9412	142.8867	1.0000	70.1588	96.4727	147.8913	1.0000	1.0000	0.4032	0.0353	0.6432	61.4021	1.0000
5.1271	77.8822	109.5086	1.0000	19.5112	95.3705	45.0005	1.0000	23.0000	0.6098	0.0463	0.5000	54.5523	1.0157
62.0580	38.4703	236.5139	1.0000	52.3931	41.8476	117.3961	1.0000	12.0000	0.0479	0.5815	0.3044	64.3271	1.1721
49.2663	10.6683	0.9273	1.0000	50.2279	10.9427	15.9273	1.0000	1.0000	0.0046	0.8906	0.8230	115.8362	1.0000
13.7852	31.2371	130.7778	1.0000	47.7533	83.0401	73.2256	1.0000	63.0000	0.0449	0.1696	0.1864	23.9597	1.0170
19.7830	15.3089	-16.5329	1.0000	47.6812	44.5126	74.2173	1.0000	45.0000	0.0464	0.5549	0.1754	57.7349	1.1142
63.2556	8.6386	138.2240	1.0000	52.4606	22.9853	118.3678	1.0000	18.0000	0.0492	0.7701	0.3152	82.1099	1.0025
96.2947	14.5103	89.1427	1.0000	52.0941	39.5492	117.2804	1.0000	56.0000	0.0419	0.6045	0.3031	66.3544	1.1024
29.1616	71.0624	-35.7594	1.0000	47.6929	95.1393	75.6707	1.0000	34.0000	0.0461	0.0486	0.1592	15.3061	1.1191
88.8443	36.9695	50.5562	1.0000	52.0732	63.4095	117.2052	1.0000	50.0000	0.0415	0.3659	0.3023	45.6430	1.1040
42.3593	83.0415	0.7520	1.0000	47.7873	90.8835	73.2261	1.0000	10.0000	0.0443	0.0912	0.1864	19.2191	1.0485
75.8929	35.1766	122.1660	1.0000	52.1997	56.5780	117.7923	1.0000	33.0000	0.0440	0.4342	0.3088	51.6016	1.0336
38.0470	95.4561	32.2183	1.0000	38.7262	96.1901	47.2183	1.0000	1.0000	0.2255	0.0381	0.4754	44.4060	1.0000
66.2225	73.6596	19.5601	1.0000	53.7059	95.7412	119.5030	1.0000	27.0000	0.0741	0.0426	0.3278	30.0383	1.0637
41.0248	22.9311	262.7883	1.0000	36.5184	24.1703	90.6205	1.0000	7.0000	0.2696	0.7583	0.0069	77.0213	1.4978
80.2221	91.2476	243.4305	1.0000	55.6302	95.3635	128.4934	1.0000	31.0000	0.1126	0.0464	0.4277	39.1783	1.2433
96.1446	37.5996	166.7050	1.0000	52.3964	53.1020	118.3143	1.0000	51.0000	0.0479	0.4690	0.3146	54.8349	1.0988
60.3147	24.1210	-88.8028	1.0000	65.1227	25.8115	88.5498	1.0000	8.0000	0.3025	0.7419	0.0161	75.7280	1.5697
92.5115	13.2917	51.3855	1.0000	52.2837	38.8909	118.8163	1.0000	53.0000	0.0457	0.6111	0.3202	67.6012	1.1115
86.8793	66.6155	28.0726	1.0000	52.2840	93.3507	118.8278	1.0000	49.0000	0.0457	0.0665	0.3203	29.6728	1.1207
29.0681	10.6630	29.7810	1.0000	47.6381	41.0318	71.8333	1.0000	36.0000	0.0472	0.5897	0.2019	61.7483	1.0113
55.9791	20.1830	-64.7756	1.0000	60.3515	22.7886	88.8607	1.0000	7.0000	0.2070	0.7721	0.0127	77.9105	1.3753
24.0128	10.1284	18.5626	1.0000	47.6944	41.3730	73.2049	1.0000	41.0000	0.0461	0.5863	0.1866	61.0288	1.0458
86.3347	8.1902	50.1319	1.0000	52.2647	34.3099	118.2110	1.0000	47.0000	0.0453	0.6569	0.3135	71.5274	1.0948
72.5215	96.1657	-16.6454	1.0000	73.5139	96.2888	7.0721	1.0000	1.0000	0.4703	0.0371	0.9214	86.2770	1.0000
46.1980	66.1749	64.0211	1.0000	47.5662	69.9273	74.3174	1.0000	4.0000	0.0487	0.3007	0.1743	34.0034	1.0015
79.0874	78.6207	25.2018	1.0000	59.6245	95.6701	128.7527	1.0000	29.0000	0.1925	0.0433	0.4306	40.1641	1.1208
94.5373	15.5606	83.3034	1.0000	52.1731	40.3265	117.6470	1.0000	54.0000	0.0435	0.5967	0.3072	65.8028	1.1004
42.7008	0.6546	89.2770	1.0000	47.5813	19.0143	78.0773	1.0000	19.0000	0.0484	0.8099	0.1325	81.8944	1.0001
63.4426	5.0972	79.4978	1.0000	63.3642	6.0941	94.4978	1.0000	1.0000	0.2673	0.9391	0.0500	94.9586	1.0000
39.0406	18.9959	-81.7074	1.0000	47.7200	21.8066	69.9924	1.0000	13.0000	0.0456	0.7819	0.2223	80.7447	1.4249
37.1875	6.9866	95.7364	1.0000	47.7578	39.2740	74.2646	1.0000	34.0000	0.0448	0.6073	0.1748	62.7716	1.0008
65.8026	92.0268	150.3507	1.0000	62.1764	95.4265	129.5158	1.0000	5.0000	0.2435	0.0457	0.4391	41.6014	1.0059
65.2090	56.9763	-24.7616	1.0000	52.2691	82.7948	118.3393	1.0000	33.0000	0.0454	0.1721	0.3149	33.2308	1.1427
30.7990	9.9913	200.1277	1.0000	47.5978	48.0665	71.0284	1.0000	45.0000	0.0480	0.5193	0.2108	55.3424	1.0813
38.0957	75.5020	72.2621	1.0000	44.4936	95.5037	72.2621	1.0000	21.0000	0.1101	0.0450	0.1971	19.1094	1.0000
31.7530	30.3544	1.7439	1.0000	47.6580	57.3563	74.7843	1.0000	32.0000	0.0468	0.4264	0.1691	45.3375	1.0211
59.4577	91.1135	213.6515	1.0000	52.1753	94.5766	116.8140	1.0000	9.0000	0.0435	0.0542	0.2979	27.4433	1.1161
18.5068	40.7417	200.9269	1.0000	47.5984	90.8383	70.8656	1.0000	62.0000	0.0480	0.0916	0.2126	21.3501	1.0702
63.1284	41.5493	142.6152	1.0000	52.2673	55.8269	118.2874	1.0000	18.0000	0.0453	0.4417	0.3143	52.5032	1.0034
11.9865	94.7485	4.6203	1.0000	14.9624	95.1253	8.3278	1.0000	3.0000	0.7008	0.0487	0.9075	89.0042	1.0001
22.4580	1.3192	224.2792	1.0000	47.7028	48.3403	72.1340	1.0000	59.0000	0.0459	0.5166	0.1985	54.7101	1.1055
17.0314	18.3494	-30.1331	1.0000	47.6043	46.7538	73.8646	1.0000	48.0000	0.0479	0.5325	0.1793	55.6888	1.1502
48.5082	74.8889	-31.5641	1.0000	49.4667	74.6038	-16.5641	1.0000	1.0000	0.0107	0.2540	1.1840	109.5498	1.0000
26.0559	80.6992	217.4201	1.0000	32.0077	95.7576	61.3695	1.0000	21.0000	0.3598	0.0424	0.3181	34.0797	1.2969
42.2707	65.8723	86.3479	1.0000	47.7100	85.1134	73.6310	1.0000	20.0000	0.0458	0.1489	0.1819	22.2441	1.0002
88.6167	51.7529	1.6727	1.0000	52.1669	78.9918	117.6147	1.0000	53.0000	0.0433	0.2101	0.3068	34.7650	1.1648
91.1862	4.6443	63.0236	1.0000	91.2200	5.6437	88.0593	1.0000	1.0000	0.8244	0.9436	0.0216	102.9853	1.0000
51.4961	62.4661	251.4213	1.0000	50.9431	61.6330	236.4213	1.0000	1.0000	0.0189	0.3837	1.6269	151.3674	1.0000
51.1058	71.1782	161.6782	1.0000	50.3478	71.8305	139.2893	1.0000	1.0000	0.0070	0.2817	0.5477	56.7722	1.0000
25.2888	99.1537	54.3296	1.0000	25.9186	99.9305	50.9646	1.0000	1.0000	0.4816	0.0007	0.4337	45.8659	1.0000
1.2214	5.0841	153.1981	1.0000	47.6604	70.2384	71.6834	1.0000	82.0000	0.0468	0.2976	0.2035	35.0246	1.0249
63.4338	50.3492	-82.3312	1.0000	52.1055	75.3581	117.3272	1.0000	36.0000	0.0421	0.2464	0.3036	36.8569	1.3112
4.7807	65.9493	110.5083	1.0000	31.0496	95.5513	49.8559	1.0000	40.0000	0.3790	0.0445	0.4460	44.6146	1.0107
53.0309	93.2959	197.5837	1.0000	52.0319	93.2508	182.5837	1.0000	1.0000	0.0406	0.0675	1.0287	92.8516	1.0000
47.4812	55.4523	206.0500	1.0000	47.5472	70.3061	76.7285	1.0000	18.0000	0.0491	0.2969	0.1475	32.6171	1.2118
34.4173	96.6486	-23.8896	1.0000	35.4048	96.4906	-9.0863	1.0000	1.0000	0.2919	0.0351	1.1010	100.2169	1.0000
78.1805	17.6367	234.1715	1.0000	52.4799	28.3342	118.3953	1.0000	34.0000	0.0496	0.7167	0.3155	77.1260	1.2214
20.3646	43.8562	232.7313	1.0000	16.5609	46.3079	85.7573	1.0000	6.0000	0.6688	0.5369	0.0471	63.3957	1.3259
26.1522	91.4595	116.0479	1.0000	26.1145	92.4588	92.1611	1.0000	1.0000	0.4777	0.0754	0.0240	25.1408	1.0000
99.6741	59.4454	213.0214	1.0000	52.2823	72.5931	118.7697	1.0000	55.0000	0.0456	0.2741	0.3197	39.8000	1.1183
98.3547	93.8475	-53.2668	1.0000	100.2345	93.3176	-3.3122	0.0000	2.0000	1.0047	0.0668	1.0368	106.1854	1.0240
18.1385	48.4398	103.6766	1.0000	47.7003	94.1922	72.2279	1.0000	55.0000	0.0460	0.0581	0.1975	18.8379	1.0097
26.6308	43.4037	223.0191	1.0000	47.6222	86.1953	71.3150	1.0000	53.0000	0.0476	0.1380	0.2076	23.3528	1.1120
19.7280	31.8032	212.5279	1.0000	16.6137	34.5067	89.5686	1.0000	5.0000	0.6677	0.6549	0.0048	73.5133	1.2124
92.5663	24.4199	134.6956	1.0000	52.4892	42.9678	118.4096	1.0000	48.0000	0.0498	0.5703	0.3157	63.7650	1.0869
8.9005	69.5438	193.8051	1.0000	26.8835	95.1473	45.0000	1.0000	35.0000	0.4623	0.0485	0.5000	50.8224	1.1186
42.8344	27.3872	231.1863	1.0000	47.6600	57.6740	73.8231	1.0000	35.0000	0.0468	0.4233	0.1797	45.3724	1.1412
32.3428	77.0091	-66.0299	1.0000	47.6191	93.7599	73.3375	1.0000	27.0000	0.0476	0.0624	0.1851	17.9512	1.1910
39.3004	49.6147	209.9673	1.0000	36.3096	52.4658	87.2347	1.0000	5.0000	0.2738	0.4753	0.0307	49.5437	1.2101
30.9195	0.5750	-74.0667	1.0000	31.3697	-0.3180	-63.2465	0.0000	1.0000	0.3726	1.0032	1.7027	184.1067	1.0000
52.9023	31.7789	-11.2010	1.0000	52.4166	42.1690	119.1203	1.0000	13.0000	0.0483	0.5783	0.3236	64.7939	1.2498
55.0034	35.6180	125.2175	1.0000	52.4100	39.8848	118.8090	1.0000	5.0000	0.0482	0.6012	0.3201	66.7054	1.0014
28.7460	15.2730	85.5945	1.0000	47.7509	50.3850	73.1324	1.0000	40.0000	0.0450	0.4961	0.1874	52.4520	1.0019
85.9847	22.2787	143.5178	1.0000	52.0624	40.8327	117.1685	1.0000	42.0000	0.0412	0.5917	0.3019	65.1395	1.0863
33.6808	9.6885	3.1015	1.0000	47.6320	32.2838	71.5938	1.0000	27.0000	0.0474	0.6772	0.2045	70.2131	1.0167
18.0123	86.3157	258.7686	1.0000	13.5902	87.8616	86.6436	1.0000	7.0000	0.7282	0.1214	0.0373	38.5264	1.4943
79.6447	47.0668	38.6631	1.0000	80.1334	48.9588	87.8150	1.0000	2.0000	0.6027	0.5104	0.0243	59.3127	1.0235
59.1860	36.8331	150.5840	1.0000	52.3664	45.3072	118.4017	1.0000	11.0000	0.0473	0.5469	0.3156	61.6730	1.0113
1.2445	44.9017	55.9252	1.0000	42.8065	95.5295	60.1699	1.0000	66.0000	0.1439	0.0447	0.3314	31.0091	1.0076
70.7086	1.9558	192.2745	1.0000	52.1153	17.5630	117.3700	1.0000	26.0000	0.0423	0.8244	0.3041	86.8875	1.0710
64.3640	25.3516	37.7342	1.0000	65.0117	28.2110	92.2489	1.0000	3.0000	0.3002	0.7179	0.0250	73.3763	1.0233
96.3461	39.1883	-27.5066	1.0000	52.2751	66.0589	118.5300	1.0000	63.0000	0.0455	0.3394	0.3170	44.3975	1.2205
60.5740	79.4294	-18.2145	1.0000	63.3646	82.8179	86.8164	1.0000	5.0000	0.2673	0.1718	0.0354	21.9994	1.1390
97.1520	50.3488	214.7887	1.0000	52.0990	63.8911	117.2996	1.0000	53.0000	0.0420	0.3611	0.3033	45.3158	1.1266
8.5924	44.1516	261.8158	1.0000	4.1130	45.4700	89.2595	1.0000	7.0000	0.9177	0.5453	0.0082	71.2719	1.4991
66.8448	50.5924	63.5199	1.0000	52.2085	73.8473	117.8473	1.0000	28.0000	0.0442	0.2615	0.3094	38.2664	1.0190
32.7567	15.4267	-32.7493	1.0000	47.6485	36.7911	75.0642	1.0000	28.0000	0.0470	0.6321	0.1660	64.9921	1.0752
54.0493	95.2271	267.6617	1.0000	52.4810	92.7499	222.6617	1.0000	3.0000	0.0496	0.0725	1.4740	132.8828	1.0232
26.7402	70.7746	-75.0081	1.0000	47.5521	87.7070	73.7416	1.0000	38.0000	0.0490	0.1229	0.1806	20.5291	1.4163
76.3735	0.8014	160.1485	1.0000	52.1555	18.3685	117.5576	1.0000	32.0000	0.0431	0.8163	0.3062	86.1845	1.0696
96.9304	56.5772	136.5574	1.0000	52.1335	75.3106	117.4524	1.0000	53.0000	0.0427	0.2469	0.3050	36.9831	1.0915
98.4888	13.0570	226.1227	1.0000	52.4807	24.5044	118.3966	1.0000	54.0000	0.0496	0.7550	0.3155	80.6976	1.1390
76.7792	96.8774	-3.2033	1.0000	77.7157	97.2280	20.5224	1.0000	1.0000	0.5543	0.0277	0.7720	74.8531	1.0000
89.9672	7.3255	145.2839	1.0000	52.4725	24.6591	118.3844	1.0000	45.0000	0.0494	0.7534	0.3154	80.5484	1.0894
70.2507	1.3060	236.0547	1.0000	68.8887	-0.1516	222.8575	0.0000	2.0000	0.3778	1.0015	1.4762	167.4463	1.0025
43.6447	40.0111	84.5271	1.0000	47.5025	53.4638	75.9117	1.0000	14.0000	0.0500	0.4654	0.1565	48.6861	1.0004
5.6209	69.2470	33.1667	1.0000	37.1064	95.7518	60.3464	1.0000	42.0000	0.2579	0.0425	0.3295	32.6133	1.0205
66.0909	97.7005	36.3805	1.0000	66.5851	98.5698	60.3832	1.0000	1.0000	0.3317	0.0143	0.3291	33.9745	1.0000
5.5262	68.7871	113.8615	1.0000	5.5488	69.7869	88.7053	1.0000	1.0000	0.8890	0.3021	0.0144	53.7626	1.0000
21.0456	71.5924	139.4634	1.0000	20.6154	73.4989	90.4556	1.0000	2.0000	0.5877	0.2650	0.0051	39.5724	1.0233
57.7059	70.2508	175.3110	1.0000	52.3741	74.2496	118.0517	1.0000	7.0000	0.0475	0.2575	0.3117	38.1526	1.0503
26.0442	37.4039	41.7239	1.0000	47.6762	71.8255	72.0360	1.0000	41.0000	0.0465	0.2817	0.1996	33.4949	1.0085
32.4920	66.0800	-86.3257	1.0000	47.5102	79.2178	69.9867	1.0000	26.0000	0.0498	0.2078	0.2224	28.9591	1.3030
32.9277	22.9379	181.6444	1.0000	30.9669	25.9561	88.1355	1.0000	4.0000	0.3807	0.7404	0.0207	76.4737	1.1113
25.4285	74.8054	-17.9631	1.0000	44.5140	95.0815	61.7651	1.0000	31.0000	0.1097	0.0492	0.3137	29.1804	1.1133
95.9933	54.6791	128.5283	1.0000	52.3831	74.1760	118.3729	1.0000	52.0000	0.0477	0.2582	0.3153	38.4393	1.0885
30.3485	69.1831	89.0605	1.0000	44.8207	95.4064	60.0320	1.0000	30.0000	0.1036	0.0459	0.3330	30.7572	1.0016
39.9367	39.3340	262.1090	1.0000	35.4321	40.6265	90.4277	1.0000	7.0000	0.2914	0.5937	0.0048	61.1361	1.4937
51.3858	47.4042	55.6477	1.0000	51.7720	48.3266	67.2834	1.0000	1.0000	0.0354	0.5167	0.2524	56.4741	1.0000
26.6791	21.3191	-87.2871	1.0000	47.6481	35.9816	74.5904	1.0000	40.0000	0.0470	0.6402	0.1712	65.8889	1.5633
35.2250	10.0394	-5.5882	1.0000	47.7043	30.8750	75.7656	1.0000	25.0000	0.0459	0.6913	0.1582	70.6127	1.0294
27.2291	41.3371	-7.2653	1.0000	47.6896	69.2367	74.6736	1.0000	37.0000	0.0462	0.3076	0.1703	34.4473	1.0694
58.4762	45.1815	240.4557	1.0000	52.3230	44.9804	137.6627	1.0000	7.0000	0.0465	0.5502	0.5296	72.8306	1.1370
44.9826	80.3881	-8.3637	1.0000	47.7079	81.4691	36.6363	1.0000	3.0000	0.0458	0.1853	0.5929	56.5361	1.0232
24.2612	24.2952	191.4490	1.0000	21.9282	26.9887	94.3898	1.0000	4.0000	0.5614	0.7301	0.0488	78.3451	1.1225
63.2333	56.0491	245.0080	1.0000	52.2659	59.9999	118.4524	1.0000	14.0000	0.0453	0.4000	0.3161	49.1394	1.2010
30.8461	76.7953	142.2048	1.0000	39.3203	95.3136	60.0949	1.0000	21.0000	0.2136	0.0469	0.3323	32.0988	1.0312
62.7178	59.0865	117.2112	1.0000	52.2331	73.6718	118.5125	1.0000	18.0000	0.0447	0.2633	0.3168	38.8731	1.0021
65.6162	41.3523	226.1732	1.0000	52.2287	50.3208	118.4134	1.0000	18.0000	0.0446	0.4968	0.3157	57.2740	1.1170
58.8208	34.6513	-36.9487	1.0000	62.2411	38.1156	91.8838	1.0000	6.0000	0.2448	0.6188	0.0209	63.1116	1.2325
71.7923	17.1373	-6.2881	1.0000	73.9452	19.9979	88.8182	1.0000	4.0000	0.4789	0.8000	0.0131	83.5171	1.1173
63.5148	66.6912	62.4644	1.0000	63.6889	68.6664	92.4644	1.0000	2.0000	0.2738	0.3133	0.0274	34.2819	1.0086
24.1803	8.2301	193.6688	1.0000	47.7390	53.0760	72.9520	1.0000	54.0000	0.0452	0.4692	0.1894	49.9761	1.0660
39.1466	52.3829	204.3847	1.0000	47.7023	90.7238	74.4265	1.0000	42.0000	0.0460	0.0928	0.1730	18.2719	1.0691
62.4396	81.9028	78.5744	1.0000	62.3773	82.9009	93.5744	1.0000	1.0000	0.2475	0.1710	0.0397	21.4092	1.0000
79.8237	99.1710	174.6329	1.0000	78.8254	99.2289	176.6791	1.0000	1.0000	0.5765	0.0077	0.9631	91.3497	1.0000
38.1913	96.0268	142.3520	1.0000	37.7304	96.9143	117.4428	1.0000	1.0000	0.2454	0.0309	0.3049	30.2187	1.0000
51.4318	50.8157	31.7885	1.0000	52.1030	51.5569	47.8409	1.0000	1.0000	0.0421	0.4844	0.4684	64.2537	1.0000
86.8671	38.3180	136.4613	1.0000	52.1317	57.5672	117.4441	1.0000	43.0000	0.0426	0.4243	0.3049	50.5793	1.0828
2.7722	99.8352	-55.7226	1.0000	3.4054	99.0612	-50.7143	1.0000	1.0000	0.9319	0.0094	1.5635	148.2311	1.0000
16.7193	45.1677	85.5848	1.0000	47.5252	91.3569	70.3624	1.0000	56.0000	0.0495	0.0864	0.2182	21.5978	1.0086
63.3721	49.7188	257.7085	1.0000	52.0869	53.1468	116.6523	1.0000	15.0000	0.0417	0.4685	0.2961	53.9437	1.2718
7.1580	38.9275	81.7430	1.0000	47.7140	95.1014	72.7704	1.0000	70.0000	0.0457	0.0490	0.1914	18.0577	1.0103
85.7616	46.2005	-25.9368	1.0000	52.4129	73.2864	118.3157	1.0000	52.0000	0.0483	0.2671	0.3146	39.0028	1.2104
25.0453	9.1840	-39.9461	1.0000	47.7543	32.3436	73.3768	1.0000	38.0000	0.0449	0.6766	0.1847	69.7048	1.1716
10.1556	18.8080	151.2211	1.0000	47.7683	75.7481	73.6185	1.0000	70.0000	0.0446	0.2425	0.1820	29.3511	1.0258
54.8112	0.4875	27.1846	1.0000	52.4088	10.3280	119.1756	1.0000	11.0000	0.0482	0.8967	0.3242	94.3297	1.0859
66.1028	14.3709	45.3649	1.0000	52.0598	37.6648	117.1596	1.0000	28.0000	0.0412	0.6234	0.3018	68.0262	1.0294
23.2081	6.0979	151.4069	1.0000	47.6858	49.3754	72.0732	1.0000	51.0000	0.0463	0.5062	0.1992	53.7548	1.0257
10.4891	14.2272	-20.5613	1.0000	47.5532	43.4930	70.4318	1.0000	53.0000	0.0489	0.5651	0.2174	59.8493	1.1223
47.2064	76.0125	172.2187	1.0000	45.5219	79.2579	85.5037	1.0000	4.0000	0.0896	0.2074	0.0500	21.6911	1.0939
41.3934	94.2889	28.9166	1.0000	42.6301	95.8389	58.9166	1.0000	2.0000	0.1474	0.0416	0.3454	32.2150	1.0086
76.2034	0.1519	203.8609	1.0000	75.2570	-0.1711	198.8455	0.0000	1.0000	0.5051	1.0017	1.2094	150.0650	1.0000
34.9143	33.2808	66.5588	1.0000	47.6784	64.7418	76.8100	1.0000	34.0000	0.0464	0.3526	0.1466	37.7162	1.0014
93.6866	82.5396	74.8444	1.0000	61.0805	95.1359	133.4043	1.0000	38.0000	0.2216	0.0486	0.4823	45.0597	1.0871
77.8912	98.9203	258.5779	1.0000	77.6082	97.9612	253.5599	1.0000	1.0000	0.5522	0.0204	1.8173	165.8861	1.0000
95.5046	97.2308	45.2947	1.0000	95.8534	98.1681	69.5911	1.0000	1.0000	0.9171	0.0183	0.2268	50.2236	1.0000
78.1321	85.3592	-40.1123	1.0000	75.5970	95.1694	151.5868	1.0000	15.0000	0.5119	0.0483	0.6843	66.8691	1.4804
29.6570	1.7123	33.8779	1.0000	47.7480	32.5611	73.0190	1.0000	36.0000	0.0450	0.6744	0.1887	69.5804	1.0067
35.1089	66.3805	-63.9268	1.0000	47.6820	79.4225	75.4524	1.0000	22.0000	0.0464	0.2058	0.1616	25.3069	1.2144
77.7862	56.7428	238.9446	1.0000	52.4588	66.7538	118.3653	1.0000	34.0000	0.0492	0.3325	0.3152	43.7715	1.2484
18.7938	40.7944	103.7669	1.0000	47.5959	85.8745	71.4764	1.0000	54.0000	0.0481	0.1413	0.2058	23.4186	1.0094
45.7962	53.7183	134.4993	1.0000	45.4441	55.6508	89.4983	1.0000	2.0000	0.0911	0.4435	0.0056	44.5854	1.0181
58.6021	80.5575	-62.9821	1.0000	62.8786	83.3334	90.7161	1.0000	7.0000	0.2576	0.1667	0.0080	21.0748	1.3730
99.8840	48.6838	168.1450	1.0000	52.2576	64.1945	118.1909	1.0000	55.0000	0.0452	0.3581	0.3132	45.6273	1.0981
46.9067	55.1862	156.5529	1.0000	45.8158	57.8493	92.3465	1.0000	3.0000	0.0837	0.4215	0.0261	42.4228	1.0424
56.6463	43.0969	142.5561	1.0000	52.1258	49.6202	117.2992	1.0000	8.0000	0.0425	0.5038	0.3033	57.3401	1.0080
91.6108	72.3185	209.9494	1.0000	52.2194	86.2065	118.6986	1.0000	47.0000	0.0444	0.1379	0.3189	31.9186	1.1253
3.9530	63.0453	241.8374	1.0000	-0.0729	63.9331	118.1434	0.0000	5.0000	1.0015	0.3607	0.3127	67.8245	1.2128
47.8543	94.1996	159.5380	1.0000	46.7901	95.8406	110.9033	1.0000	2.0000	0.0642	0.0416	0.2323	21.5534	1.0226
73.7316	17.2830	157.3206	1.0000	52.3068	34.6335	118.8198	1.0000	29.0000	0.0461	0.6537	0.3202	71.4750	1.0519
55.7322	96.0325	61.5960	1.0000	55.9640	97.0052	76.5960	1.0000	1.0000	0.1193	0.0299	0.1489	14.9735	1.0000
24.4268	32.9647	-74.5082	1.0000	47.5117	50.1535	73.0125	1.0000	41.0000	0.0498	0.4985	0.1887	52.7204	1.4245
48.9062	62.3937	75.6817	1.0000	49.1334	63.3675	76.8733	1.0000	1.0000	0.0173	0.3663	0.1459	38.9230	1.0000
62.9422	96.7403	18.9102	1.0000	63.6647	97.4317	43.7414	1.0000	1.0000	0.2733	0.0257	0.5140	48.3030	1.0000
34.2650	14.2134	47.4290	1.0000	47.7040	38.7351	72.2936	1.0000	28.0000	0.0459	0.6126	0.1967	63.8136	1.0013
73.5770	2.2267	86.0403	1.0000	52.1754	29.4379	117.6589	1.0000	35.0000	0.0435	0.7056	0.3073	75.8206	1.0110
81.5666	64.4427	92.9905	1.0000	52.2172	89.9204	117.9036	1.0000	41.0000	0.0443	0.1008	0.3100	29.7511	1.0549
99.5497	79.9222	133.8607	1.0000	53.9451	95.6676	123.1097	1.0000	52.0000	0.0789	0.0433	0.3679	33.6242	1.0778
61.4048	21.0279	69.9660	1.0000	52.4741	36.2600	118.3875	1.0000	18.0000	0.0495	0.6374	0.3154	69.8195	1.0194
53.7800	12.6768	-86.5377	1.0000	52.2830	24.9061	118.6178	1.0000	21.0000	0.0457	0.7509	0.3180	80.3946	1.7045
95.3499	94.0541	175.2891	1.0000	63.6946	95.1155	150.7421	1.0000	32.0000	0.2739	0.0488	0.6749	62.4580	1.0103
84.5570	95.7956	47.9776	1.0000	84.8659	96.7467	72.0093	1.0000	1.0000	0.6973	0.0325	0.1999	39.3685	1.0000
29.1414	73.4889	132.4569	1.0000	40.0260	95.5199	60.0967	1.0000	25.0000	0.1995	0.0448	0.3323	31.8395	1.0174
53.4852	25.4813	-10.8383	1.0000	56.3176	28.8737	86.1269	1.0000	5.0000	0.1264	0.7113	0.0430	71.5113	1.1314
92.3279	61.7422	179.9133	1.0000	52.4830	76.6536	118.4000	1.0000	47.0000	0.0497	0.2335	0.3156	36.8480	1.1047
18.6925	84.9472	116.4863	1.0000	18.6615	85.9467	91.7721	1.0000	1.0000	0.6268	0.1405	0.0197	34.3909	1.0000
69.3270	34.4874	91.3977	1.0000	52.2665	58.9685	118.2631	1.0000	30.0000	0.0453	0.4103	0.3140	49.8751	1.0054
85.7650	55.7013	245.3422	1.0000	52.3587	64.7337	118.4927	1.0000	43.0000	0.0472	0.3527	0.3166	45.3994	1.2426
70.2848	71.5621	-68.3031	1.0000	54.7807	95.6434	128.4906	1.0000	37.0000	0.0956	0.0436	0.4277	39.0302	1.2919
98.2547	35.0310	-60.9517	1.0000	100.0448	34.2518	-10.9827	0.0000	2.0000	1.0009	0.6575	1.1220	130.4792	1.0244
11.0489	83.4312	50.7978	1.0000	22.9661	95.5516	45.0004	1.0000	17.0000	0.5407	0.0445	0.5000	52.6838	1.0001
77.3751	41.1412	253.7077	1.0000	52.4682	48.3498	118.3782	1.0000	35.0000	0.0494	0.5165	0.3153	58.9844	1.3498
35.8155	93.1274	17.6916	1.0000	37.8235	95.2770	60.4456	1.0000	3.0000	0.2435	0.0472	0.3284	32.3116	1.0199
46.4660	82.5089	239.7606	1.0000	45.8151	95.2607	72.2183	1.0000	18.0000	0.0837	0.0474	0.1976	18.8723	1.4097
94.7504	69.4637	75.1631	1.0000	52.2793	94.0346	118.6678	1.0000	54.0000	0.0456	0.0597	0.3185	29.3705	1.1005
47.1811	59.1988	95.2676	1.0000	47.5060	61.1691	77.4287	1.0000	2.0000	0.0499	0.3883	0.1397	40.8913	1.0016
12.7633	69.5376	29.0633	1.0000	40.4004	95.1245	60.2307	1.0000	39.0000	0.1920	0.0488	0.3308	31.6565	1.0355
28.9529	47.5632	168.4112	1.0000	47.7003	86.6386	72.8392	1.0000	45.0000	0.0460	0.1336	0.1907	21.8703	1.0383
16.2700	64.6452	102.0633	1.0000	38.9254	95.8576	60.1637	1.0000	39.0000	0.2215	0.0414	0.3315	32.0938	1.0112
65.4616	56.8933	244.2501	1.0000	52.1073	64.0706	117.1915	1.0000	18.0000	0.0421	0.3593	0.3021	45.1081	1.1873
38.3993	82.6310	-52.7233	1.0000	47.6590	90.6927	74.4078	1.0000	15.0000	0.0468	0.0931	0.1732	18.3091	1.2218
2.3018	37.0584	191.5485	1.0000	0.0118	39.7648	92.9211	1.0000	4.0000	0.9998	0.6024	0.0325	78.3303	1.1283
28.5574	27.7039	161.6288	1.0000	27.3894	30.2831	90.6541	1.0000	3.0000	0.4522	0.6972	0.0073	73.2947	1.0596
94.0135	71.5253	86.1541	1.0000	52.8347	95.0294	119.3315	1.0000	52.0000	0.0567	0.0497	0.3259	29.8844	1.0967
63.5616	93.6076	83.7682	1.0000	63.0527	95.5302	110.8857	1.0000	2.0000	0.2611	0.0447	0.2321	25.0313	1.0056
89.8620	73.2506	244.6768	1.0000	52.3935	82.2796	118.3267	1.0000	47.0000	0.0479	0.1772	0.3147	33.4984	1.2195
67.6539	54.3926	235.7746	1.0000	52.2778	64.5055	118.6622	1.0000	21.0000	0.0456	0.3549	0.3185	45.6790	1.1411
42.2775	48.4419	231.1282	1.0000	47.6936	80.6490	77.9039	1.0000	37.0000	0.0461	0.1935	0.1344	22.9368	1.1329
13.5008	84.4770	112.7334	1.0000	13.5420	85.4762	87.6413	1.0000	1.0000	0.7292	0.1452	0.0262	39.3153	1.0000
36.8671	88.9779	-46.3958	1.0000	45.6560	95.6705	61.5822	1.0000	13.0000	0.0869	0.0433	0.3158	29.0721	1.1768
20.5735	44.6364	3.5012	1.0000	47.7227	75.0001	73.5471	1.0000	44.0000	0.0455	0.2500	0.1828	30.0146	1.0803
96.0731	0.0173	95.2181	1.0000	52.2170	24.1855	118.6350	1.0000	55.0000	0.0443	0.7581	0.3182	81.0722	1.0984
27.6273	97.5940	-44.0192	1.0000	28.4045	96.9647	-38.9996	1.0000	1.0000	0.4319	0.0304	1.4333	130.8300	1.0000
49.5124	53.2453	181.2423	1.0000	48.5584	53.5448	162.5682	1.0000	1.0000	0.0288	0.4646	0.8063	86.1760	1.0000
91.8215	69.9142	209.1116	1.0000	52.3090	83.6777	118.8030	1.0000	47.0000	0.0462	0.1632	0.3200	33.1868	1.1233
84.5894	14.4053	-1.9918	1.0000	52.3876	41.8016	118.3527	1.0000	49.0000	0.0478	0.5820	0.3150	64.7813	1.1590
89.8591	55.3795	18.9973	1.0000	90.8869	58.0008	93.5211	1.0000	3.0000	0.8177	0.4200	0.0391	58.7202	1.0655
61.0178	41.1352	0.8246	1.0000	52.2260	60.8837	118.6087	1.0000	24.0000	0.0445	0.3912	0.3179	48.5129	1.1102
67.4907	42.1331	266.2500	1.0000	52.0681	49.6100	117.1570	1.0000	22.0000	0.0414	0.5039	0.3017	57.2794	1.2836
83.1766	38.2250	219.4172	1.0000	52.1716	51.5804	117.6392	1.0000	39.0000	0.0434	0.4842	0.3071	55.7951	1.1552
46.4092	44.7037	258.1520	1.0000	47.6244	64.6194	77.0589	1.0000	27.0000	0.0475	0.3538	0.1438	37.7479	1.3532
93.1034	78.0280	198.6879	1.0000	52.3972	92.3328	118.3111	1.0000	48.0000	0.0479	0.0767	0.3146	29.4287	1.1125
33.0159	62.5834	220.1865	1.0000	46.0279	95.3754	61.5096	1.0000	40.0000	0.0794	0.0462	0.3166	29.1353	1.1338
24.8777	63.0477	119.6019	1.0000	43.9399	95.4541	60.3672	1.0000	38.0000	0.1212	0.0455	0.3293	30.5859	1.0107
11.0587	81.4214	62.2667	1.0000	24.0726	95.2235	45.0005	1.0000	19.0000	0.5185	0.0478	0.5000	52.1536	1.0016
58.3466	84.3559	117.7233	1.0000	52.2187	93.4615	118.5897	1.0000	11.0000	0.0444	0.0654	0.3177	29.4116	1.0022
76.3232	87.9689	226.7206	1.0000	54.8194	95.7787	128.4916	1.0000	27.0000	0.0964	0.0422	0.4277	39.0212	1.1802
97.5879	87.5775	-52.5714	1.0000	100.4073	87.4299	21.0674	0.0000	3.0000	1.0081	0.1257	0.7659	86.3169	1.0626
43.5427	89.2152	-31.2743	1.0000	48.0734	90.3218	43.7257	1.0000	5.0000	0.0385	0.0968	0.5142	47.3148	1.0721
82.8054	25.0754	152.1385	1.0000	52.2825	42.2685	118.7769	1.0000	38.0000	0.0457	0.5773	0.3197	64.5465	1.0847
39.8862	75.3302	-72.4077	1.0000	47.8556	77.4341	66.1452	1.0000	11.0000	0.0429	0.2257	0.2651	32.9070	1.3346
17.0891	13.4959	172.0060	1.0000	47.7808	64.5494	73.4768	1.0000	62.0000	0.0444	0.3545	0.1836	39.1751	1.0408
33.5547	50.9847	-9.8059	1.0000	47.7236	72.9678	73.4243	1.0000	27.0000	0.0455	0.2703	0.1842	31.7911	1.0324
5.3345	17.5753	-1.2593	1.0000	47.6761	51.6579	73.8404	1.0000	60.0000	0.0465	0.4834	0.1796	51.0244	1.1039
64.7681	3.2931	79.6116	1.0000	52.3403	22.3653	118.5937	1.0000	23.0000	0.0468	0.7763	0.3177	82.7661	1.0104
71.7761	43.3321	122.1572	1.0000	52.1807	67.1239	117.6868	1.0000	31.0000	0.0436	0.3288	0.3076	43.0367	1.0058
70.1922	38.8582	90.6976	1.0000	52.0640	65.0195	117.1739	1.0000	32.0000	0.0413	0.3498	0.3019	44.3432	1.0054
0.8467	55.2284	191.4600	1.0000	-0.1289	55.4481	167.3069	0.0000	1.0000	1.0026	0.4455	0.8590	102.3432	1.0000
22.2063	39.4839	154.0951	1.0000	47.5676	83.2771	70.4760	1.0000	52.0000	0.0486	0.1672	0.2169	25.8217	1.0275
27.7746	37.5564	-56.6268	1.0000	47.5023	57.6188	72.9708	1.0000	35.0000	0.0500	0.4238	0.1892	45.7427	1.2439
80.2529	2.4217	230.2261	1.0000	77.1032	-0.0129	210.1868	0.0000	4.0000	0.5421	1.0001	1.3354	158.6885	1.0048
88.4194	12.9395	148.7505	1.0000	52.1576	30.4947	117.5679	1.0000	44.0000	0.0432	0.6951	0.3063	74.8039	1.0921
72.6720	52.3467	158.1623	1.0000	52.2794	69.6372	118.6725	1.0000	28.0000	0.0456	0.3036	0.3186	41.8235	1.0473
80.9272	72.2372	-69.5157	1.0000	54.1171	95.7286	124.8285	1.0000	47.0000	0.0823	0.0427	0.3870	35.3302	1.3185
16.6757	77.9962	194.1707	1.0000	26.1464	95.1019	45.0023	1.0000	23.0000	0.4771	0.0490	0.5000	51.1642	1.1763
20.1663	48.5357	104.7553	1.0000	47.5828	92.1855	71.3174	1.0000	52.0000	0.0483	0.0781	0.2076	20.3949	1.0088
22.3938	61.6432	261.4194	1.0000	17.8697	62.9246	90.3219	1.0000	7.0000	0.6426	0.3708	0.0036	49.0617	1.4887
57.2394	85.6076	-51.2571	1.0000	57.3173	95.0391	128.2189	1.0000	14.0000	0.1463	0.0496	0.4247	39.2280	1.4843
47.7559	7.4898	131.5422	1.0000	47.3151	10.4070	86.2766	1.0000	3.0000	0.0537	0.8959	0.0414	89.7105	1.0168
57.6795	44.2264	163.9285	1.0000	52.0906	49.5190	117.5803	1.0000	8.0000	0.0418	0.5048	0.3064	57.5619	1.0393
42.6172	84.1707	219.2398	1.0000	42.0788	95.0450	70.6182	1.0000	14.0000	0.1584	0.0495	0.2154	21.5163	1.2859
73.0194	7.7173	255.0978	1.0000	52.4235	14.9749	118.3242	1.0000	30.0000	0.0485	0.8503	0.3147	89.6515	1.3738
14.0446	5.4143	94.2524	1.0000	47.5042	54.5064	70.1613	1.0000	60.0000	0.0499	0.4549	0.2204	49.6938	1.0099
25.6760	52.3031	-41.5257	1.0000	47.6465	75.9052	74.3980	1.0000	38.0000	0.0471	0.2409	0.1734	28.8015	1.1785
17.4126	81.0808	10.8102	1.0000	38.8805	95.6372	60.2691	1.0000	28.0000	0.2224	0.0436	0.3303	32.0406	1.0795
75.4491	51.5665	199.0619	1.0000	52.0452	66.8927	117.1120	1.0000	31.0000	0.0409	0.3311	0.3012	42.8408	1.1081
68.8241	45.9802	221.5356	1.0000	52.2425	58.7359	118.3854	1.0000	23.0000	0.0449	0.4126	0.3154	50.1347	1.0994
34.7860	28.6376	-48.5075	1.0000	47.6648	44.2231	75.1322	1.0000	23.0000	0.0467	0.5578	0.1652	57.7717	1.1376
85.4793	94.2846	-77.9194	1.0000	89.8712	95.9126	94.4039	1.0000	7.0000	0.7974	0.0409	0.0489	40.3213	1.4945
72.7871	7.7149	23.6075	1.0000	52.1835	37.5486	117.7017	1.0000	38.0000	0.0437	0.6245	0.3078	68.3544	1.0481
65.6749	77.2564	172.4938	1.0000	52.2169	91.3502	118.5996	1.0000	20.0000	0.0443	0.0865	0.3178	29.9611	1.0263
36.2890	21.7984	180.6029	1.0000	47.5276	67.9347	74.4327	1.0000	49.0000	0.0494	0.3207	0.1730	35.7300	1.0319
54.8960	63.5591	20.9094	1.0000	52.1133	74.2054	117.9897	1.0000	12.0000	0.0423	0.2579	0.3110	38.1215	1.0905
61.4254	78.7173	174.1975	1.0000	52.2508	87.2467	118.6943	1.0000	13.0000	0.0450	0.1275	0.3188	31.4814	1.0378
4.3101	69.7775	92.1085	1.0000	27.5233	95.6020	45.0000	1.0000	35.0000	0.4495	0.0440	0.5000	50.4930	1.0079
16.3509	56.4210	-77.8346	1.0000	47.5470	76.1792	73.8399	1.0000	52.0000	0.0491	0.2382	0.1796	28.8894	1.4082
66.6919	80.5929	200.5720	1.0000	52.4055	93.0378	118.3087	1.0000	20.0000	0.0481	0.0696	0.3145	29.2514	1.0556
58.5165	1.7518	187.5205	1.0000	52.2861	5.9751	117.3794	1.0000	8.0000	0.0457	0.9402	0.3042	97.9568	1.0629
51.7503	8.6616	107.7787	1.0000	51.4840	9.6255	105.4439	1.0000	1.0000	0.0297	0.9037	0.1716	91.6966	1.0000
82.7709	59.1371	-31.6776	1.0000	85.8344	61.8969	91.5815	1.0000	5.0000	0.7167	0.3810	0.0176	52.3302	1.2126
96.6357	86.5299	28.1429	1.0000	92.4124	95.4284	146.0632	1.0000	11.0000	0.8482	0.0457	0.6229	70.4471	1.1168
0.5919	92.5352	134.0806	1.0000	0.6673	95.4181	71.1830	1.0000	3.0000	0.9867	0.0458	0.2091	52.9980	1.0403
1.8497	99.9171	-81.1531	1.0000	2.0892	98.9462	-76.1415	1.0000	1.0000	0.9582	0.0105	1.8460	172.9148	1.0000
31.4198	76.3960	161.7204	1.0000	30.2106	78.9621	91.9059	1.0000	3.0000	0.3958	0.2104	0.0212	28.9456	1.0576
30.4548	77.3432	223.2801	1.0000	36.2959	95.4894	60.4423	1.0000	24.0000	0.2741	0.0451	0.3284	32.8908	1.2590
70.3940	61.0668	-43.4328	1.0000	52.4746	89.8462	118.3876	1.0000	40.0000	0.0495	0.1015	0.3154	30.2503	1.1799
11.5683	32.9942	224.5175	1.0000	47.5267	90.6440	70.5369	1.0000	74.0000	0.0495	0.0936	0.2163	21.7362	1.0891
73.7526	87.2049	-65.1128	1.0000	73.8393	95.2462	141.1245	1.0000	14.0000	0.4768	0.0475	0.5680	56.6094	1.7409
54.3035	52.4555	-54.2263	1.0000	52.2577	65.8150	118.3253	1.0000	19.0000	0.0452	0.3419	0.3147	44.4526	1.4058
2.9005	69.6195	252.0939	1.0000	-0.5943	68.9779	153.8307	0.0000	4.0000	1.0119	0.3102	0.7092	87.1579	1.1258
76.6004	73.8241	251.6992	1.0000	52.4170	81.5482	118.3185	1.0000	34.0000	0.0483	0.1845	0.3146	33.8858	1.3393
53.4613	67.5555	-66.7866	1.0000	52.2757	79.6580	118.1573	1.0000	19.0000	0.0455	0.2034	0.3129	34.8111	1.5624
95.7431	96.8406	187.3335	1.0000	94.7481	96.7408	185.7283	1.0000	1.0000	0.8950	0.0326	1.0636	105.7210	1.0000
12.6854	32.0875	-77.9522	1.0000	47.5548	51.7292	71.8135	1.0000	55.0000	0.0489	0.4827	0.2021	51.6410	1.3743
81.5409	67.0780	-58.5143	1.0000	85.5300	69.1692	89.6065	1.0000	6.0000	0.7106	0.3083	0.0044	47.0434	1.3321
10.0171	14.5275	-53.4661	1.0000	47.5495	40.5995	72.9333	1.0000	56.0000	0.0490	0.5940	0.1896	61.8522	1.2254
32.4220	67.6446	20.1015	1.0000	47.6224	94.4375	72.6117	1.0000	31.0000	0.0476	0.0556	0.1932	18.4105	1.0064
47.4857	57.2464	64.0594	1.0000	47.8711	58.1692	67.3276	1.0000	1.0000	0.0426	0.4183	0.2519	47.6276	1.0000
77.1573	99.8630	215.9288	1.0000	76.2994	99.3491	210.9228	1.0000	1.0000	0.5260	0.0065	1.3436	123.7514	1.0000
81.4065	53.8241	187.8214	1.0000	52.0596	69.6142	117.1592	1.0000	37.0000	0.0412	0.3039	0.3018	40.8064	1.1103
55.8903	16.6783	-75.6973	1.0000	52.2213	31.9787	118.1251	1.0000	23.0000	0.0444	0.6802	0.3125	73.6400	1.4618
68.1450	4.0910	89.5403	1.0000	52.2827	26.9728	118.7806	1.0000	28.0000	0.0457	0.7303	0.3198	78.5271	1.0057
74.4796	87.4907	92.8260	1.0000	68.3864	95.0472	148.5379	1.0000	10.0000	0.3677	0.0495	0.6504	61.5571	1.0302
2.8377	19.5669	-38.3778	1.0000	47.6259	49.1605	72.3610	1.0000	62.0000	0.0475	0.5084	0.1960	53.8649	1.1549
66.4826	39.3408	-69.7989	1.0000	52.1176	68.2940	117.3804	1.0000	40.0000	0.0424	0.3171	0.3042	41.9457	1.2376
38.9306	34.3478	21.8450	1.0000	47.5297	50.0019	72.5952	1.0000	18.0000	0.0494	0.5000	0.1934	52.9985	1.0078
98.7829	76.0696	157.6117	1.0000	52.2402	92.2592	118.4178	1.0000	54.0000	0.0448	0.0774	0.3158	29.5382	1.0958
47.0013	80.9220	-24.0430	1.0000	47.9889	80.7648	-9.0430	1.0000	1.0000	0.0402	0.1924	1.1005	100.9136	1.0000
42.0357	75.3271	-43.8507	1.0000	47.8897	77.0088	60.1132	1.0000	7.0000	0.0422	0.2299	0.3321	37.7660	1.1493
91.1896	28.4225	185.8444	1.0000	52.4187	43.2333	118.3204	1.0000	46.0000	0.0484	0.5677	0.3147	63.4851	1.1083
82.6606	87.7716	49.5449	1.0000	78.7853	95.3218	140.6705	1.0000	9.0000	0.5757	0.0468	0.5630	58.4635	1.0605
25.5402	24.3590	215.2312	1.0000	22.2301	26.8619	94.3442	1.0000	5.0000	0.5554	0.7314	0.0483	78.3531	1.2049
52.3366	84.7933	214.0780	1.0000	51.3915	84.4664	199.0780	1.0000	1.0000	0.0278	0.1553	1.2120	110.1873	1.0000
11.6672	75.2232	220.9158	1.0000	23.6071	95.5422	45.0002	1.0000	29.0000	0.5279	0.0446	0.5000	52.3588	1.2305
8.3845	10.6905	217.9703	1.0000	5.0594	13.1234	94.2595	1.0000	5.0000	0.8988	0.8688	0.0473	97.9048	1.2136
0.0176	5.8247	168.6949	1.0000	-0.7929	6.4105	144.1445	0.0000	1.0000	1.0159	0.9359	0.6016	119.4594	1.0000
78.1840	43.3492	153.8821	1.0000	52.0873	61.4153	117.2553	1.0000	34.0000	0.0417	0.3858	0.3028	47.2862	1.0712
59.1817	81.7380	35.5452	1.0000	59.9120	84.5774	90.5747	1.0000	3.0000	0.1982	0.1542	0.0064	18.3422	1.0232
23.1632	50.4011	22.9987	1.0000	47.7106	82.5498	72.5682	1.0000	42.0000	0.0458	0.1745	0.1937	24.7714	1.0383
31.8307	62.1771	-77.2603	1.0000	47.5033	78.2434	72.5775	1.0000	28.0000	0.0499	0.2176	0.1936	27.9844	1.2475
77.4176	79.5463	-34.9362	1.0000	80.6681	82.0981	87.2719	1.0000	5.0000	0.6134	0.1790	0.0303	35.6154	1.2099
16.2187	51.2883	250.0356	1.0000	43.2396	95.8051	60.4388	1.0000	60.0000	0.1352	0.0419	0.3285	30.6131	1.1522
66.7378	7.0037	92.5403	1.0000	52.1560	28.3534	117.5600	1.0000	26.0000	0.0431	0.7165	0.3062	76.7948	1.0056
91.1447	92.0591	154.1616	1.0000	62.8075	95.0939	145.2517	1.0000	29.0000	0.2562	0.0491	0.6139	56.9285	1.0176
89.4221	39.2234	-18.3232	1.0000	52.4651	66.1541	118.3740	1.0000	55.0000	0.0493	0.3385	0.3153	44.2346	1.2028
58.8330	6.9730	56.7909	1.0000	59.1705	8.9269	87.7002	1.0000	2.0000	0.1834	0.9107	0.0256	91.5625	1.0086
62.0412	77.0608	208.2437	1.0000	52.1355	83.7169	117.0810	1.0000	13.0000	0.0427	0.1628	0.3009	31.6714	1.0893
15.7378	49.4549	-72.0622	1.0000	47.5016	68.4944	70.1846	1.0000	50.0000	0.0500	0.3151	0.2202	37.3027	1.3501
60.5446	26.6996	10.4998	1.0000	62.1195	30.1060	90.0606	1.0000	4.0000	0.2424	0.6989	0.0007	70.9370	1.0659
59.6617	92.2246	102.2672	1.0000	57.7214	95.7041	125.6309	1.0000	4.0000	0.1544	0.0430	0.3959	36.7101	1.0041
29.7940	89.1604	12.2595	1.0000	35.7181	95.3050	61.7669	1.0000	9.0000	0.2856	0.0469	0.3137	31.9863	1.0544
27.8452	36.3481	63.6542	1.0000	47.7773	70.8968	73.4274	1.0000	40.0000	0.0445	0.2910	0.1841	33.5646	1.0029
71.5729	86.8246	-80.2921	1.0000	76.2067	88.0476	86.9373	1.0000	7.0000	0.5241	0.1195	0.0340	28.9660	1.4606
47.8471	29.5841	177.2813	1.0000	45.8283	32.6285	92.3242	1.0000	4.0000	0.0834	0.6737	0.0258	67.5405	1.0950
46.2294	74.0063	176.6589	1.0000	47.6632	88.6390	77.1793	1.0000	16.0000	0.0467	0.1136	0.1425	17.2888	1.0882
10.8777	73.5729	-81.3314	1.0000	47.6340	92.4541	71.4134	1.0000	57.0000	0.0473	0.0755	0.2065	20.1990	1.3794
6.9844	72.9673	230.3896	1.0000	21.2412	95.5903	45.0000	1.0000	33.0000	0.5752	0.0441	0.5000	53.5865	1.2341
76.4881	65.1194	98.3747	1.0000	52.1506	90.2465	117.5333	1.0000	36.0000	0.0430	0.0975	0.3059	29.2889	1.0291
2.8689	92.1457	161.5192	1.0000	1.8186	94.7575	86.9440	1.0000	3.0000	0.9636	0.0524	0.0340	48.5620	1.0657
12.3091	52.2039	182.2528	1.0000	41.0333	95.4686	60.0927	1.0000	55.0000	0.1793	0.0453	0.3323	31.5497	1.0591
1.1330	66.4704	126.7712	1.0000	26.1307	95.4299	45.0000	1.0000	39.0000	0.4774	0.0457	0.5000	51.1432	1.0194
20.0058	60.0199	187.7845	1.0000	17.8811	62.8632	89.6665	1.0000	4.0000	0.6424	0.3714	0.0037	49.1007	1.1269
62.2776	49.3442	-60.3145	1.0000	66.4705	52.2842	93.1746	1.0000	7.0000	0.3294	0.4772	0.0353	50.5782	1.3669
61.3403	19.3093	156.6903	1.0000	52.3382	29.7613	118.5918	1.0000	14.0000	0.0468	0.7024	0.3177	75.8712	1.0149
47.9620	98.4255	110.0863	1.0000	47.8283	99.4166	97.6838	1.0000	1.0000	0.0434	0.0058	0.0854	8.0061	1.0000
71.7041	51.7941	197.5782	1.0000	52.1222	67.1512	117.4006	1.0000	27.0000	0.0424	0.3285	0.3045	42.8292	1.0850
67.5640	48.4635	189.3705	1.0000	52.2438	62.9626	118.3707	1.0000	22.0000	0.0449	0.3704	0.3152	46.7087	1.0430
26.5565	24.5730	187.1034	1.0000	24.3936	27.4171	91.1580	1.0000	4.0000	0.5121	0.7258	0.0129	76.9760	1.1195
58.4000	20.0530	1.7169	1.0000	52.1407	36.7452	117.4881	1.0000	20.0000	0.0428	0.6325	0.3054	69.0025	1.1219
86.3282	24.0709	160.6674	1.0000	52.0525	40.9930	117.1355	1.0000	42.0000	0.0410	0.5901	0.3015	64.9798	1.0987
72.2948	30.1409	0.9209	1.0000	52.2201	60.0771	117.9232	1.0000	39.0000	0.0444	0.3992	0.3103	48.7696	1.0820
96.3327	33.6441	-47.6477	1.0000	100.0378	35.4874	74.9905	0.0000	5.0000	1.0008	0.6451	0.1668	83.0117	1.2082
87.2256	18.6430	235.3002	1.0000	52.1610	29.7352	117.5851	1.0000	44.0000	0.0432	0.7026	0.3065	75.5165	1.1964
21.4982	53.5928	82.6783	1.0000	47.5300	94.7234	70.3778	1.0000	49.0000	0.0494	0.0528	0.2180	20.4689	1.0067
77.5619	37.7721	-4.6016	1.0000	79.5574	40.7176	92.6311	1.0000	4.0000	0.5911	0.5928	0.0292	66.2945	1.1243
50.4820	17.2581	187.9434	1.0000	49.4923	17.4015	171.7558	1.0000	1.0000	0.0102	0.8260	0.9084	116.2187	1.0000
91.1439	31.5045	-77.5050	1.0000	52.4787	57.0126	118.3935	1.0000	61.0000	0.0496	0.4299	0.3155	51.5776	1.3169
95.8090	89.7322	92.1804	1.0000	92.1965	95.6033	136.6298	1.0000	7.0000	0.8439	0.0440	0.5181	63.0413	1.0154
5.7903	34.6768	159.3388	1.0000	47.5961	95.5813	70.8555	1.0000	76.0000	0.0481	0.0442	0.2127	19.7944	1.0288
27.3521	59.5241	-87.4911	1.0000	47.7478	72.9584	72.9121	1.0000	38.0000	0.0450	0.2704	0.1899	32.0673	1.5559
48.6233	13.1071	153.8252	1.0000	47.9946	13.8847	128.9554	1.0000	1.0000	0.0401	0.8612	0.4328	94.5378	1.0000
31.9828	64.2809	-25.1954	1.0000	47.5855	85.6817	70.5967	1.0000	28.0000	0.0483	0.1432	0.2156	24.2349	1.0572
48.4235	56.4016	198.1262	1.0000	45.2291	59.2087	92.7833	1.0000	5.0000	0.0954	0.4079	0.0309	41.1636	1.1758
27.1610	3.7608	29.7083	1.0000	47.5653	35.0559	70.8796	1.0000	38.0000	0.0487	0.6494	0.2124	67.7440	1.0171
82.4072	83.0926	253.6041	1.0000	52.1948	90.9372	117.7642	1.0000	41.0000	0.0439	0.0906	0.3085	29.2883	1.3135
62.1145	98.5065	246.8264	1.0000	61.4964	97.7203	231.8264	1.0000	1.0000	0.2299	0.0228	1.5758	142.3098	1.0000
88.1145	41.4386	182.9086	1.0000	52.3686	56.5468	118.4424	1.0000	43.0000	0.0474	0.4345	0.3160	51.9881	1.1080
61.2092	42.8926	53.8699	1.0000	61.6082	44.8349	85.8913	1.0000	2.0000	0.2322	0.5517	0.0457	56.5227	1.0086
75.8139	87.9774	23.1588	1.0000	74.3269	95.0053	128.7735	1.0000	8.0000	0.4865	0.0499	0.4308	46.0449	1.1137
8.9948	35.3810	84.0428	1.0000	47.5463	89.3716	70.6039	1.0000	67.0000	0.0491	0.1063	0.2155	22.2529	1.0099
6.3569	28.6377	66.7369	1.0000	47.5699	84.3951	70.8801	1.0000	70.0000	0.0486	0.1560	0.2124	24.7989	1.0096
85.5599	42.0586	190.4535	1.0000	52.1218	57.4329	117.3989	1.0000	41.0000	0.0424	0.4257	0.3044	50.6672	1.1140
37.5571	34.6587	-36.6447	1.0000	47.5069	46.0404	72.8820	1.0000	17.0000	0.0499	0.5396	0.1902	56.6646	1.1245
93.4804	79.1377	177.8148	1.0000	52.0903	94.8469	117.2663	1.0000	49.0000	0.0418	0.0515	0.3030	27.8276	1.1068
43.4231	14.6014	238.6305	1.0000	39.4345	16.6889	90.3832	1.0000	6.0000	0.2113	0.8331	0.0043	83.9792	1.3328
40.1246	54.4705	64.8099	1.0000	47.5454	71.9181	75.6434	1.0000	19.0000	0.0491	0.2808	0.1595	31.6343	1.0021
72.9144	67.3550	269.8104	1.0000	52.4242	71.6858	118.3248	1.0000	32.0000	0.0485	0.2831	0.3147	40.1231	1.5280
24.6554	79.4350	197.5691	1.0000	32.0173	95.3084	61.7513	1.0000	21.0000	0.3597	0.0469	0.3139	33.8139	1.2002
34.1675	81.2331	55.6796	1.0000	41.7083	95.3447	61.8723	1.0000	16.0000	0.1658	0.0466	0.3125	29.6916	1.0000
79.5908	23.9367	-76.0136	1.0000	52.2543	50.7135	118.2328	1.0000	50.0000	0.0451	0.4929	0.3137	56.8448	1.3066
92.2066	71.1571	-31.7753	1.0000	95.2663	73.9184	91.7446	1.0000	5.0000	0.9053	0.2608	0.0194	52.2717	1.2131
87.2705	30.2622	-23.9856	1.0000	52.0887	57.8443	117.2607	1.0000	54.0000	0.0418	0.4216	0.3029	50.2455	1.2079
93.7071	10.7713	25.1930	1.0000	52.2547	37.2198	118.2277	1.0000	56.0000	0.0451	0.6278	0.3136	68.8712	1.1389
8.2695	55.2667	63.3462	1.0000	40.5270	95.5385	60.2031	1.0000	52.0000	0.1895	0.0446	0.3311	31.5832	1.0078
72.5570	19.4113	197.2155	1.0000	52.0712	34.8693	117.1982	1.0000	28.0000	0.0414	0.6513	0.3022	70.6119	1.0910
14.4184	11.9729	144.6847	1.0000	47.7300	63.7951	72.6150	1.0000	63.0000	0.0454	0.3620	0.1932	40.2267	1.0226
12.9974	15.0008	160.4436	1.0000	11.9942	17.6321	85.9636	1.0000	3.0000	0.7601	0.8237	0.0448	90.8031	1.0653
76.3087	61.4203	233.0501	1.0000	52.4610	72.4163	118.3682	1.0000	32.0000	0.0492	0.2758	0.3152	39.6443	1.2185
68.4708	52.8266	231.2888	1.0000	52.4123	63.9066	118.3126	1.0000	22.0000	0.0482	0.3609	0.3146	45.9364	1.1276
59.0709	71.9490	-41.7499	1.0000	62.7379	75.1263	87.9519	1.0000	6.0000	0.2548	0.2487	0.0228	28.0205	1.2366
4.5749	83.8471	-36.6137	1.0000	38.1620	95.5470	61.0938	1.0000	40.0000	0.2368	0.0445	0.3212	31.5521	1.1247
71.4048	96.7052	131.8805	1.0000	70.6748	97.3886	136.8901	1.0000	1.0000	0.4135	0.0261	0.5210	51.3122	1.0000
90.0799	12.2967	50.4034	1.0000	52.1548	38.4093	117.5540	1.0000	51.0000	0.0431	0.6159	0.3062	67.5076	1.1076
17.6856	12.3391	266.3727	1.0000	13.1088	13.2690	94.2991	1.0000	7.0000	0.7378	0.8673	0.0478	94.3489	1.4988
72.4706	79.4654	100.0347	1.0000	59.3518	95.7193	128.4908	1.0000	21.0000	0.1870	0.0428	0.4277	39.8412	1.0054
4.5555	89.7896	140.0587	1.0000	4.1242	91.6936	90.2201	1.0000	2.0000	0.9175	0.0831	0.0024	46.6223	1.0245
60.9646	21.0232	140.6112	1.0000	52.1355	33.0736	117.4619	1.0000	15.0000	0.0427	0.6693	0.3051	72.3731	1.0041
12.3586	36.4071	-71.6775	1.0000	47.7531	57.8675	73.8251	1.0000	55.0000	0.0449	0.4213	0.1797	45.1866	1.3288
13.2319	59.4290	203.0754	1.0000	37.2925	95.8521	60.4047	1.0000	48.0000	0.2541	0.0415	0.3288	32.4741	1.0996
37.6580	6.0824	79.0192	1.0000	47.7123	36.4418	74.9212	1.0000	32.0000	0.0458	0.6356	0.1675	65.3625	1.0006
89.2931	33.5247	147.8750	1.0000	52.1191	51.2534	117.3870	1.0000	45.0000	0.0424	0.4875	0.3043	55.9533	1.0926
46.8079	78.9043	228.6118	1.0000	42.7322	80.9848	91.7170	1.0000	6.0000	0.1454	0.1902	0.0191	20.4291	1.3112
43.4516	4.3240	219.4676	1.0000	47.6311	30.4426	76.8031	1.0000	30.0000	0.0474	0.6956	0.1466	70.8378	1.1342
38.8210	13.8444	252.7236	1.0000	47.7030	56.7888	75.6037	1.0000	50.0000	0.0459	0.4321	0.1600	45.6041	1.1402
8.0840	83.3894	-49.2736	1.0000	40.1484	95.6744	61.1328	1.0000	41.0000	0.1970	0.0433	0.3207	30.8072	1.1940
24.5444	20.2146	-32.7626	1.0000	47.6286	44.0285	71.6362	1.0000	38.0000	0.0474	0.5597	0.2040	58.9548	1.1458
24.6616	32.3897	249.2171	1.0000	47.7279	77.2098	72.4057	1.0000	58.0000	0.0454	0.2279	0.1955	28.8811	1.1506
93.8233	61.2802	193.3788	1.0000	52.2339	76.0160	118.5017	1.0000	49.0000	0.0447	0.2398	0.3167	37.3171	1.1105
67.3970	42.7433	263.9798	1.0000	52.3672	49.6288	118.3982	1.0000	21.0000	0.0473	0.5037	0.3155	57.8733	1.2703
96.7142	90.5663	186.1059	1.0000	59.0479	95.7503	128.7348	1.0000	40.0000	0.1810	0.0425	0.4304	40.0038	1.0520
49.8677	1.4180	188.2220	1.0000	48.8783	1.5630	171.6623	1.0000	1.0000	0.0224	0.9844	0.9074	127.9056	1.0000
39.3752	30.2744	169.5013	1.0000	47.5531	62.1641	77.0855	1.0000	34.0000	0.0489	0.3784	0.1435	40.0541	1.0328
45.4315	99.6425	154.2417	1.0000	44.7882	100.4081	130.0408	1.0000	1.0000	0.1042	0.0041	0.4449	40.3806	1.0000
41.3193	81.8777	253.3511	1.0000	40.9384	95.2236	71.1381	1.0000	19.0000	0.1812	0.0478	0.2096	21.4639	1.4231
96.5922	54.5110	52.0015	1.0000	52.3457	79.9183	118.5625	1.0000	57.0000	0.0469	0.2008	0.3174	34.9942	1.1172
13.6479	52.5078	126.2169	1.0000	43.3627	95.3525	60.3115	1.0000	53.0000	0.1327	0.0465	0.3299	30.7743	1.0165
59.8628	20.5937	-58.1593	1.0000	52.2206	41.0410	118.1386	1.0000	28.0000	0.0444	0.5896	0.3127	65.3672	1.2827
69.4773	55.0040	161.7613	1.0000	52.2217	71.9621	118.0531	1.0000	25.0000	0.0444	0.2804	0.3117	39.7245	1.0333
22.1447	48.4078	-3.4934	1.0000	47.6099	77.4867	72.7205	1.0000	42.0000	0.0478	0.2251	0.1920	28.4806	1.0866
68.9519	56.8318	150.8787	1.0000	52.1855	76.2727	117.7129	1.0000	26.0000	0.0437	0.2373	0.3079	36.5482	1.0128
17.3658	37.6528	-8.8340	1.0000	47.5867	66.4063	70.7643	1.0000	46.0000	0.0483	0.3359	0.2137	38.7863	1.1027
25.3422	40.8528	-56.9864	1.0000	47.6457	61.8908	74.8822	1.0000	39.0000	0.0471	0.3811	0.1680	41.0658	1.2720
15.0843	37.3139	191.7269	1.0000	12.7861	40.0134	93.1031	1.0000	4.0000	0.7443	0.5999	0.0345	70.6605	1.1283
68.8564	2.7154	35.0063	1.0000	52.1971	29.9344	117.7769	1.0000	33.0000	0.0439	0.7007	0.3086	75.4028	1.0341
64.4008	9.8481	183.2375	1.0000	52.4700	21.0688	118.3725	1.0000	17.0000	0.0494	0.7893	0.3152	83.9120	1.0380
70.5053	62.5373	215.2182	1.0000	52.3284	75.8605	118.6677	1.0000	25.0000	0.0466	0.2414	0.3185	37.5496	1.1093
68.8457	55.7901	43.6710	1.0000	69.2904	57.7085	87.0089	1.0000	2.0000	0.3858	0.4229	0.0332	46.5794	1.0156
57.6500	48.1822	123.9115	1.0000	52.1259	56.4819	117.4261	1.0000	10.0000	0.0425	0.4352	0.3047	51.4833	1.0030
43.4745	29.3127	111.1170	1.0000	43.5372	30.3107	86.4021	1.0000	1.0000	0.1293	0.6969	0.0400	70.0807	1.0000
76.9758	56.7656	219.3177	1.0000	52.4618	69.4914	118.3693	1.0000	32.0000	0.0492	0.3051	0.3152	41.7331	1.1586
51.7680	70.1074	93.0699	1.0000	51.6237	71.0969	98.2954	1.0000	1.0000	0.0325	0.2890	0.0922	30.1137	1.0000
89.8774	91.7943	32.8021	1.0000	89.9934	95.5474	111.5666	1.0000	4.0000	0.7999	0.0445	0.2396	45.6554	1.0653
55.6352	16.5724	256.4721	1.0000	51.6574	14.1374	181.4721	1.0000	5.0000	0.0331	0.8586	1.0164	125.4682	1.0721
19.8270	76.8355	152.7584	1.0000	32.3768	95.6571	60.0195	1.0000	24.0000	0.3525	0.0434	0.3331	35.0467	1.0609
34.6693	23.2831	248.7754	1.0000	47.7641	57.9920	73.0216	1.0000	44.0000	0.0447	0.4201	0.1886	45.3645	1.1861
96.7464	82.2908	210.6919	1.0000	52.2849	95.7590	118.8580	1.0000	52.0000	0.0457	0.0424	0.3206	29.2574	1.1193
51.5983	34.0964	170.9951	1.0000	50.7241	34.5820	150.9473	1.0000	1.0000	0.0145	0.6542	0.6772	89.4126	1.0000
64.8707	81.6018	-21.4513	1.0000	67.8266	84.8105	85.7292	1.0000	5.0000	0.3565	0.1519	0.0475	23.8065	1.1461
61.4836	29.5196	246.2729	1.0000	52.4800	31.1683	118.0714	1.0000	11.0000	0.0496	0.6883	0.3119	74.3772	1.2018
79.7986	91.1568	-84.5892	1.0000	84.3592	92.2074	87.2324	1.0000	7.0000	0.6872	0.0779	0.0308	35.3403	1.4957
74.5975	32.0091	167.3954	1.0000	52.2170	49.1005	118.6226	1.0000	30.0000	0.0443	0.5090	0.3180	58.4374	1.0653
13.6318	4.7090	-20.5961	1.0000	47.7335	34.5264	73.5965	1.0000	51.0000	0.0453	0.6547	0.1823	67.5352	1.1259
51.2745	36.1276	153.2750	1.0000	50.6161	36.8802	131.1782	1.0000	1.0000	0.0123	0.6312	0.4575	75.3666	1.0000
55.8738	68.5451	77.4458	1.0000	55.8312	69.5442	92.4458	1.0000	1.0000	0.1166	0.3046	0.0272	31.1053	1.0000
43.7281	26.0387	151.7137	1.0000	47.7432	44.0830	73.8167	1.0000	19.0000	0.0451	0.5592	0.1798	58.2555	1.0278
39.1073	47.6264	177.9341	1.0000	47.7684	82.1310	73.7014	1.0000	37.0000	0.0446	0.1787	0.1811	24.2884	1.0401
23.5160	46.0876	73.0834	1.0000	47.5080	85.0447	70.3289	1.0000	46.0000	0.0498	0.1496	0.2186	24.8360	1.0054
26.3055	65.9370	237.1779	1.0000	22.2446	67.9996	92.4356	1.0000	6.0000	0.5551	0.3200	0.0271	42.4302	1.3173
73.4253	11.2940	-15.0619	1.0000	52.3704	39.7202	118.4335	1.0000	40.0000	0.0474	0.6028	0.3159	66.6914	1.1308
36.7309	31.4917	217.3394	1.0000	47.6825	73.3563	73.7669	1.0000	47.0000	0.0464	0.2664	0.1804	31.2853	1.0861
65.7978	3.9620	175.2758	1.0000	52.2413	17.8990	118.4026	1.0000	20.0000	0.0448	0.8210	0.3156	86.9040	1.0287
89.6783	57.0080	261.1417	1.0000	52.3926	62.9783	118.3304	1.0000	49.0000	0.0479	0.3702	0.3148	46.6791	1.2976
75.0439	35.4647	132.1947	1.0000	52.3759	55.0370	118.4068	1.0000	31.0000	0.0475	0.4496	0.3156	53.2378	1.0351
93.4712	79.5209	-10.7784	1.0000	95.7243	82.2568	87.9166	1.0000	4.0000	0.9145	0.1774	0.0231	49.0904	1.1286
71.4233	29.6449	181.5762	1.0000	52.0800	46.1203	117.2294	1.0000	27.0000	0.0416	0.5388	0.3025	60.4052	1.0626
31.2983	11.3666	33.0721	1.0000	47.5662	39.9828	70.7779	1.0000	33.0000	0.0487	0.6002	0.2136	63.0673	1.0025
52.2278	84.0344	74.4734	1.0000	52.3204	85.0302	84.6880	1.0000	1.0000	0.0464	0.1497	0.0590	16.0530	1.0000
64.2497	89.4184	139.2042	1.0000	59.1601	95.5854	128.4985	1.0000	8.0000	0.1832	0.0441	0.4278	39.8187	1.0005
84.5210	83.9776	-38.7120	1.0000	76.9845	95.0347	174.2447	1.0000	20.0000	0.5397	0.0497	0.9361	88.6001	1.4946
37.4660	19.3105	226.3276	1.0000	47.6173	62.9332	77.3125	1.0000	49.0000	0.0477	0.3707	0.1410	39.2504	1.0940
42.7887	69.0201	-13.1758	1.0000	47.6498	73.2638	65.7061	1.0000	7.0000	0.0470	0.2674	0.2699	36.2014	1.0848
31.8414	34.7014	166.9628	1.0000	47.7397	69.7301	72.8648	1.0000	40.0000	0.0452	0.3027	0.1904	34.8568	1.0398
11.4633	29.6941	-54.3190	1.0000	47.5521	54.5946	72.1923	1.0000	54.0000	0.0490	0.4541	0.1979	48.8340	1.2316
69.1317	99.7154	-25.7159	1.0000	70.1308	99.6725	-2.4600	1.0000	1.0000	0.4026	0.0033	1.0273	94.6267	1.0000
63.0851	98.7609	210.5592	1.0000	62.1217	98.4927	195.5592	1.0000	1.0000	0.2424	0.0151	1.1729	106.2636	1.0000
65.0997	25.5555	113.1804	1.0000	52.2472	43.3509	118.3255	1.0000	22.0000	0.0449	0.5665	0.3147	63.3760	1.0022
91.9422	86.4405	195.7813	1.0000	56.1171	95.2039	128.4939	1.0000	40.0000	0.1223	0.0480	0.4277	39.2708	1.0846
42.5260	29.9614	-29.7686	1.0000	47.5262	32.0526	59.9866	1.0000	6.0000	0.0495	0.6795	0.3335	74.3221	1.1070
3.2643	44.0757	226.4413	1.0000	-0.1614	45.0260	127.4240	0.0000	4.0000	1.0032	0.5497	0.4158	83.2998	1.1251
48.2734	22.0047	104.5864	1.0000	48.2147	23.0030	93.3641	1.0000	1.0000	0.0357	0.7700	0.0374	77.0911	1.0000
79.5641	0.8459	72.3645	1.0000	52.4364	26.2148	118.3374	1.0000	39.0000	0.0487	0.7379	0.3149	79.0772	1.0500
32.3190	80.4003	250.5950	1.0000	27.8348	82.3027	86.3124	1.0000	7.0000	0.4433	0.1770	0.0410	28.6022	1.4371
67.9860	18.4086	137.7353	1.0000	52.1965	38.9720	117.7735	1.0000	26.0000	0.0439	0.6103	0.3086	67.0866	1.0029
71.4030	7.0257	256.5122	1.0000	52.2871	14.5825	118.9394	1.0000	28.0000	0.0457	0.8542	0.3215	90.2156	1.3622
79.7654	45.4788	238.9852	1.0000	52.4845	55.3307	118.4023	1.0000	36.0000	0.0497	0.4467	0.3156	52.9925	1.2412
55.3161	47.4008	142.9049	1.0000	52.4754	51.4665	119.2342	1.0000	5.0000	0.0495	0.4853	0.3248	56.7122	1.0081
85.3492	73.0100	22.4423	1.0000	55.4218	95.1111	128.4919	1.0000	42.0000	0.1084	0.0489	0.4277	39.1781	1.1289
5.8407	68.7110	-85.6562	1.0000	47.6803	89.0834	73.3415	1.0000	64.0000	0.0464	0.1092	0.1851	20.0514	1.3753
67.1188	97.8136	266.2733	1.0000	66.8140	96.8612	252.2531	1.0000	1.0000	0.3363	0.0314	1.8028	163.1522	1.0000
49.9324	8.5720	78.9552	1.0000	50.0775	9.5614	81.6579	1.0000	1.0000	0.0015	0.9044	0.0927	90.8225	1.0000
18.5493	67.1351	224.0862	1.0000	35.4985	95.7594	60.2736	1.0000	39.0000	0.2900	0.0424	0.3303	33.3456	1.1724
52.5801	39.2858	252.7473	1.0000	52.0465	38.4401	237.7473	1.0000	1.0000	0.0409	0.6156	1.6416	160.0721	1.0000
75.3373	34.8199	237.9857	1.0000	52.1329	45.6451	117.4499	1.0000	32.0000	0.0427	0.5435	0.3050	60.9302	1.2497
8.7844	66.4642	158.7940	1.0000	31.7746	95.7348	58.0637	1.0000	39.0000	0.3645	0.0427	0.3548	37.0174	1.0478
82.5987	46.1162	-5.3956	1.0000	84.6030	49.0439	92.8073	1.0000	4.0000	0.6921	0.5096	0.0312	61.6585	1.1274
19.2866	16.1269	7.5341	1.0000	47.6802	46.7031	72.7445	1.0000	45.0000	0.0464	0.5330	0.1917	56.0686	1.0784
63.7409	95.7320	42.6590	1.0000	64.1285	96.6538	67.1927	1.0000	1.0000	0.2826	0.0335	0.2534	27.0367	1.0000
33.7679	91.8374	48.6794	1.0000	35.7616	95.3050	60.2957	1.0000	4.0000	0.2848	0.0469	0.3300	33.2734	1.0000
12.5521	44.7081	78.3653	1.0000	47.7008	95.0758	72.1218	1.0000	62.0000	0.0460	0.0492	0.1986	18.6859	1.0095
4.7175	71.4895	88.2250	1.0000	25.8298	95.1964	45.0000	1.0000	32.0000	0.4834	0.0480	0.5000	51.3057	1.0080
7.2877	41.0727	157.4037	1.0000	45.2145	95.1828	60.1916	1.0000	68.0000	0.0957	0.0482	0.3312	30.5720	1.0291
38.5483	23.6298	26.0649	1.0000	47.6855	41.2780	75.5231	1.0000	20.0000	0.0463	0.5872	0.1609	60.5245	1.0064
32.1075	23.8168	-8.2780	1.0000	47.6473	47.2607	71.4568	1.0000	29.0000	0.0471	0.5274	0.2060	55.9537	1.0311
65.3230	51.3584	268.5403	1.0000	52.3095	55.7171	117.8683	1.0000	18.0000	0.0462	0.4428	0.3096	52.3732	1.3116
55.0815	16.1190	113.3440	1.0000	52.1205	21.3361	118.1128	1.0000	6.0000	0.0424	0.7866	0.3124	83.5634	1.0002
87.8691	72.5784	23.8061	1.0000	54.4231	95.6915	128.4908	1.0000	46.0000	0.0885	0.0431	0.4277	38.9829	1.1315
38.7876	46.4036	-7.3889	1.0000	47.6786	60.0283	74.7631	1.0000	17.0000	0.0464	0.3997	0.1693	42.8403	1.0449
81.6689	59.5700	-51.3005	1.0000	52.3551	86.5792	118.5118	1.0000	50.0000	0.0471	0.1342	0.3168	31.6005	1.2544
55.2039	68.0406	115.8904	1.0000	52.1961	73.2309	118.3123	1.0000	6.0000	0.0439	0.2677	0.3146	39.0255	1.0002
75.1670	80.2292	171.7162	1.0000	52.9114	95.6359	119.0461	1.0000	29.0000	0.0582	0.0436	0.3227	29.5161	1.0714
83.0546	32.5201	-34.6109	1.0000	86.2452	35.1255	88.9302	1.0000	5.0000	0.7249	0.6487	0.0119	74.3207	1.2138
51.7040	41.5717	-53.7854	1.0000	52.4975	40.9631	-37.4928	1.0000	1.0000	0.0499	0.5904	1.4166	140.5205	1.0000
19.9703	99.9235	168.9451	1.0000	19.1571	100.5055	144.4089	1.0000	1.0000	0.6169	0.0051	0.6045	62.5449	1.0000
97.8072	45.7595	69.7227	1.0000	52.1010	71.2113	117.3078	1.0000	58.0000	0.0420	0.2879	0.3034	39.7357	1.1087
67.8512	47.1330	-67.0172	1.0000	52.0639	76.4924	117.1736	1.0000	41.0000	0.0413	0.2351	0.3019	35.9899	1.2299
72.6176	89.0990	19.4732	1.0000	73.7211	91.7041	90.9004	1.0000	3.0000	0.4744	0.0830	0.0100	25.1460	1.0604
30.9963	17.9666	196.5545	1.0000	47.7397	56.3137	72.5376	1.0000	45.0000	0.0452	0.4369	0.1940	47.1014	1.0754
56.3622	97.2865	-51.7884	1.0000	57.2524	96.8307	-27.1115	1.0000	1.0000	0.1450	0.0317	1.3012	117.3786	1.0000
19.3044	15.6643	-70.6235	1.0000	47.7553	35.0377	74.1227	1.0000	47.0000	0.0449	0.6496	0.1764	66.9121	1.3655
72.5139	25.0609	0.9531	1.0000	52.2361	54.8040	118.4721	1.0000	39.0000	0.0447	0.4520	0.3164	53.4634	1.0834
53.1521	61.1090	112.5144	1.0000	52.4112	62.9666	111.2811	1.0000	2.0000	0.0482	0.3703	0.2365	42.7805	1.0000
23.9882	69.0567	-72.6479	1.0000	47.6290	87.3343	74.7908	1.0000	42.0000	0.0474	0.1267	0.1690	19.9339	1.4055
77.9279	85.5234	21.9584	1.0000	73.4068	95.0534	148.5196	1.0000	12.0000	0.4681	0.0495	0.6502	63.2209	1.1377
38.4879	87.2172	205.0054	1.0000	37.2771	95.0550	71.8398	1.0000	10.0000	0.2545	0.0495	0.2018	22.7183	1.2609
45.2327	58.5526	222.5332	1.0000	47.7623	80.6509	73.6462	1.0000	26.0000	0.0448	0.1935	0.1817	25.4331	1.1689
74.7853	26.7217	75.7134	1.0000	52.2194	53.9174	118.2313	1.0000	36.0000	0.0444	0.4608	0.3137	54.0882	1.0187
68.4122	19.2296	129.2287	1.0000	52.2016	40.7563	117.8039	1.0000	27.0000	0.0440	0.5924	0.3089	65.4807	1.0019
18.6630	77.0929	11.5982	1.0000	40.8952	95.2217	60.4876	1.0000	31.0000	0.1821	0.0478	0.3279	31.2524	1.0806
20.7408	48.3463	-62.2456	1.0000	47.6538	69.5990	74.5850	1.0000	45.0000	0.0469	0.3040	0.1713	34.1665	1.3122
91.1825	81.5716	44.9985	1.0000	91.4578	83.5041	94.4593	1.0000	2.0000	0.8292	0.1650	0.0495	44.8414	1.0246
56.4194	31.4441	254.3503	1.0000	52.3542	29.1585	179.3277	1.0000	5.0000	0.0471	0.7084	0.9925	114.0329	1.0721
31.5376	4.5942	266.5802	1.0000	47.6888	42.4762	72.0682	1.0000	50.0000	0.0462	0.5752	0.1992	60.2982	1.2141
94.0709	21.7738	136.0260	1.0000	52.2219	40.5587	118.0363	1.0000	50.0000	0.0444	0.5944	0.3115	65.7589	1.0900
3.6375	78.0820	-64.0790	1.0000	44.4118	95.7108	60.2011	1.0000	55.0000	0.1118	0.0429	0.3311	30.6203	1.2381
80.7107	50.1320	-28.9166	1.0000	83.6644	53.0209	93.6539	1.0000	5.0000	0.6733	0.4698	0.0406	57.9110	1.2102
60.3637	38.7121	-86.1979	1.0000	65.1025	40.6331	90.7736	1.0000	8.0000	0.3021	0.5937	0.0086	61.2626	1.5645
86.0027	55.2274	187.3482	1.0000	52.2986	70.2971	118.8821	1.0000	41.0000	0.0460	0.2970	0.3209	41.4936	1.1105
10.2587	62.8428	-49.7450	1.0000	47.7384	88.8310	73.2839	1.0000	55.0000	0.0452	0.1117	0.1857	20.2309	1.2059
32.4707	51.1727	124.5811	1.0000	47.6323	94.3914	74.4699	1.0000	46.0000	0.0474	0.0561	0.1726	16.6808	1.0043
15.4361	13.3684	-48.2326	1.0000	47.6927	37.8481	72.1931	1.0000	49.0000	0.0461	0.6215	0.1979	64.6937	1.2101
47.9205	35.3074	263.1221	1.0000	47.5127	34.3943	245.9323	1.0000	1.0000	0.0497	0.6561	1.7326	169.1898	1.0000
40.6956	92.7845	180.1954	1.0000	38.9544	95.8820	82.3529	1.0000	4.0000	0.2209	0.0412	0.0850	14.0514	1.1257
73.0165	50.7994	41.7022	1.0000	73.4434	52.7091	89.3162	1.0000	2.0000	0.4689	0.4729	0.0076	52.7872	1.0220
56.4042	10.3824	-7.6052	1.0000	52.3802	24.4195	118.4429	1.0000	17.0000	0.0476	0.7558	0.3160	80.7904	1.1642
34.6207	46.3273	229.7803	1.0000	30.7542	48.8832	88.1882	1.0000	6.0000	0.3849	0.5112	0.0201	54.6499	1.2945
79.4629	44.9696	-26.6733	1.0000	52.4221	72.6411	118.3235	1.0000	46.0000	0.0484	0.2736	0.3147	39.4537	1.1889
53.0680	31.1919	80.4733	1.0000	53.0764	32.1918	89.5186	1.0000	1.0000	0.0615	0.6781	0.0053	67.8796	1.0000
90.6162	78.9745	187.2279	1.0000	52.1418	94.2213	117.4915	1.0000	46.0000	0.0428	0.0578	0.3055	28.1738	1.1115
33.4062	49.3899	-71.4636	1.0000	47.5301	62.9104	70.6920	1.0000	24.0000	0.0494	0.3709	0.2145	41.8872	1.2275
28.3712	2.2307	130.9494	1.0000	47.5230	39.1190	70.6378	1.0000	42.0000	0.0495	0.6088	0.2151	63.9338	1.0105
50.9490	21.8675	37.6692	1.0000	51.5459	22.6699	53.3539	1.0000	1.0000	0.0309	0.7733	0.4072	85.5878	1.0000
42.7621	28.4060	-46.5274	1.0000	48.1500	28.9697	43.4726	1.0000	6.0000	0.0370	0.7103	0.5170	84.9325	1.1076
85.9247	95.7468	205.4888	1.0000	84.9879	95.3970	200.4774	1.0000	1.0000	0.6998	0.0460	1.2275	115.9767	1.0000
63.3570	49.1627	-70.1555	1.0000	67.9245	51.3168	86.1774	1.0000	7.0000	0.3585	0.4868	0.0425	52.0188	1.3862
4.5682	97.7619	193.8693	1.0000	3.5846	97.9424	169.5992	1.0000	1.0000	0.9283	0.0206	0.8844	92.1665	1.0000
73.9865	31.2714	115.9877	1.0000	52.2221	55.4709	118.0279	1.0000	33.0000	0.0444	0.4453	0.3114	52.6626	1.0139
14.4922	82.9628	-28.7860	1.0000	39.4829	95.4159	60.4153	1.0000	32.0000	0.2103	0.0458	0.3287	31.7314	1.1461
50.8544	69.5300	-20.4724	1.0000	51.8510	69.4466	-4.7836	1.0000	1.0000	0.0370	0.3055	1.0532	99.6035	1.0000
67.0254	68.3270	166.5686	1.0000	52.2912	84.0021	118.9391	1.0000	22.0000	0.0458	0.1600	0.3215	33.1460	1.0226
87.3169	96.5559	268.8836	1.0000	87.2102	95.5616	263.8706	1.0000	1.0000	0.7442	0.0444	1.9319	177.8631	1.0000
67.8360	21.9041	40.0363	1.0000	52.1570	47.5349	117.5648	1.0000	31.0000	0.0431	0.5247	0.3063	59.3048	1.0317
0.6729	34.3460	-18.9979	1.0000	47.7821	67.0860	73.3020	1.0000	64.0000	0.0444	0.3291	0.1855	36.9740	1.1156
49.9885	14.9483	232.5044	1.0000	49.1951	14.3396	217.4965	1.0000	1.0000	0.0161	0.8566	1.4166	153.6024	1.0000
46.4640	44.3814	73.6093	1.0000	47.6972	49.2253	76.6912	1.0000	5.0000	0.0461	0.5077	0.1479	52.5404	1.0003
56.5963	72.1489	17.2032	1.0000	52.2398	85.1728	118.2444	1.0000	15.0000	0.0448	0.1483	0.3138	31.9783	1.0922
63.4802	79.9006	210.9671	1.0000	52.2064	87.8654	118.1674	1.0000	15.0000	0.0441	0.1213	0.3130	30.7493	1.0867
19.1859	7.6225	217.1456	1.0000	15.8736	10.0757	93.9652	1.0000	5.0000	0.6825	0.8992	0.0441	96.2638	1.2131
77.7839	84.4052	167.9112	1.0000	56.0046	95.1226	128.4936	1.0000	26.0000	0.1201	0.0488	0.4277	39.2633	1.0711
22.2356	10.3840	68.9904	1.0000	47.7153	50.6925	72.4082	1.0000	48.0000	0.0457	0.4931	0.1955	52.4015	1.0066
97.1784	59.3374	176.3258	1.0000	52.4070	74.3550	118.3118	1.0000	52.0000	0.0481	0.2564	0.3146	38.2755	1.1012
5.1419	53.6456	-60.4196	1.0000	47.6932	78.7846	72.8608	1.0000	61.0000	0.0461	0.2122	0.1904	27.3709	1.2343
47.7068	12.6603	55.5696	1.0000	48.1586	13.5524	63.1421	1.0000	1.0000	0.0368	0.8645	0.2984	90.5424	1.0000
58.1630	27.9546	-76.0547	1.0000	52.0600	46.4205	117.1607	1.0000	27.0000	0.0412	0.5358	0.3018	60.1059	1.3883
93.4629	54.6081	100.3489	1.0000	52.2166	78.3392	118.4720	1.0000	52.0000	0.0443	0.2166	0.3164	35.8435	1.0928
35.6054	86.1059	166.0570	1.0000	34.3084	88.6146	93.1563	1.0000	3.0000	0.3138	0.1139	0.0351	19.6422	1.0623
33.3349	43.7681	60.0632	1.0000	47.6652	70.0830	72.3213	1.0000	30.0000	0.0467	0.2992	0.1964	34.8283	1.0012
46.1733	2.1155	-27.6671	1.0000	48.1481	1.9369	2.3329	1.0000	2.0000	0.0370	0.9806	0.9741	131.5497	1.0086
31.2406	91.8799	249.4992	1.0000	27.5196	95.7347	66.8880	1.0000	9.0000	0.4496	0.0427	0.2568	32.5227	1.6798
90.1716	1.2024	31.7546	1.0000	52.3512	27.6872	118.5323	1.0000	52.0000	0.0470	0.7231	0.3170	77.7738	1.1262
76.0406	17.1135	252.6323	1.0000	52.2040	25.0781	117.8192	1.0000	34.0000	0.0441	0.7492	0.3091	79.9503	1.3529
13.2275	82.4594	101.4912	1.0000	23.5977	95.5952	45.0118	1.0000	17.0000	0.5280	0.0440	0.4999	52.3490	1.0158
31.6753	29.3934	229.9271	1.0000	27.7463	31.8384	89.1355	1.0000	6.0000	0.4451	0.6816	0.0096	71.7076	1.2966
62.3933	34.1121	170.2212	1.0000	52.2103	44.4986	117.8550	1.0000	15.0000	0.0442	0.5550	0.3095	62.1385	1.0312
16.0273	55.8528	-68.0139	1.0000	47.7417	77.5170	74.5528	1.0000	51.0000	0.0452	0.2248	0.1716	27.3715	1.3279
50.4438	82.0884	216.5042	1.0000	49.5134	81.7219	201.5042	1.0000	1.0000	0.0097	0.1828	1.2389	112.9934	1.0000
42.1281	84.3174	19.1825	1.0000	47.5581	93.7015	71.7209	1.0000	11.0000	0.0488	0.0630	0.2031	19.4874	1.0146
86.9232	18.5420	224.3747	1.0000	52.1581	31.1967	117.5706	1.0000	43.0000	0.0432	0.6880	0.3063	74.1532	1.1623
27.0794	36.5212	61.3911	1.0000	47.5095	70.7588	70.3434	1.0000	40.0000	0.0498	0.2924	0.2184	35.3219	1.0033
94.6112	69.8293	119.1569	1.0000	52.1063	91.4768	117.3308	1.0000	52.0000	0.0421	0.0852	0.3037	28.7064	1.0902
91.6023	93.7077	25.9324	1.0000	92.4929	95.4507	74.7853	1.0000	2.0000	0.8499	0.0455	0.1691	45.3633	1.0218
86.3031	61.0822	-32.5807	1.0000	89.3979	63.8028	91.0171	1.0000	5.0000	0.7880	0.3620	0.0113	53.5114	1.2134
77.4369	37.8733	179.6977	1.0000	52.0792	54.1734	117.2263	1.0000	33.0000	0.0416	0.4583	0.3025	53.3449	1.0947
6.9211	5.4468	244.5119	1.0000	47.5345	67.5338	70.2566	1.0000	82.0000	0.0493	0.3247	0.2194	38.0781	1.1053
68.5773	15.5864	195.1802	1.0000	52.3452	30.3290	118.5649	1.0000	23.0000	0.0469	0.6967	0.3174	75.3359	1.0489
48.9989	79.4805	238.6368	1.0000	48.2667	78.7994	222.9253	1.0000	1.0000	0.0347	0.2120	1.4769	134.6166	1.0000
71.3069	52.8976	85.1988	1.0000	52.2190	79.6191	118.2617	1.0000	33.0000	0.0444	0.2038	0.3140	34.9146	1.0049
96.6370	83.4390	257.6334	1.0000	52.1270	90.3306	117.4227	1.0000	56.0000	0.0425	0.0967	0.3047	29.1552	1.2433
2.2897	78.2595	113.0688	1.0000	2.3266	79.2588	87.8881	1.0000	1.0000	0.9535	0.2074	0.0235	52.0328	1.0000
22.8072	65.1624	237.6298	1.0000	18.7980	67.2563	90.9788	1.0000	6.0000	0.6240	0.3274	0.0109	45.2402	1.3265
43.0762	24.3692	-9.4574	1.0000	47.7826	28.8584	66.8080	1.0000	7.0000	0.0443	0.7114	0.2577	74.8593	1.0763
45.2811	18.8584	3.9375	1.0000	47.7135	20.4953	48.9375	1.0000	3.0000	0.0457	0.7950	0.4562	89.5118	1.0232
8.4170	70.1785	5.1487	1.0000	43.5194	95.1385	60.9890	1.0000	47.0000	0.1296	0.0486	0.3223	30.1209	1.0912
15.2581	74.4227	-61.7998	1.0000	47.0717	95.4404	67.6785	1.0000	49.0000	0.0586	0.0456	0.2480	22.9699	1.2851
52.7263	37.6903	156.9378	1.0000	51.9767	38.3523	138.5509	1.0000	1.0000	0.0395	0.6165	0.5395	78.4955	1.0000
74.4581	92.2238	164.6960	1.0000	63.0363	95.2686	145.3799	1.0000	12.0000	0.2607	0.0473	0.6153	57.0900	1.0152
54.5049	87.3278	188.1863	1.0000	51.8248	88.4650	139.3310	1.0000	3.0000	0.0365	0.1154	0.5481	50.6945	1.0304
93.2782	41.5822	26.3606	1.0000	52.0515	68.5077	117.1324	1.0000	56.0000	0.0410	0.3149	0.3015	41.6190	1.1373
41.3454	11.7690	-29.9997	1.0000	47.6210	16.5571	67.8487	1.0000	9.0000	0.0476	0.8344	0.2461	86.3659	1.1402
2.2434	34.1813	69.6705	1.0000	47.5670	94.2762	70.7521	1.0000	76.0000	0.0487	0.0572	0.2139	20.2278	1.0097
24.2203	62.7116	212.3368	1.0000	21.0574	65.3881	90.9590	1.0000	5.0000	0.5789	0.3461	0.0107	45.1285	1.2067
66.5208	30.2221	252.7968	1.0000	52.4844	37.0562	118.3261	1.0000	19.0000	0.0497	0.6294	0.3147	69.0685	1.2170
60.1226	10.3978	203.2734	1.0000	52.2235	15.1380	116.8664	1.0000	10.0000	0.0445	0.8486	0.2985	89.0411	1.0855
35.2142	7.4690	166.2332	1.0000	33.8990	9.9702	93.6730	1.0000	3.0000	0.3220	0.9003	0.0408	91.5320	1.0616
55.5789	88.8328	6.3256	1.0000	57.3806	92.1112	86.7135	1.0000	4.0000	0.1476	0.0789	0.0365	11.2919	1.0693
21.7587	78.3223	269.2851	1.0000	30.9857	95.6570	49.1902	1.0000	29.0000	0.3803	0.0434	0.4534	45.2311	1.4768
49.5289	69.1522	191.1051	1.0000	48.5323	69.2348	175.2620	1.0000	1.0000	0.0294	0.3077	0.9474	90.6547	1.0000
78.5747	19.1085	83.9997	1.0000	52.2684	44.3102	118.3212	1.0000	38.0000	0.0454	0.5569	0.3147	62.5187	1.0431
22.3214	77.9617	103.3539	1.0000	34.6883	95.8131	59.7478	1.0000	22.0000	0.3062	0.0419	0.3361	34.1639	1.0130
35.1389	15.3424	176.5641	1.0000	47.6744	60.1817	76.7931	1.0000	48.0000	0.0465	0.3982	0.1467	42.0158	1.0310
45.4812	68.1843	-3.3685	1.0000	48.1020	69.4985	41.6315	1.0000	3.0000	0.0380	0.3050	0.5374	57.2141	1.0232
13.3193	1.7181	170.2739	1.0000	47.7378	56.3004	73.0039	1.0000	67.0000	0.0452	0.4370	0.1888	46.9430	1.0383
5.4616	66.9709	110.9732	1.0000	5.5349	67.9682	85.7927	1.0000	1.0000	0.8893	0.3203	0.0467	54.9625	1.0000
38.9690	6.6631	-21.2152	1.0000	47.7374	18.5378	76.1469	1.0000	16.0000	0.0453	0.8146	0.1539	82.6627	1.0839
17.6532	8.2361	42.7703	1.0000	47.5164	50.0743	70.1962	1.0000	52.0000	0.0497	0.4993	0.2200	53.7674	1.0116
47.1605	53.3481	187.6049	1.0000	47.5462	66.4690	76.6376	1.0000	15.0000	0.0491	0.3353	0.1485	36.1788	1.1427
9.7363	23.1823	149.3026	1.0000	47.6432	80.0091	72.1744	1.0000	70.0000	0.0471	0.1999	0.1981	26.8876	1.0247
35.2394	12.8548	-84.4069	1.0000	47.5517	22.4226	72.3003	1.0000	21.0000	0.0490	0.7758	0.1967	79.6086	1.3468
37.9766	39.6340	-66.7000	1.0000	47.7268	47.0634	75.7973	1.0000	16.0000	0.0455	0.5294	0.1578	54.8558	1.3052
33.3815	8.2532	178.7068	1.0000	47.5656	51.2335	77.9336	1.0000	47.0000	0.0487	0.4877	0.1341	50.2961	1.0384
76.7587	83.9642	169.1177	1.0000	55.4006	95.5691	128.4917	1.0000	26.0000	0.1080	0.0443	0.4277	39.1205	1.0696
28.4477	33.6266	-8.4833	1.0000	47.5753	60.4280	73.2373	1.0000	35.0000	0.0485	0.3957	0.1863	43.0443	1.0630
31.8985	90.9462	209.1993	1.0000	28.7198	93.6963	92.1887	1.0000	5.0000	0.4256	0.0630	0.0243	22.3019	1.1896
26.7211	83.9983	83.5761	1.0000	34.0507	95.8265	60.7103	1.0000	14.0000	0.3190	0.0417	0.3254	33.6108	1.0061
38.6028	63.5047	25.0450	1.0000	47.7148	81.1492	76.1230	1.0000	20.0000	0.0457	0.1885	0.1542	23.5191	1.0071
68.4397	33.4333	167.2281	1.0000	52.1974	50.1881	117.7787	1.0000	24.0000	0.0439	0.4981	0.3087	57.0764	1.0285
26.5831	83.2808	10.9704	1.0000	38.4564	95.2096	61.1473	1.0000	18.0000	0.2309	0.0479	0.3206	31.4433	1.0695
57.0566	12.3080	-27.6665	1.0000	52.4101	27.9495	118.3194	1.0000	20.0000	0.0482	0.7205	0.3147	77.4537	1.2257
4.1847	12.9545	-89.5509	1.0000	47.6437	32.4265	72.5739	1.0000	66.0000	0.0471	0.6757	0.1936	69.8241	1.3859
26.4931	53.6569	66.0058	1.0000	47.7825	89.6692	73.3514	1.0000	42.0000	0.0444	0.1033	0.1850	19.7185	1.0040
18.0605	0.8275	85.3180	1.0000	47.7609	46.5456	73.2665	1.0000	55.0000	0.0448	0.5345	0.1859	56.0571	1.0088
84.1872	86.7054	102.4976	1.0000	66.5726	95.2662	162.9171	1.0000	21.0000	0.3315	0.0473	0.8102	74.9264	1.0723
46.5637	2.3163	21.3732	1.0000	47.9931	3.6905	51.3732	1.0000	2.0000	0.0401	0.9631	0.4292	103.7862	1.0086
83.8021	88.1294	141.1410	1.0000	60.7186	95.0273	130.0150	1.0000	25.0000	0.2144	0.0497	0.4446	41.7231	1.0377
86.4297	65.0522	254.0593	1.0000	52.2320	72.7177	118.5270	1.0000	45.0000	0.0446	0.2728	0.3170	39.5360	1.2840
65.7554	95.8599	-0.8559	1.0000	66.6765	96.2491	22.9039	1.0000	1.0000	0.3335	0.0375	0.7455	69.2392	1.0000
12.1660	30.7703	137.6445	1.0000	11.8101	32.6895	87.9216	1.0000	2.0000	0.7638	0.6731	0.0231	77.4176	1.0246
80.2192	92.2665	-89.3742	1.0000	83.8792	95.7298	116.4317	1.0000	10.0000	0.6776	0.0427	0.2937	43.1818	1.9846
75.6009	83.3553	-6.9287	1.0000	77.7264	86.2164	89.8630	1.0000	4.0000	0.5545	0.1378	0.0015	30.9638	1.1223
71.1476	47.9540	64.9783	1.0000	71.1735	48.9536	88.5116	1.0000	1.0000	0.4235	0.5105	0.0165	55.2835	1.0000
19.9880	75.8750	7.3516	1.0000	41.8846	95.5109	61.4642	1.0000	32.0000	0.1623	0.0449	0.3171	30.0051	1.0880
90.1933	92.9455	-41.4011	1.0000	93.6573	95.1810	82.1960	1.0000	5.0000	0.8731	0.0482	0.0867	44.6103	1.2128
87.5664	29.2131	83.3448	1.0000	52.2121	54.3251	117.8704	1.0000	47.0000	0.0442	0.4567	0.3097	53.5522	1.0838
7.2625	94.2321	138.9674	1.0000	6.8509	95.1435	114.2999	1.0000	1.0000	0.8630	0.0486	0.2700	49.7586	1.0000
31.6434	28.5985	23.5506	1.0000	47.6880	57.2208	73.5978	1.0000	33.0000	0.0462	0.4278	0.1822	45.8742	1.0057
4.2040	28.4593	183.7797	1.0000	2.2799	31.4396	85.5541	1.0000	4.0000	0.9544	0.6856	0.0494	83.6511	1.1276
29.3088	57.0266	83.5025	1.0000	47.5415	90.3114	70.4742	1.0000	38.0000	0.0492	0.0969	0.2170	21.9356	1.0013
58.4834	29.9800	10.1458	1.0000	60.0772	33.3766	89.7784	1.0000	4.0000	0.2015	0.6662	0.0025	67.3816	1.0661
8.2313	78.3004	-69.1881	1.0000	45.5537	95.6775	60.1258	1.0000	53.0000	0.0889	0.0432	0.3319	30.5110	1.2874
37.1645	5.7864	-57.6490	1.0000	47.6711	14.9706	72.3761	1.0000	17.0000	0.0466	0.8503	0.1958	86.8679	1.2182
60.3939	32.9746	147.7951	1.0000	52.4292	43.1280	118.3262	1.0000	13.0000	0.0486	0.5687	0.3147	63.5822	1.0074
84.5113	39.9718	67.7547	1.0000	84.4637	40.9706	92.7278	1.0000	1.0000	0.6893	0.5903	0.0303	68.4080	1.0000
1.1906	88.9648	217.7917	1.0000	-0.7648	88.9455	168.4608	0.0000	2.0000	1.0153	0.1105	0.8718	94.1030	1.0227
51.4861	64.0714	238.1397	1.0000	50.7564	63.3876	223.1397	1.0000	1.0000	0.0151	0.3661	1.4793	138.0841	1.0000
58.1996	99.6482	83.3053	1.0000	58.0551	100.6377	98.3053	1.0000	1.0000	0.1611	0.0064	0.0923	11.5875	1.0000
34.5437	14.1834	131.1771	1.0000	47.5301	58.1057	73.7790	1.0000	46.0000	0.0494	0.4189	0.1802	44.9928	1.0043
11.0137	77.3571	244.2673	1.0000	20.8567	95.6949	45.0006	1.0000	28.0000	0.5829	0.0431	0.5000	53.7849	1.3453
16.2472	77.6805	208.2591	1.0000	25.4539	95.0174	45.0023	1.0000	24.0000	0.4909	0.0498	0.5000	51.4988	1.2226
65.2250	10.0827	166.6429	1.0000	52.0869	24.5778	117.2536	1.0000	20.0000	0.0417	0.7542	0.3028	80.2223	1.0223
58.7568	60.6384	208.6742	1.0000	52.1777	63.7533	117.4976	1.0000	8.0000	0.0436	0.3625	0.3055	45.5487	1.0990
82.6393	29.9726	66.9907	1.0000	82.6075	30.9721	91.8215	1.0000	1.0000	0.6522	0.6903	0.0202	76.3637	1.0000
37.6700	24.6522	152.5847	1.0000	47.5864	59.6866	76.8163	1.0000	37.0000	0.0483	0.4031	0.1465	42.4830	1.0162
44.6476	44.0229	185.9705	1.0000	42.6056	46.9274	87.9871	1.0000	4.0000	0.1479	0.5307	0.0224	53.6231	1.1266
10.1126	68.8931	61.0216	1.0000	33.9986	95.6126	60.4394	1.0000	36.0000	0.3200	0.0439	0.3285	33.8987	1.0045
84.3004	70.3182	-41.9166	1.0000	53.2850	95.6264	119.8030	1.0000	50.0000	0.0657	0.0437	0.3311	30.3008	1.2490
73.1483	38.8463	224.2183	1.0000	52.4939	50.9971	118.4169	1.0000	28.0000	0.0499	0.4900	0.3157	56.7012	1.1684
65.7149	57.4717	203.4569	1.0000	52.1462	69.0849	117.5078	1.0000	19.0000	0.0429	0.3092	0.3056	41.4370	1.0638
4.2453	58.2307	33.2369	1.0000	42.6994	95.5506	60.1030	1.0000	55.0000	0.1460	0.0445	0.3322	31.0954	1.0264
85.1084	29.1714	6.4767	1.0000	52.2801	56.5502	118.6957	1.0000	49.0000	0.0456	0.4345	0.3188	52.1203	1.1463
54.0924	88.1799	248.6729	1.0000	51.8034	86.3478	203.6729	1.0000	3.0000	0.0361	0.1365	1.2630	114.5040	1.0232
15.8814	26.3133	97.9850	1.0000	47.6644	74.1365	71.7017	1.0000	58.0000	0.0467	0.2586	0.2033	31.7680	1.0101
84.0451	93.1305	60.5987	1.0000	83.9184	95.1059	101.9022	1.0000	2.0000	0.6784	0.0489	0.1322	36.2777	1.0104
58.5009	40.9509	189.3995	1.0000	52.2528	45.1058	117.2333	1.0000	8.0000	0.0451	0.5489	0.3026	61.3196	1.0662
43.7121	57.4069	108.4832	1.0000	47.6700	71.8540	76.7819	1.0000	15.0000	0.0466	0.2815	0.1469	31.1825	1.0014
33.8825	89.8688	49.6360	1.0000	36.8684	95.0730	60.0969	1.0000	6.0000	0.2626	0.0493	0.3323	33.0290	1.0000
44.0951	70.1357	180.9056	1.0000	47.5006	90.4302	74.9493	1.0000	22.0000	0.0500	0.0957	0.1672	18.0097	1.0691
84.8068	94.7851	150.8718	1.0000	83.8941	95.1937	155.8814	1.0000	1.0000	0.6779	0.0481	0.7320	74.2447	1.0000
5.8805	47.5323	79.9436	1.0000	42.9129	95.3382	60.3485	1.0000	61.0000	0.1417	0.0466	0.3295	30.8411	1.0087
72.4265	25.5469	-77.2812	1.0000	76.9676	27.0370	90.5795	1.0000	7.0000	0.5394	0.7296	0.0064	77.7894	1.4646
14.6914	47.5007	-36.2922	1.0000	47.5487	73.8547	70.7464	1.0000	49.0000	0.0490	0.2615	0.2139	32.5620	1.1633
93.9556	88.0041	49.6450	1.0000	90.0728	95.5514	140.7134	1.0000	9.0000	0.8015	0.0445	0.5635	64.7879	1.0604
63.8295	23.7901	88.8678	1.0000	52.2814	41.1646	118.7390	1.0000	21.0000	0.0456	0.5884	0.3193	65.5190	1.0066
11.6549	3.7719	125.8918	1.0000	47.5892	56.7427	70.6431	1.0000	65.0000	0.0482	0.4326	0.2151	47.4520	1.0155
76.8977	25.9072	-85.9669	1.0000	52.2172	52.2688	118.7039	1.0000	48.0000	0.0443	0.4773	0.3189	55.7413	1.3292
51.0298	25.0895	89.7530	1.0000	50.9582	26.0870	94.1089	1.0000	1.0000	0.0192	0.7391	0.0457	74.0334	1.0000
94.4681	68.1756	169.9671	1.0000	52.0892	84.2153	117.2624	1.0000	50.0000	0.0418	0.1578	0.3029	31.5716	1.1034
89.4619	62.2979	236.5521	1.0000	52.2876	72.7851	118.9490	1.0000	46.0000	0.0458	0.2721	0.3217	39.7986	1.1909
4.9530	9.0153	224.6499	1.0000	47.7308	73.8718	72.9654	1.0000	84.0000	0.0454	0.2613	0.1893	31.2731	1.0812
47.0635	65.0440	-88.2731	1.0000	47.8772	63.2358	-58.2731	1.0000	2.0000	0.0425	0.3676	1.6475	152.7777	1.0086
72.8110	68.8586	183.5843	1.0000	52.2187	84.7431	118.2868	1.0000	28.0000	0.0444	0.1526	0.3143	32.2155	1.0766
58.6501	0.3030	22.9025	1.0000	52.1739	15.7447	117.6545	1.0000	18.0000	0.0435	0.8426	0.3073	88.7043	1.0750
25.6984	13.1733	168.3560	1.0000	47.6295	54.9149	71.4836	1.0000	49.0000	0.0474	0.4509	0.2057	48.7970	1.0392
60.2712	65.1508	159.9749	1.0000	52.3401	73.8056	118.4912	1.0000	12.0000	0.0468	0.2619	0.3166	38.7733	1.0222
0.1863	27.4114	86.0898	1.0000	47.6471	90.7587	71.9242	1.0000	80.0000	0.0471	0.0924	0.2008	20.4371	1.0107
46.9714	32.9912	68.5845	1.0000	47.5576	34.9026	74.5021	1.0000	2.0000	0.0488	0.6510	0.1722	66.9614	1.0004
2.3836	22.9366	236.0982	1.0000	-0.4195	22.6191	162.2368	0.0000	3.0000	1.0084	0.7738	0.8026	117.2523	1.0634
9.9011	16.9796	-48.1575	1.0000	47.5995	44.2159	73.6623	1.0000	56.0000	0.0480	0.5578	0.1815	58.1768	1.2041
83.4603	19.1671	131.4493	1.0000	52.1351	39.6022	117.4601	1.0000	40.0000	0.0427	0.6040	0.3051	66.3816	1.0695
19.5081	55.7821	234.9088	1.0000	15.6366	58.1036	87.3628	1.0000	6.0000	0.6873	0.4190	0.0293	54.2504	1.3292
10.4173	38.8841	126.8826	1.0000	47.5649	93.3759	70.8215	1.0000	67.0000	0.0487	0.0662	0.2131	20.4358	1.0159
94.2967	6.0500	118.8924	1.0000	52.4387	27.1398	118.3397	1.0000	51.0000	0.0488	0.7286	0.3149	78.2157	1.0881
97.8841	99.5651	241.0179	1.0000	97.3250	98.7359	236.0110	1.0000	1.0000	0.9465	0.0126	1.6223	153.4942	1.0000
35.0320	78.7604	-16.0170	1.0000	46.7556	95.0726	65.3910	1.0000	21.0000	0.0649	0.0493	0.2734	25.3063	1.0454
58.3532	1.5229	248.1979	1.0000	56.0492	-0.2901	203.1979	0.0000	3.0000	0.1210	1.0029	1.2578	151.3554	1.0232
71.3689	79.7003	158.6125	1.0000	53.1352	95.3631	119.1626	1.0000	25.0000	0.0627	0.0464	0.3240	29.6949	1.0401
46.1700	0.1576	-9.0433	1.0000	48.0985	0.6191	20.9567	1.0000	2.0000	0.0380	0.9938	0.7671	121.0255	1.0086
47.3776	87.8225	-9.1950	1.0000	48.3725	87.9236	5.8050	1.0000	1.0000	0.0326	0.1208	0.9355	85.0723	1.0000
16.8130	1.0682	160.5808	1.0000	15.7972	3.6961	86.3606	1.0000	3.0000	0.6841	0.9630	0.0404	102.2620	1.0648
63.6416	58.0811	196.4694	1.0000	52.1494	67.8970	117.4855	1.0000	16.0000	0.0430	0.3210	0.3054	42.3164	1.0586
18.8424	86.0647	232.8275	1.0000	19.4071	95.1323	46.5877	1.0000	14.0000	0.6119	0.0487	0.4824	53.3315	1.5410
81.7629	19.2547	115.4075	1.0000	52.4013	41.7820	118.3081	1.0000	39.0000	0.0480	0.5822	0.3145	64.7801	1.0538
79.0727	70.4306	81.5513	1.0000	52.5768	95.2785	118.5878	1.0000	38.0000	0.0515	0.0472	0.3176	29.0894	1.0461
2.1082	87.6836	-75.8996	1.0000	39.9337	95.4776	60.2057	1.0000	49.0000	0.2013	0.0452	0.3310	31.7723	1.2688
17.4032	31.5423	86.8926	1.0000	47.7505	78.0016	73.0736	1.0000	56.0000	0.0450	0.2200	0.1881	27.8476	1.0091
81.5301	64.9470	20.8962	1.0000	52.0805	93.0629	117.2308	1.0000	45.0000	0.0416	0.0694	0.3026	28.1775	1.1052
73.2403	41.4350	23.5847	1.0000	52.2671	70.9028	118.2803	1.0000	38.0000	0.0453	0.2910	0.3142	40.6394	1.0506
46.5831	79.9983	-68.1745	1.0000	47.9686	78.5797	-38.1745	1.0000	2.0000	0.0406	0.2142	1.4242	129.9679	1.0086
89.9889	32.1926	129.6224	1.0000	52.3366	51.8117	118.6167	1.0000	46.0000	0.0467	0.4819	0.3180	56.0936	1.0834
2.2391	23.5532	156.1187	1.0000	47.7211	88.0346	72.5084	1.0000	81.0000	0.0456	0.1197	0.1944	21.3148	1.0265
95.3947	96.9455	31.0389	1.0000	95.9506	97.7767	56.2260	1.0000	1.0000	0.9190	0.0222	0.3753	57.0709	1.0000
53.9133	13.8464	181.5014	1.0000	52.0803	14.5854	149.2257	1.0000	2.0000	0.0416	0.8541	0.6581	103.9599	1.0120
51.7217	6.0633	205.7433	1.0000	50.7392	5.8769	190.7433	1.0000	1.0000	0.0148	0.9412	1.1194	137.8728	1.0000
19.5262	58.0899	-78.8808	1.0000	47.5997	74.8659	71.8541	1.0000	47.0000	0.0480	0.2513	0.2016	31.0927	1.4371
9.0574	67.8348	-79.6139	1.0000	47.5362	89.1001	73.1600	1.0000	60.0000	0.0493	0.1090	0.1871	20.2105	1.3648
88.8282	66.1393	-67.5078	1.0000	52.4828	92.0068	118.3996	1.0000	58.0000	0.0497	0.0799	0.3156	29.6074	1.3001
84.8810	26.7790	233.7384	1.0000	52.3916	37.6865	118.3349	1.0000	41.0000	0.0478	0.6231	0.3148	68.4949	1.1963
32.2879	53.7091	252.0438	1.0000	27.7568	55.4965	87.7634	1.0000	7.0000	0.4449	0.4450	0.0249	49.8028	1.4371
94.3090	26.4342	1.9064	1.0000	52.4862	52.8699	118.4049	1.0000	58.0000	0.0497	0.4713	0.3156	55.0842	1.1723
88.6428	23.9061	54.0350	1.0000	52.3855	49.6881	118.3620	1.0000	49.0000	0.0477	0.5031	0.3151	57.8047	1.1014
82.9659	7.5149	46.8628	1.0000	52.3117	34.2477	118.7839	1.0000	44.0000	0.0462	0.6575	0.3198	71.8138	1.0818
93.8012	93.4730	-76.3463	1.0000	98.1538	95.2245	95.7818	1.0000	7.0000	0.9631	0.0478	0.0642	48.7342	1.4919
65.9260	9.9516	124.5669	1.0000	52.2212	28.3729	118.6729	1.0000	23.0000	0.0444	0.7163	0.3186	77.1849	1.0017
32.5798	63.4353	-21.2232	1.0000	47.5524	85.5047	72.4206	1.0000	28.0000	0.0490	0.1450	0.1953	22.9159	1.0499
94.6224	33.2629	211.4441	1.0000	52.2478	46.8491	118.3183	1.0000	50.0000	0.0450	0.5315	0.3146	60.2661	1.1236
97.7400	20.4128	-63.9757	1.0000	100.4692	19.7157	10.2283	0.0000	3.0000	1.0094	0.8028	0.8864	123.9203	1.0650
20.4710	67.3607	-49.1247	1.0000	47.6985	91.8267	75.4561	1.0000	45.0000	0.0460	0.0817	0.1616	16.8412	1.2293
16.0323	82.6054	152.8951	1.0000	23.4395	95.3681	45.0651	1.0000	16.0000	0.5312	0.0463	0.4993	52.4028	1.0843
7.8285	19.6598	89.3708	1.0000	47.5920	75.1756	70.7445	1.0000	69.0000	0.0482	0.2482	0.2139	31.5091	1.0104
30.7076	24.7135	198.2634	1.0000	47.6426	62.8477	71.4426	1.0000	45.0000	0.0471	0.3715	0.2062	41.5960	1.0785
80.3354	78.2984	246.6921	1.0000	52.1949	87.3779	117.7647	1.0000	38.0000	0.0439	0.1262	0.3085	30.5780	1.2851
57.4619	74.8753	-71.6225	1.0000	52.3911	92.0016	118.3376	1.0000	25.0000	0.0478	0.0800	0.3149	29.5417	1.3997
46.2680	66.4537	73.8969	1.0000	47.5146	71.2944	76.6148	1.0000	5.0000	0.0497	0.2871	0.1487	31.7703	1.0003
56.7126	11.0576	153.7447	1.0000	52.2915	16.2764	117.2764	1.0000	7.0000	0.0458	0.8372	0.3031	88.0846	1.0234
58.1163	83.3819	265.8048	1.0000	51.8551	81.3508	142.1326	1.0000	8.0000	0.0371	0.1865	0.5793	55.3989	1.2154
74.0621	82.0923	223.7590	1.0000	52.4642	94.2201	118.3725	1.0000	29.0000	0.0493	0.0578	0.3153	29.0599	1.1708
47.1284	48.0794	92.8769	1.0000	47.7559	51.0081	74.9052	1.0000	3.0000	0.0449	0.4899	0.1677	51.3137	1.0016
53.9245	36.4713	-63.0879	1.0000	52.0899	49.9143	117.3078	1.0000	20.0000	0.0418	0.5009	0.3034	57.0847	1.4741
94.3407	38.7374	49.0605	1.0000	52.2939	64.4074	118.9182	1.0000	55.0000	0.0459	0.3559	0.3213	45.9169	1.1164
42.6578	30.9972	-73.4377	1.0000	47.7175	29.0613	16.5623	1.0000	6.0000	0.0457	0.7094	0.8160	102.1304	1.1076
86.5184	25.6613	59.3854	1.0000	52.2166	51.8212	118.4790	1.0000	47.0000	0.0443	0.4818	0.3164	56.0104	1.0895
10.9993	26.7780	-19.7890	1.0000	47.5216	57.7477	72.8136	1.0000	54.0000	0.0496	0.4225	0.1910	45.6811	1.1277
17.6310	58.4484	46.7426	1.0000	44.4125	95.3782	60.3871	1.0000	46.0000	0.1118	0.0462	0.3290	30.4878	1.0084
13.6603	6.8142	-17.4450	1.0000	47.6473	37.0308	73.1442	1.0000	51.0000	0.0471	0.6297	0.1873	65.2286	1.1214
82.7643	64.8175	169.7869	1.0000	52.2231	81.0470	117.9435	1.0000	38.0000	0.0445	0.1895	0.3105	33.8378	1.0987
75.2175	78.7699	-76.4687	1.0000	79.6749	80.3968	93.1339	1.0000	7.0000	0.5935	0.1960	0.0348	35.7030	1.4752
17.4258	41.8903	16.4597	1.0000	47.5657	73.9144	71.4505	1.0000	47.0000	0.0487	0.2609	0.2061	32.1009	1.0687
1.0223	71.0208	109.2464	1.0000	22.4964	95.5710	45.0000	1.0000	33.0000	0.5501	0.0443	0.5000	52.9251	1.0118
48.9666	0.3876	-30.9842	1.0000	49.9279	0.1123	-15.9842	1.0000	1.0000	0.0014	0.9989	1.1776	145.6373	1.0000
95.7206	72.6449	-86.7956	1.0000	100.2164	72.5543	60.6706	0.0000	6.0000	1.0043	0.2745	0.3259	64.3052	1.3343
17.8663	17.6288	-66.0654	1.0000	47.5958	39.4548	74.4841	1.0000	49.0000	0.0481	0.6055	0.1724	62.5479	1.3286
87.0744	61.2336	4.9514	1.0000	52.3021	88.3804	118.8549	1.0000	51.0000	0.0460	0.1162	0.3206	31.1916	1.1561
69.0929	54.5618	43.6629	1.0000	69.5205	56.4811	87.9691	1.0000	2.0000	0.3904	0.4352	0.0226	47.7396	1.0171
75.5267	57.7929	213.3501	1.0000	52.1762	71.7727	117.6628	1.0000	31.0000	0.0435	0.2823	0.3074	39.5822	1.1391
77.5499	70.1568	-26.6404	1.0000	53.9978	95.1108	123.5928	1.0000	41.0000	0.0800	0.0489	0.3733	34.1813	1.1949
89.2165	1.5552	260.6042	1.0000	88.6353	-0.3565	250.5845	0.0000	2.0000	0.7727	1.0036	1.7843	193.2654	1.0010
48.9213	33.0647	202.9252	1.0000	47.9289	32.9413	187.0874	1.0000	1.0000	0.0414	0.6706	1.0787	118.0133	1.0000
6.9408	16.5700	22.5929	1.0000	47.6994	55.8783	73.3488	1.0000	60.0000	0.0460	0.4412	0.1850	47.2153	1.0596
65.0345	88.3053	54.7497	1.0000	65.4140	90.2512	86.5328	1.0000	2.0000	0.3083	0.0975	0.0385	18.5647	1.0088
70.3809	41.0285	262.6589	1.0000	52.2560	48.3683	118.2049	1.0000	27.0000	0.0451	0.5163	0.3134	58.8765	1.3808
64.6536	3.8442	50.9472	1.0000	52.3696	24.7236	118.4374	1.0000	25.0000	0.0474	0.7528	0.3160	80.5037	1.0320
80.2203	57.6520	58.2291	1.0000	52.2206	84.2579	118.1383	1.0000	41.0000	0.0444	0.1574	0.3126	32.3189	1.0615
8.2707	9.0006	182.9377	1.0000	47.6648	68.8848	71.7038	1.0000	75.0000	0.0467	0.3112	0.2033	36.1713	1.0463
85.4873	70.4101	153.2212	1.0000	52.1501	87.6894	117.5310	1.0000	41.0000	0.0430	0.1231	0.3059	30.2345	1.0919
67.1950	89.1429	-80.7630	1.0000	69.0240	95.3733	132.0797	1.0000	13.0000	0.3805	0.0463	0.4676	46.4114	2.0021
30.7540	31.2885	-11.6907	1.0000	47.5177	55.8765	70.9590	1.0000	31.0000	0.0496	0.4412	0.2116	48.1207	1.0417
60.1436	32.9082	41.9558	1.0000	52.4627	48.3352	118.3730	1.0000	18.0000	0.0493	0.5166	0.3153	58.9944	1.0445
66.7211	79.5088	99.6638	1.0000	54.8690	95.5451	128.4906	1.0000	20.0000	0.0974	0.0445	0.4277	39.0522	1.0030
22.4836	27.2392	65.7690	1.0000	47.6046	66.6198	70.8939	1.0000	47.0000	0.0479	0.3338	0.2123	38.5359	1.0062
72.5872	15.1530	200.7745	1.0000	52.0916	30.4263	117.2712	1.0000	28.0000	0.0418	0.6957	0.3030	74.7569	1.0954
51.0434	68.9915	182.4046	1.0000	50.0763	69.2457	165.2724	1.0000	1.0000	0.0015	0.3075	0.8364	81.3127	1.0000
87.0754	82.2113	190.3634	1.0000	53.3228	95.3337	119.3639	1.0000	40.0000	0.0665	0.0467	0.3263	29.9174	1.1046
93.9107	18.1798	245.5249	1.0000	52.4728	26.8068	118.3849	1.0000	51.0000	0.0495	0.7319	0.3154	78.5433	1.2049
32.4045	0.7019	222.2208	1.0000	47.6639	37.7532	71.6148	1.0000	45.0000	0.0467	0.6225	0.2043	64.9471	1.1230
97.9174	50.0394	125.8739	1.0000	52.4503	69.7944	118.3541	1.0000	54.0000	0.0490	0.3021	0.3150	41.5011	1.0893
85.1174	84.1968	129.3989	1.0000	58.7896	95.0797	128.5992	1.0000	30.0000	0.1758	0.0492	0.4289	39.8919	1.0531
43.8434	23.9293	180.4677	1.0000	47.6165	45.1783	73.7222	1.0000	23.0000	0.0477	0.5482	0.1809	57.2369	1.0657
78.4162	27.9787	249.6619	1.0000	52.2960	36.3172	118.9015	1.0000	36.0000	0.0459	0.6368	0.3211	69.9719	1.3130
9.1088	19.1617	20.5800	1.0000	47.5474	55.2641	70.4042	1.0000	56.0000	0.0491	0.4474	0.2177	48.9011	1.0619
10.0357	28.0575	79.4851	1.0000	47.5022	80.4305	70.1545	1.0000	65.0000	0.0500	0.1957	0.2205	27.9830	1.0094
86.8405	12.9916	219.3917	1.0000	52.4856	25.6710	118.4040	1.0000	42.0000	0.0497	0.7433	0.3156	79.6101	1.1469
97.8600	90.4207	27.4566	1.0000	97.7428	95.0065	116.0779	1.0000	5.0000	0.9549	0.0499	0.2898	54.6294	1.0900
13.0934	51.9354	258.7594	1.0000	8.6827	53.4982	86.3090	1.0000	7.0000	0.8263	0.4650	0.0410	62.3150	1.4959
53.8350	52.2234	75.4288	1.0000	53.8679	53.2228	88.1125	1.0000	1.0000	0.0774	0.4678	0.0210	46.9747	1.0000
40.8034	24.3622	108.0501	1.0000	47.6590	47.3350	76.4384	1.0000	24.0000	0.0468	0.5267	0.1507	54.4335	1.0011
34.9802	36.8989	142.0883	1.0000	34.4518	38.7818	93.5847	1.0000	2.0000	0.3110	0.6122	0.0398	63.2635	1.0227
64.1981	88.0527	179.4981	1.0000	54.9811	95.2094	128.5621	1.0000	12.0000	0.0996	0.0479	0.4285	39.1765	1.0283
53.2360	23.3948	152.2811	1.0000	52.0752	24.9898	116.5654	1.0000	2.0000	0.0415	0.7501	0.2952	79.6025	1.0138
45.2768	61.0366	77.5807	1.0000	47.6918	69.7014	75.1103	1.0000	9.0000	0.0462	0.3030	0.1654	33.8384	1.0006
6.4499	88.4629	26.5084	1.0000	19.8730	95.1579	26.5084	1.0000	15.0000	0.6025	0.0484	0.7055	70.4434	1.0000
24.5488	21.0114	11.3956	1.0000	47.6675	51.0735	73.0841	1.0000	40.0000	0.0467	0.4893	0.1880	51.8208	1.0548
33.1919	21.6809	194.1691	1.0000	47.6969	56.8966	72.1533	1.0000	41.0000	0.0461	0.4310	0.1983	46.7088	1.0765
97.6708	84.0205	-80.6793	1.0000	100.0657	82.5453	-6.6500	0.0000	3.0000	1.0013	0.1745	1.0739	110.2382	1.0666
86.7785	44.6982	104.4781	1.0000	52.4734	68.6445	118.3858	1.0000	45.0000	0.0495	0.3136	0.3154	42.3679	1.0756
29.6909	49.3075	31.6809	1.0000	47.5487	79.1209	70.4200	1.0000	35.0000	0.0490	0.2088	0.2176	28.7284	1.0071
95.9616	16.9198	115.5947	1.0000	52.4367	38.5295	118.3377	1.0000	53.0000	0.0487	0.6147	0.3149	67.7317	1.0907
3.2214	16.3817	173.7301	1.0000	47.5917	80.6369	70.8116	1.0000	81.0000	0.0482	0.1936	0.2132	27.3665	1.0373
40.8854	84.5888	193.5996	1.0000	41.3500	95.7425	70.6778	1.0000	13.0000	0.1730	0.0426	0.2147	21.5939	1.1645
62.8482	60.9031	-82.1650	1.0000	52.1660	85.1809	117.6103	1.0000	35.0000	0.0433	0.1482	0.3068	31.4106	1.3196
37.9393	31.5487	46.9616	1.0000	47.7643	50.0617	73.3696	1.0000	21.0000	0.0447	0.4994	0.1848	52.6821	1.0020
5.3522	84.9910	3.5867	1.0000	35.1628	95.6426	61.2768	1.0000	33.0000	0.2967	0.0436	0.3191	32.6213	1.0424
64.8524	28.9062	227.6924	1.0000	52.1557	37.0122	117.4798	1.0000	17.0000	0.0431	0.6299	0.3053	68.7550	1.1285
89.3702	10.7006	-69.9256	1.0000	52.2785	36.6592	118.6415	1.0000	59.0000	0.0456	0.6334	0.3182	69.5527	1.3032
8.2150	59.0372	202.2317	1.0000	34.3283	95.2167	59.5238	1.0000	49.0000	0.3134	0.0478	0.3386	34.6017	1.0982
72.2855	43.5334	98.0350	1.0000	52.4945	69.7514	118.4181	1.0000	33.0000	0.0499	0.3025	0.3158	41.5787	1.0046
40.6614	19.5848	67.1513	1.0000	47.6434	38.2839	77.9371	1.0000	20.0000	0.0471	0.6172	0.1340	62.9281	1.0020
25.9588	94.0499	-14.3859	1.0000	34.3524	95.6005	47.9115	1.0000	9.0000	0.3130	0.0440	0.4677	45.1181	1.0544
2.2289	25.4614	-74.6215	1.0000	47.5742	49.0199	72.6065	1.0000	66.0000	0.0485	0.5098	0.1933	53.9203	1.2916
45.8947	48.9342	4.4915	1.0000	47.6616	49.8341	34.4915	1.0000	2.0000	0.0468	0.5017	0.6168	74.8550	1.0086
20.5303	62.2657	116.6386	1.0000	20.4936	63.2651	92.1029	1.0000	1.0000	0.5901	0.3673	0.0234	47.1647	1.0000
82.8932	12.9421	150.0531	1.0000	52.3715	30.2442	118.4281	1.0000	38.0000	0.0474	0.6976	0.3159	75.3635	1.0831
43.0887	87.9396	48.7267	1.0000	47.2374	95.9155	68.3933	1.0000	9.0000	0.0553	0.0408	0.2401	22.1622	1.0011
98.2179	66.9976	90.7233	1.0000	52.0755	92.0698	117.2135	1.0000	58.0000	0.0415	0.0793	0.3024	28.4213	1.1045
55.9397	5.4957	267.3718	1.0000	52.4940	2.3525	192.3718	1.0000	5.0000	0.0499	0.9765	1.1375	141.4964	1.0721
75.0081	4.2404	14.9374	1.0000	76.2858	6.7599	87.2723	1.0000	3.0000	0.5257	0.9324	0.0303	96.9128	1.0620
31.0068	57.7726	152.3941	1.0000	47.5184	92.0303	70.0457	1.0000	39.0000	0.0496	0.0797	0.2217	21.6298	1.0255
23.7730	26.2230	139.2909	1.0000	23.3332	28.1284	90.8855	1.0000	2.0000	0.5333	0.7187	0.0098	76.6644	1.0228
58.6285	20.0363	123.0245	1.0000	52.3593	29.0424	118.4955	1.0000	11.0000	0.0472	0.7096	0.3166	76.5019	1.0024
81.1984	17.0671	160.6088	1.0000	52.4657	33.4722	118.3748	1.0000	36.0000	0.0493	0.6653	0.3153	72.3682	1.0881
59.7261	31.0364	47.8707	1.0000	52.4521	45.6516	118.3610	1.0000	17.0000	0.0490	0.5435	0.3151	61.3523	1.0413
22.0490	71.9798	74.1838	1.0000	38.3830	95.6787	60.3227	1.0000	29.0000	0.2323	0.0432	0.3297	32.1616	1.0076
32.6386	2.3066	-29.9222	1.0000	47.6318	23.8185	74.1169	1.0000	28.0000	0.0474	0.7618	0.1765	77.8556	1.0678
61.5501	31.9162	-34.4425	1.0000	64.8429	35.5168	93.8777	1.0000	6.0000	0.2969	0.6448	0.0431	66.2830	1.2297
12.7030	81.3422	52.0260	1.0000	26.7170	95.6065	45.0000	1.0000	20.0000	0.4657	0.0439	0.5000	50.8566	1.0002
63.0314	60.1691	235.0348	1.0000	52.1491	65.2034	116.6629	1.0000	14.0000	0.0430	0.3480	0.2963	43.8899	1.1676
95.1796	71.7982	110.0268	1.0000	52.3480	94.5639	118.5499	1.0000	53.0000	0.0470	0.0544	0.3172	29.1575	1.0926
41.9181	1.4957	166.9358	1.0000	40.6245	3.9944	92.4357	1.0000	3.0000	0.1875	0.9601	0.0271	96.4930	1.0662
64.2164	97.2968	-2.1177	1.0000	65.1465	97.6641	21.5503	1.0000	1.0000	0.3029	0.0234	0.7606	70.1444	1.0000
41.5051	3.2569	-81.6943	1.0000	47.9374	1.6300	38.3057	1.0000	8.0000	0.0413	0.9837	0.5744	111.1450	1.2057
34.4246	8.3660	-21.0374	1.0000	47.5933	28.1164	74.0874	1.0000	25.0000	0.0481	0.7188	0.1768	73.6631	1.0532
95.1125	47.9176	26.6441	1.0000	52.4275	74.0364	118.3286	1.0000	57.0000	0.0485	0.2596	0.3148	38.5034	1.1390
51.6493	83.5513	236.8864	1.0000	50.9049	82.8836	221.8864	1.0000	1.0000	0.0181	0.1712	1.4654	132.9955	1.0000
34.3507	31.5700	-34.5516	1.0000	47.7289	50.2934	76.4056	1.0000	25.0000	0.0454	0.4971	0.1510	51.5821	1.0864
13.8763	55.9498	149.3689	1.0000	40.6422	95.2372	60.3739	1.0000	49.0000	0.1872	0.0476	0.3292	31.4318	1.0307
63.4170	9.6372	105.9501	1.0000	52.2222	26.1076	117.9370	1.0000	20.0000	0.0444	0.7389	0.3104	79.0285	1.0043
51.1641	77.2641	265.3581	1.0000	50.8280	76.3223	250.3581	1.0000	1.0000	0.0166	0.2368	1.7818	162.0989	1.0000
0.4176	25.4873	-26.4144	1.0000	47.6508	58.2934	73.6218	1.0000	65.0000	0.0470	0.4171	0.1820	44.8688	1.1303
87.6422	87.4878	17.9728	1.0000	88.7154	90.0900	92.5532	1.0000	3.0000	0.7743	0.0991	0.0284	40.0451	1.0658
54.3540	58.5033	238.7270	1.0000	51.7830	57.0941	193.7270	1.0000	3.0000	0.0357	0.4291	1.1525	112.2648	1.0232
78.1258	69.6394	-32.1856	1.0000	81.2472	72.3450	90.1522	1.0000	5.0000	0.6249	0.2765	0.0017	41.7278	1.2104
64.7474	42.2181	90.1159	1.0000	52.1278	61.2639	117.4264	1.0000	23.0000	0.0426	0.3874	0.3047	47.5102	1.0067
67.9689	79.0698	-51.8643	1.0000	71.9830	81.3829	88.8099	1.0000	6.0000	0.4397	0.1862	0.0132	28.8317	1.2951
21.8422	98.8357	40.4425	1.0000	22.6033	99.4843	40.4425	1.0000	1.0000	0.5479	0.0052	0.5506	56.6285	1.0000
90.1356	30.6840	-66.0002	1.0000	52.1099	57.2381	117.3463	1.0000	60.0000	0.0422	0.4276	0.3038	50.8020	1.2937
61.6849	32.5996	54.9248	1.0000	62.0632	34.5460	86.5034	1.0000	2.0000	0.2413	0.6545	0.0389	66.6481	1.0086
84.7461	39.0330	89.4650	1.0000	52.3076	64.2992	118.8136	1.0000	44.0000	0.0462	0.3570	0.3202	45.9358	1.0701
64.4780	41.0396	248.8477	1.0000	52.2888	46.0697	117.4149	1.0000	16.0000	0.0458	0.5393	0.3046	60.5417	1.2134
80.3461	64.1857	265.0083	1.0000	52.4453	69.3497	118.3477	1.0000	40.0000	0.0489	0.3065	0.3150	41.8212	1.4097
11.4415	44.4910	7.6968	1.0000	47.5584	77.0237	71.8085	1.0000	53.0000	0.0488	0.2298	0.2021	29.4076	1.0903
67.0234	6.1897	23.3269	1.0000	52.2165	31.6548	118.4534	1.0000	31.0000	0.0443	0.6835	0.3161	74.0647	1.0524
3.8494	74.6401	-3.9772	1.0000	41.4114	95.8199	60.3112	1.0000	47.0000	0.1718	0.0418	0.3299	31.1875	1.0899
22.8723	49.1754	85.8243	1.0000	47.7221	89.8758	72.6298	1.0000	48.0000	0.0456	0.1012	0.1930	20.2340	1.0066
95.1894	14.8004	130.5761	1.0000	52.4202	33.9655	118.3217	1.0000	51.0000	0.0484	0.6603	0.3147	71.8925	1.0882
45.0948	65.3286	44.0125	1.0000	47.6046	70.7601	71.8803	1.0000	6.0000	0.0479	0.2924	0.2013	34.4824	1.0028
62.1680	67.2406	253.3430	1.0000	52.1187	69.7147	116.6138	1.0000	13.0000	0.0424	0.3029	0.2957	40.3730	1.2561
91.5155	31.6428	-32.9020	1.0000	94.6243	34.3470	90.7225	1.0000	5.0000	0.8925	0.6565	0.0080	79.3862	1.2135
53.6617	45.1438	236.8939	1.0000	52.0254	44.0237	206.8939	1.0000	2.0000	0.0405	0.5598	1.2988	129.6211	1.0086
89.8299	19.0274	221.5772	1.0000	52.0694	32.1505	117.1922	1.0000	46.0000	0.0414	0.6785	0.3021	73.1250	1.1507
13.7551	75.7161	213.9096	1.0000	10.6019	78.3681	90.2630	1.0000	5.0000	0.7880	0.2163	0.0029	44.9469	1.2135
73.7034	48.5901	102.5163	1.0000	52.2351	74.5377	118.4854	1.0000	34.0000	0.0447	0.2546	0.3165	38.2719	1.0096
52.9134	19.8152	193.6812	1.0000	51.9137	19.8389	178.6430	1.0000	1.0000	0.0383	0.8016	0.9849	119.5284	1.0000
49.6250	65.9943	-23.1647	1.0000	50.6149	65.8523	-8.1647	1.0000	1.0000	0.0123	0.3415	1.0907	103.9363	1.0000
49.8133	40.6654	224.1246	1.0000	48.9387	40.1806	208.9987	1.0000	1.0000	0.0212	0.5982	1.3222	133.1922	1.0000
27.0224	24.3965	80.5098	1.0000	47.7487	60.7812	73.3028	1.0000	42.0000	0.0450	0.3922	0.1855	42.6847	1.0030
93.3002	83.6131	159.2419	1.0000	55.1108	95.2292	128.4914	1.0000	43.0000	0.1022	0.0477	0.4277	39.1212	1.0772
3.3440	69.0710	136.0586	1.0000	3.0373	70.9986	86.4434	1.0000	2.0000	0.9393	0.2900	0.0395	55.3103	1.0247
78.3644	72.2609	124.1821	1.0000	52.3097	93.4337	118.7981	1.0000	35.0000	0.0462	0.0657	0.3200	29.6274	1.0425
51.8570	84.8452	57.8777	1.0000	52.2231	85.7758	68.5304	1.0000	1.0000	0.0445	0.1422	0.2386	25.8498	1.0000
55.8579	2.1803	187.0830	1.0000	52.3654	3.8110	132.3723	1.0000	4.0000	0.0473	0.9619	0.4708	105.1349	1.0378
77.3451	50.1340	-28.2477	1.0000	80.3031	53.0334	93.3488	1.0000	5.0000	0.6061	0.4697	0.0372	55.9942	1.2071
90.0148	48.0079	29.4012	1.0000	52.3374	74.5411	118.6119	1.0000	52.0000	0.0467	0.2546	0.3179	38.3701	1.1284
42.0493	73.6934	167.1203	1.0000	40.7475	76.1878	92.6318	1.0000	3.0000	0.1851	0.2381	0.0292	25.6818	1.0662
21.8627	21.8648	-37.6819	1.0000	47.6687	47.8410	75.0387	1.0000	43.0000	0.0466	0.5216	0.1662	54.3124	1.1744
58.9951	79.3347	74.9833	1.0000	58.9954	80.3347	89.9833	1.0000	1.0000	0.1799	0.1967	0.0002	21.6250	1.0000
90.3545	19.3728	117.9338	1.0000	52.0605	41.5646	117.1619	1.0000	48.0000	0.0412	0.5844	0.3018	64.4726	1.0845
47.4343	81.9602	6.5618	1.0000	48.3644	82.3277	21.5618	1.0000	1.0000	0.0327	0.1767	0.7604	70.7020	1.0000
55.9236	91.3740	-39.1000	1.0000	59.4901	94.6791	89.4966	1.0000	6.0000	0.1898	0.0532	0.0056	10.8916	1.2339
80.3094	21.4578	228.1531	1.0000	52.3198	33.0511	118.7255	1.0000	36.0000	0.0464	0.6695	0.3192	72.8883	1.1883
63.7868	7.7265	173.0199	1.0000	52.2165	19.4898	118.3704	1.0000	17.0000	0.0443	0.8051	0.3152	85.3914	1.0303
9.8202	71.9186	239.7005	1.0000	5.8085	73.9550	91.0874	1.0000	6.0000	0.8838	0.2605	0.0121	51.3071	1.3336
70.6333	48.3832	-11.1326	1.0000	52.4584	77.7219	118.3648	1.0000	38.0000	0.0492	0.2228	0.3152	36.1513	1.1011
41.9399	6.4307	43.5955	1.0000	47.6679	18.0600	73.9385	1.0000	13.0000	0.0466	0.8194	0.1785	83.5318	1.0028
47.9749	94.1560	228.1594	1.0000	43.4838	95.7691	102.1917	1.0000	6.0000	0.1303	0.0423	0.1355	14.4568	1.2573
56.8367	14.5131	179.0773	1.0000	52.1974	17.8085	117.5253	1.0000	6.0000	0.0439	0.8219	0.3058	86.7059	1.0544
97.4512	89.7975	195.6550	1.0000	58.2858	95.6241	128.5722	1.0000	42.0000	0.1657	0.0438	0.4286	39.6941	1.0607
49.1306	51.8189	223.4475	1.0000	48.2463	51.3519	207.8411	1.0000	1.0000	0.0351	0.4865	1.3093	127.4999	1.0000
2.4085	1.9667	177.1387	1.0000	47.6953	67.7291	72.8029	1.0000	83.0000	0.0461	0.3227	0.1911	36.6396	1.0395
45.0960	8.0791	-38.4966	1.0000	47.9957	7.6459	6.5034	1.0000	3.0000	0.0401	0.9235	0.9277	124.5190	1.0232
29.3834	1.0473	-38.2679	1.0000	32.0838	-0.1975	-14.7422	0.0000	3.0000	0.3583	1.0020	1.1638	146.0530	1.0089
1.2838	60.5015	170.6513	1.0000	-0.0639	61.9138	121.1049	0.0000	2.0000	1.0013	0.3809	0.3456	70.1746	1.0245
90.8399	6.0163	172.8263	1.0000	52.2248	21.7105	118.6247	1.0000	46.0000	0.0445	0.7829	0.3181	83.3881	1.1036
43.5564	51.3107	88.7211	1.0000	47.6783	66.7682	76.7975	1.0000	16.0000	0.0464	0.3323	0.1467	35.8336	1.0001
83.1202	40.0290	-80.0849	1.0000	87.5664	41.4789	92.2941	1.0000	7.0000	0.7513	0.5852	0.0255	69.5789	1.4968
43.6427	52.4642	-24.0832	1.0000	47.9992	54.1293	50.9168	1.0000	5.0000	0.0400	0.4587	0.4343	60.2961	1.0721
68.0344	0.2606	160.1184	1.0000	52.2221	17.6965	117.9366	1.0000	24.0000	0.0444	0.8230	0.3104	86.9440	1.0196
79.1676	24.3531	176.9546	1.0000	52.4014	40.0615	118.3082	1.0000	34.0000	0.0480	0.5994	0.3145	66.3306	1.0955
35.1971	95.9136	258.9783	1.0000	34.6213	95.0960	234.8463	1.0000	1.0000	0.3076	0.0490	1.6094	145.7429	1.0000
47.7950	94.8984	177.6414	1.0000	46.8701	95.2784	157.6659	1.0000	1.0000	0.0626	0.0472	0.7518	67.9026	1.0000
16.5006	89.6024	-33.3473	1.0000	36.5267	95.7341	60.7194	1.0000	24.0000	0.2695	0.0427	0.3253	32.5128	1.1459
81.8795	19.9531	84.9926	1.0000	52.3846	45.0911	118.3659	1.0000	41.0000	0.0477	0.5491	0.3152	61.8490	1.0580
84.4651	66.1651	207.6021	1.0000	52.1449	80.6556	117.5060	1.0000	40.0000	0.0429	0.1934	0.3056	33.6955	1.1293
19.8342	22.7782	25.0826	1.0000	47.6816	57.0741	72.3413	1.0000	46.0000	0.0464	0.4293	0.1962	46.4741	1.0412
92.4069	53.5009	-1.0074	1.0000	52.2198	80.6358	118.2013	1.0000	57.0000	0.0444	0.1936	0.3133	34.2814	1.1755
80.7437	83.2354	246.4321	1.0000	52.2967	91.9345	118.8960	1.0000	38.0000	0.0459	0.0807	0.3211	30.0883	1.2774
30.6621	81.2780	35.1349	1.0000	39.5101	95.7292	60.0361	1.0000	17.0000	0.2098	0.0427	0.3329	32.0330	1.0033
3.4752	30.8766	-34.4016	1.0000	47.6567	61.8098	73.7090	1.0000	62.0000	0.0469	0.3819	0.1810	41.5858	1.1496
80.2380	41.1561	84.8328	1.0000	52.1518	66.8544	117.5391	1.0000	40.0000	0.0430	0.3315	0.3060	43.1470	1.0507
37.9063	74.0522	-51.9313	1.0000	47.6257	83.0801	74.2952	1.0000	16.0000	0.0475	0.1692	0.1745	23.2069	1.2061
28.1897	94.5707	209.2487	1.0000	25.5010	95.4530	137.9970	1.0000	3.0000	0.4900	0.0455	0.5333	54.0794	1.0602
59.5317	80.7440	115.4424	1.0000	52.2171	91.4531	118.5237	1.0000	13.0000	0.0443	0.0855	0.3169	29.8591	1.0024
54.7743	83.4415	140.9327	1.0000	52.1477	87.6652	117.0910	1.0000	5.0000	0.0430	0.1233	0.3010	29.8443	1.0053
84.2214	0.3092	29.4264	1.0000	52.0577	28.0177	117.1528	1.0000	47.0000	0.0412	0.7198	0.3017	76.9607	1.1071
2.2845	72.7574	79.1839	1.0000	23.1565	95.4793	45.0000	1.0000	31.0000	0.5369	0.0452	0.5000	52.5929	1.0048
98.0479	68.0323	259.5741	1.0000	52.4687	73.9227	118.3790	1.0000	57.0000	0.0494	0.2608	0.3153	38.6197	1.2403
72.8634	2.9146	262.0709	1.0000	71.4704	-0.8146	241.9905	0.0000	4.0000	0.4294	1.0081	1.6888	183.6455	1.0048
25.5925	49.8464	-1.0498	1.0000	47.6734	77.8273	72.4171	1.0000	38.0000	0.0465	0.2217	0.1954	28.3936	1.0661
37.8021	31.0550	200.9926	1.0000	47.7210	72.3087	73.9757	1.0000	45.0000	0.0456	0.2769	0.1780	32.0746	1.0606
17.2743	69.6231	261.6383	1.0000	12.7923	70.9459	89.2419	1.0000	7.0000	0.7442	0.2905	0.0084	47.2136	1.4979
85.8290	94.3717	-4.8985	1.0000	87.4962	95.3886	43.8438	1.0000	2.0000	0.7499	0.0461	0.5128	59.6459	1.0241
71.3534	52.1450	170.5455	1.0000	52.1462	69.2952	117.5121	1.0000	27.0000	0.0429	0.3070	0.3057	41.2832	1.0486
45.7826	64.7161	129.0868	1.0000	45.4576	66.6534	88.6930	1.0000	2.0000	0.0908	0.3335	0.0145	33.6799	1.0181
26.5797	93.6454	114.7398	1.0000	26.5639	94.6453	90.9063	1.0000	1.0000	0.4687	0.0535	0.0101	24.0571	1.0000
74.7521	76.6544	152.6884	1.0000	52.3692	94.2975	118.4395	1.0000	30.0000	0.0474	0.0570	0.3160	29.1021	1.0526
39.2770	74.5947	147.5359	1.0000	45.0672	95.3435	70.6745	1.0000	22.0000	0.0987	0.0466	0.2147	20.4815	1.0213
10.2427	30.3044	119.4406	1.0000	47.6582	84.7585	71.6732	1.0000	67.0000	0.0468	0.1524	0.2036	23.9512	1.0141
80.3508	39.4150	24.5603	1.0000	52.2466	66.8426	118.3340	1.0000	43.0000	0.0449	0.3316	0.3148	43.6724	1.0950
52.5431	13.7062	232.2089	1.0000	51.7466	13.1014	217.2089	1.0000	1.0000	0.0349	0.8690	1.4134	154.0666	1.0000
34.3411	19.7472	127.1826	1.0000	47.6607	62.5496	74.4358	1.0000	45.0000	0.0468	0.3745	0.1729	40.6232	1.0039
78.2135	94.5644	15.4547	1.0000	78.9811	95.2053	39.8575	1.0000	1.0000	0.5796	0.0479	0.5571	58.1134	1.0000
22.2922	18.9771	-38.6370	1.0000	47.7023	44.0128	74.4447	1.0000	42.0000	0.0460	0.5599	0.1728	58.1534	1.1774
44.1884	20.5290	250.7697	1.0000	47.6504	46.4765	74.8497	1.0000	32.0000	0.0470	0.5352	0.1683	55.6760	1.2224
54.4012	40.7312	207.2064	1.0000	52.4251	40.5700	177.1183	1.0000	2.0000	0.0485	0.5943	0.9680	105.4865	1.0087
29.9049	38.2978	-11.3626	1.0000	47.5365	64.1520	72.9907	1.0000	33.0000	0.0493	0.3585	0.1890	39.7551	1.0545
38.7318	86.1299	251.4497	1.0000	37.1088	95.8122	70.9094	1.0000	15.0000	0.2578	0.0419	0.2121	23.4131	1.5279
68.4394	89.2218	95.8778	1.0000	64.9117	95.2082	127.8510	1.0000	7.0000	0.2982	0.0479	0.4206	40.9636	1.0074
99.1890	87.9551	128.7573	1.0000	61.3594	95.1071	135.5336	1.0000	40.0000	0.2272	0.0489	0.5059	47.1835	1.0390
7.3868	50.6127	240.1262	1.0000	3.3608	52.6195	91.5111	1.0000	6.0000	0.9328	0.4738	0.0168	66.5012	1.3338
8.5227	63.9648	188.7721	1.0000	6.3626	66.7751	90.1577	1.0000	4.0000	0.8727	0.3322	0.0018	54.8465	1.1285
66.7910	94.1000	-13.5124	1.0000	69.1526	95.6712	56.9108	1.0000	3.0000	0.3831	0.0433	0.3677	38.4767	1.0576
95.2093	93.2698	38.7011	1.0000	95.6791	95.1648	88.6113	1.0000	2.0000	0.9136	0.0484	0.0154	45.9553	1.0244
69.3141	20.5261	194.4313	1.0000	52.3099	35.7017	118.7965	1.0000	24.0000	0.0462	0.6430	0.3200	70.4901	1.0530
76.9394	73.8814	-27.1315	1.0000	79.8515	76.8326	94.1860	1.0000	5.0000	0.5970	0.2317	0.0465	38.0179	1.2060
34.4485	31.1380	250.6070	1.0000	30.0070	33.1491	85.5285	1.0000	7.0000	0.3999	0.6685	0.0497	69.9197	1.4357
34.1903	99.6711	80.3470	1.0000	34.5197	100.6153	70.7709	1.0000	1.0000	0.3096	0.0062	0.2137	24.6937	1.0000
20.3815	29.2456	235.6146	1.0000	16.4748	31.5096	88.2496	1.0000	6.0000	0.6705	0.6849	0.0194	76.2754	1.3288
88.1298	35.8435	219.3409	1.0000	52.1463	49.0800	117.5128	1.0000	44.0000	0.0429	0.5092	0.3057	57.9172	1.1476
41.4022	5.8176	85.0229	1.0000	47.5660	26.9280	77.9735	1.0000	22.0000	0.0487	0.7307	0.1336	74.0951	1.0004
31.0773	72.1856	9.9689	1.0000	45.4457	95.7120	61.9677	1.0000	28.0000	0.0911	0.0429	0.3115	28.7217	1.0157
80.4758	42.5760	-51.0381	1.0000	52.2859	69.8722	118.8927	1.0000	49.0000	0.0457	0.3013	0.3210	41.8055	1.2487
1.0871	24.1015	-39.2215	1.0000	47.7819	54.1472	73.4204	1.0000	64.0000	0.0444	0.4585	0.1842	48.8087	1.1526
16.9644	92.3643	52.6361	1.0000	19.6658	95.3126	45.9032	1.0000	4.0000	0.6067	0.0469	0.4900	53.7277	1.0003
31.1270	32.5018	245.7917	1.0000	47.7349	71.0517	72.5585	1.0000	49.0000	0.0453	0.2895	0.1938	33.8724	1.1674
23.3156	55.5005	139.0962	1.0000	22.8849	57.4077	90.5858	1.0000	2.0000	0.5423	0.4259	0.0065	50.4943	1.0229
52.3671	97.9686	-33.5113	1.0000	53.3258	97.6841	-16.5278	1.0000	1.0000	0.0665	0.0232	1.1836	106.6049	1.0000
82.9092	15.4162	260.7691	1.0000	52.3824	21.3196	118.3760	1.0000	42.0000	0.0476	0.7868	0.3153	83.6748	1.3508
34.2212	88.4866	9.5497	1.0000	39.3352	95.6164	61.8442	1.0000	9.0000	0.2133	0.0438	0.3128	30.4254	1.0257
95.7272	61.2475	167.8604	1.0000	52.2092	77.0809	117.8522	1.0000	51.0000	0.0442	0.2292	0.3095	36.1374	1.1013
79.2747	47.0276	30.9356	1.0000	52.1231	74.7338	117.4049	1.0000	42.0000	0.0425	0.2527	0.3045	37.3351	1.0827
54.4588	81.7718	-87.1106	1.0000	59.3311	83.2563	86.9066	1.0000	8.0000	0.1866	0.1674	0.0344	19.4162	1.5707
44.9391	13.5490	70.4438	1.0000	47.6894	23.1565	74.2611	1.0000	10.0000	0.0462	0.7684	0.1749	78.4728	1.0007
73.7248	45.6354	144.6233	1.0000	52.4441	63.6301	118.3462	1.0000	29.0000	0.0489	0.3637	0.3150	46.1763	1.0406
0.6968	17.4366	137.8635	1.0000	0.3344	19.3546	88.1118	1.0000	2.0000	0.9933	0.8065	0.0210	94.7307	1.0246
2.4251	35.0128	-52.5720	1.0000	47.7448	63.1897	74.4641	1.0000	64.0000	0.0451	0.3681	0.1726	40.0181	1.1993
87.5242	23.3331	-49.1656	1.0000	52.1436	50.2616	117.4997	1.0000	56.0000	0.0429	0.4974	0.3056	56.8747	1.2595
78.5904	81.7080	177.8165	1.0000	53.5643	95.2591	118.6436	1.0000	31.0000	0.0713	0.0474	0.3183	29.2512	1.0893
20.5120	88.5419	-44.9863	1.0000	38.6663	95.0701	60.5106	1.0000	24.0000	0.2267	0.0493	0.3277	31.9747	1.2440
91.8717	20.9168	71.3925	1.0000	52.0638	46.5177	117.1730	1.0000	52.0000	0.0413	0.5348	0.3019	60.0249	1.0987
88.9381	6.1696	-9.1306	1.0000	91.1142	8.9668	89.5408	1.0000	4.0000	0.8223	0.9103	0.0051	99.8881	1.1287
37.6404	5.6240	36.1722	1.0000	47.7368	25.0964	74.7944	1.0000	22.0000	0.0453	0.7490	0.1690	76.4649	1.0030
7.2018	37.7862	-45.6167	1.0000	47.5482	64.3065	70.4491	1.0000	57.0000	0.0490	0.3569	0.2172	40.7710	1.1806
86.9454	33.6891	105.6674	1.0000	52.1183	58.3906	117.3832	1.0000	46.0000	0.0424	0.4161	0.3043	49.8565	1.0773
3.4736	94.7629	107.0664	1.0000	3.6110	95.7534	82.1015	1.0000	1.0000	0.9278	0.0425	0.0878	47.2478	1.0000
29.0178	72.1721	162.8598	1.0000	27.7888	74.7237	92.0662	1.0000	3.0000	0.4442	0.2528	0.0230	33.7120	1.0593
76.3642	16.2142	217.7643	1.0000	52.1705	29.7306	117.6335	1.0000	32.0000	0.0434	0.7027	0.3070	75.5388	1.1547
63.0012	70.1115	-82.6012	1.0000	52.2653	94.3031	118.2282	1.0000	35.0000	0.0453	0.0570	0.3136	28.8863	1.3224
75.7254	71.3391	139.1660	1.0000	52.1294	90.8811	117.4339	1.0000	32.0000	0.0426	0.0912	0.3048	28.9880	1.0445
54.0134	46.5241	-23.1982	1.0000	52.4528	58.2238	118.7732	1.0000	15.0000	0.0491	0.4178	0.3197	50.7855	1.2708
71.0456	92.0070	-60.8447	1.0000	74.7493	95.6468	111.8139	1.0000	8.0000	0.4950	0.0435	0.2424	33.2765	1.5406
77.2419	75.0894	256.1508	1.0000	52.1504	82.6833	117.5325	1.0000	36.0000	0.0430	0.1732	0.3059	32.5965	1.3732
99.1414	4.3222	-75.5205	1.0000	100.6658	3.1029	-26.0872	0.0000	2.0000	1.0133	0.9690	1.2899	159.4751	1.0245
40.1516	41.1793	99.1035	1.0000	47.6710	64.9944	75.1030	1.0000	25.0000	0.0466	0.3501	0.1655	38.1148	1.0010
32.9907	81.6956	-28.5466	1.0000	44.4899	95.0399	60.0506	1.0000	19.0000	0.1102	0.0496	0.3328	30.8534	1.0786
41.2970	1.2721	-4.9771	1.0000	47.6705	10.6594	75.2865	1.0000	12.0000	0.0466	0.8934	0.1635	90.5741	1.0576
28.7402	27.3998	28.6715	1.0000	47.5642	57.5630	70.6459	1.0000	36.0000	0.0487	0.4244	0.2150	46.7056	1.0125
52.0189	20.9072	188.7383	1.0000	51.0252	21.0194	173.5594	1.0000	1.0000	0.0205	0.7898	0.9284	114.9833	1.0000
22.7882	41.0549	258.5881	1.0000	18.3163	42.5577	87.8589	1.0000	7.0000	0.6337	0.5744	0.0238	65.6358	1.4838
73.7626	40.5170	-2.6113	1.0000	75.7006	43.5176	93.2774	1.0000	4.0000	0.5140	0.5648	0.0364	62.1411	1.1198
68.4923	76.1669	-85.4813	1.0000	58.5888	95.3617	128.4908	1.0000	31.0000	0.1718	0.0464	0.4277	39.7092	1.4352
86.7066	93.3701	96.5731	1.0000	85.9548	95.2214	114.6063	1.0000	2.0000	0.7191	0.0478	0.2734	43.8298	1.0010
80.4622	76.0259	8.4595	1.0000	58.2063	95.3154	128.5355	1.0000	34.0000	0.1641	0.0468	0.4282	39.6772	1.1544
4.0600	6.8139	212.9518	1.0000	0.9485	9.5156	89.3599	1.0000	5.0000	0.9810	0.9048	0.0071	102.9266	1.2134
21.2490	61.5511	27.7487	1.0000	47.4338	95.1547	69.6986	1.0000	44.0000	0.0513	0.0485	0.2256	21.0288	1.0328
50.4028	34.9759	-22.5299	1.0000	51.3949	34.8502	-7.2189	1.0000	1.0000	0.0279	0.6515	1.0802	117.0382	1.0000
53.6197	36.4176	107.2998	1.0000	52.4306	40.2365	106.2469	1.0000	4.0000	0.0486	0.5976	0.1805	61.9802	1.0001
53.7532	89.5639	251.2658	1.0000	52.4462	88.0727	221.2658	1.0000	2.0000	0.0489	0.1193	1.4585	131.8293	1.0086
46.1576	54.9102	28.3267	1.0000	47.8556	57.3427	63.5485	1.0000	3.0000	0.0429	0.4266	0.2939	50.2386	1.0113
42.4782	82.7230	-3.3929	1.0000	47.5988	89.4648	72.4870	1.0000	9.0000	0.0480	0.1054	0.1946	20.5782	1.0631
92.3580	45.0462	-53.0040	1.0000	52.2549	71.6512	118.2252	1.0000	61.0000	0.0451	0.2835	0.3136	40.0675	1.2675
81.3663	96.9169	-3.5217	1.0000	82.3046	97.2626	20.2208	1.0000	1.0000	0.6461	0.0274	0.7753	76.9429	1.0000
84.4850	27.7297	50.9084	1.0000	52.3077	53.8429	118.8131	1.0000	45.0000	0.0462	0.4616	0.3201	54.4610	1.0859
97.6040	53.7595	-68.6272	1.0000	100.2647	52.8406	5.6678	0.0000	3.0000	1.0053	0.4716	0.9370	108.9149	1.0658
26.9517	38.7962	224.9934	1.0000	47.7470	81.5194	72.9085	1.0000	53.0000	0.0451	0.1848	0.1899	25.2731	1.1154
55.2190	0.9437	45.8422	1.0000	52.2561	10.0422	117.9016	1.0000	10.0000	0.0451	0.8996	0.3100	94.2125	1.0451
42.4954	62.2368	196.9686	1.0000	47.5033	88.5244	78.0181	1.0000	29.0000	0.0499	0.1148	0.1331	16.7776	1.0837
75.3972	18.6261	-60.1632	1.0000	79.5211	20.5134	85.6800	1.0000	6.0000	0.5904	0.7949	0.0480	84.9015	1.3230
57.3070	50.4552	-32.4214	1.0000	52.3995	66.7085	118.3104	1.0000	21.0000	0.0480	0.3329	0.3146	43.7671	1.2369
47.7297	53.8142	3.5320	1.0000	48.6779	54.1320	18.5320	1.0000	1.0000	0.0264	0.4587	0.7941	84.9311	1.0000
58.2357	56.9574	-26.3065	1.0000	52.3351	74.2351	118.6275	1.0000	22.0000	0.0467	0.2576	0.3181	38.5852	1.2050
45.9964	19.2971	260.3920	1.0000	47.6029	40.2151	77.4412	1.0000	28.0000	0.0479	0.5978	0.1395	61.1368	1.3346
82.1044	43.5211	58.4017	1.0000	52.1329	70.2606	117.4499	1.0000	43.0000	0.0427	0.2974	0.3050	40.5275	1.0706
30.3601	54.1933	-64.8833	1.0000	47.5301	73.2676	73.3236	1.0000	31.0000	0.0494	0.2673	0.1853	31.6042	1.2079
39.1246	13.0295	-42.9348	1.0000	47.5339	20.2059	70.6230	1.0000	13.0000	0.0493	0.7979	0.2153	82.1502	1.1759
65.2570	7.2032	243.5654	1.0000	52.3892	13.5984	117.9712	1.0000	17.0000	0.0478	0.8640	0.3108	90.8479	1.1831
27.4506	98.5756	234.1977	1.0000	26.5888	98.0684	210.4765	1.0000	1.0000	0.4682	0.0193	1.3386	122.7453	1.0000
39.3517	94.7744	-24.5645	1.0000	42.2704	95.0521	20.4355	1.0000	3.0000	0.1546	0.0495	0.7729	70.1673	1.0232
61.2321	60.4600	-19.2950	1.0000	64.0768	63.7966	86.0786	1.0000	5.0000	0.2815	0.3620	0.0436	39.0413	1.1403
72.5242	30.6762	8.2722	1.0000	52.4842	59.8799	118.4018	1.0000	38.0000	0.0497	0.4012	0.3156	49.2185	1.0729
7.8057	84.8982	228.7540	1.0000	10.1834	95.5635	45.3748	1.0000	16.0000	0.7963	0.0444	0.4958	59.9705	1.4643
17.9400	14.1613	155.7916	1.0000	47.6941	63.1910	72.7655	1.0000	59.0000	0.0461	0.3681	0.1915	40.7093	1.0287
78.8523	47.3975	206.4813	1.0000	52.2712	61.7519	118.4050	1.0000	34.0000	0.0454	0.3825	0.3156	47.6961	1.1255
30.3395	68.7663	-39.6307	1.0000	47.5824	90.8554	72.7285	1.0000	31.0000	0.0484	0.0914	0.1919	19.6920	1.1063
89.6464	52.4676	-12.4405	1.0000	91.9766	55.1391	86.2284	1.0000	4.0000	0.8395	0.4486	0.0419	61.5529	1.1284
70.0464	97.6835	88.7749	1.0000	69.7923	98.6506	104.7176	1.0000	1.0000	0.3958	0.0135	0.1635	24.7015	1.0000
31.1039	82.0385	161.8045	1.0000	29.8949	84.6040	91.8660	1.0000	3.0000	0.4021	0.1540	0.0207	25.3917	1.0578
17.3194	14.3395	35.2922	1.0000	47.6444	53.8856	72.0422	1.0000	51.0000	0.0471	0.4611	0.1995	49.5436	1.0234
31.5903	10.3055	-87.0350	1.0000	47.7081	26.8137	76.0000	1.0000	30.0000	0.0458	0.7319	0.1556	74.5485	1.3003
2.3411	83.6357	-58.3640	1.0000	39.9166	95.1506	60.5834	1.0000	47.0000	0.2017	0.0485	0.3269	31.4727	1.1959
56.2094	60.3355	194.9441	1.0000	52.0394	62.4458	120.8371	1.0000	5.0000	0.0408	0.3755	0.3426	48.6354	1.0698
77.4173	93.7070	202.2543	1.0000	62.1624	95.2472	142.3496	1.0000	16.0000	0.2432	0.0475	0.5817	53.9536	1.0435
55.7729	71.2481	207.1775	1.0000	52.0206	71.9487	145.0124	1.0000	4.0000	0.0404	0.2805	0.6112	61.7845	1.0479
97.9983	75.3496	-36.9017	1.0000	100.7529	75.9607	36.9766	0.0000	3.0000	1.0151	0.2404	0.5891	77.2348	1.0633
43.3856	87.4753	146.4563	1.0000	44.5751	95.0183	70.6284	1.0000	8.0000	0.1085	0.0498	0.2152	20.7245	1.0476
46.8023	6.2468	124.5237	1.0000	46.4571	8.1943	91.5203	1.0000	2.0000	0.0709	0.9181	0.0169	91.8866	1.0112
80.9075	48.8893	264.8632	1.0000	52.2151	54.3126	117.8900	1.0000	41.0000	0.0443	0.4569	0.3099	53.5733	1.4041
77.9597	82.9882	71.1042	1.0000	62.3900	95.1780	140.2407	1.0000	21.0000	0.2478	0.0482	0.5582	51.9701	1.0620
33.0921	12.6064	121.7911	1.0000	47.7207	52.8568	74.5072	1.0000	43.0000	0.0456	0.4714	0.1721	49.6760	1.0041
83.4417	2.1747	147.2604	1.0000	52.1988	20.0808	117.7866	1.0000	39.0000	0.0440	0.7992	0.3087	84.6405	1.0830
23.9962	35.9443	10.4185	1.0000	47.6910	66.5222	74.1101	1.0000	41.0000	0.0462	0.3348	0.1766	37.1293	1.0599
59.8042	35.3513	180.7867	1.0000	52.3224	41.2661	118.7228	1.0000	10.0000	0.0464	0.5873	0.3191	65.4222	1.0485
95.2326	52.8899	-0.5529	1.0000	52.1171	80.0927	117.3780	1.0000	60.0000	0.0423	0.1991	0.3042	33.9166	1.1769
75.4011	81.2886	140.4064	1.0000	54.9441	95.7707	128.4911	1.0000	26.0000	0.0989	0.0423	0.4277	39.0371	1.0373
24.2435	93.9749	26.8935	1.0000	26.9191	95.3319	26.8935	1.0000	3.0000	0.4616	0.0467	0.7012	67.3569	1.0000
48.5225	74.9773	147.5835	1.0000	47.9815	75.8183	122.7549	1.0000	1.0000	0.0404	0.2418	0.3639	40.7642	1.0000
99.4741	32.2452	4.8503	1.0000	100.3487	32.7301	29.0038	0.0000	1.0000	1.0070	0.6727	0.6777	103.8305	1.0000
83.7279	63.0857	-50.6008	1.0000	52.3000	89.8861	118.8713	1.0000	52.0000	0.0460	0.1011	0.3208	30.6779	1.2590
42.1510	34.3549	160.7140	1.0000	41.1353	36.9814	86.2477	1.0000	3.0000	0.1773	0.6302	0.0417	63.7495	1.0653
57.0799	29.3829	-9.9322	1.0000	59.4039	33.1294	93.6792	1.0000	5.0000	0.1881	0.6687	0.0409	67.6288	1.1341
31.7052	35.5256	-18.9513	1.0000	47.6716	59.3269	73.5008	1.0000	30.0000	0.0466	0.4067	0.1833	43.9539	1.0467
94.3895	33.9948	-48.2044	1.0000	52.4994	59.9742	118.4259	1.0000	62.0000	0.0500	0.4003	0.3158	49.1563	1.2578
9.8235	16.3893	62.4184	1.0000	47.7015	68.4569	72.1259	1.0000	65.0000	0.0460	0.3154	0.1986	36.3282	1.0095
9.7482	12.8559	-45.6119	1.0000	47.5859	40.5636	73.5129	1.0000	56.0000	0.0483	0.5944	0.1832	61.7280	1.1941
93.1530	39.5822	265.7829	1.0000	52.0655	45.2087	117.1788	1.0000	54.0000	0.0413	0.5479	0.3020	61.1967	1.3021
70.2971	16.7340	74.9117	1.0000	52.2165	42.8839	118.4535	1.0000	32.0000	0.0443	0.5712	0.3161	63.8495	1.0065
14.6692	70.2230	185.6879	1.0000	12.6539	73.1408	87.3035	1.0000	4.0000	0.7469	0.2686	0.0300	46.0805	1.1280
14.5136	20.1617	221.8661	1.0000	47.6222	75.2115	71.7758	1.0000	70.0000	0.0476	0.2479	0.2025	30.8585	1.0897
40.7341	78.9383	-29.0549	1.0000	47.7332	85.6502	71.8581	1.0000	11.0000	0.0453	0.1435	0.2016	23.2418	1.1343
44.8825	49.8131	47.6862	1.0000	47.7532	56.1735	73.5080	1.0000	7.0000	0.0449	0.4383	0.1832	46.8807	1.0031
66.2080	4.4212	190.5920	1.0000	52.2350	17.5453	118.4839	1.0000	20.0000	0.0447	0.8245	0.3165	87.2646	1.0433
2.5710	91.2296	-7.4869	1.0000	26.1423	95.1898	14.4750	1.0000	24.0000	0.4772	0.0481	0.8392	79.3496	1.0041
98.1971	62.6364	200.6162	1.0000	52.4600	76.5694	118.3669	1.0000	53.0000	0.0492	0.2343	0.3152	36.8745	1.1085
21.6573	45.6875	33.7744	1.0000	47.6599	81.2102	71.6509	1.0000	45.0000	0.0468	0.1879	0.2039	26.3670	1.0222
87.7227	60.0579	266.8223	1.0000	52.3863	64.9472	118.3583	1.0000	48.0000	0.0477	0.3505	0.3151	45.1507	1.3456
37.9002	8.5174	-1.3657	1.0000	47.6586	24.1760	73.7818	1.0000	19.0000	0.0468	0.7582	0.1802	77.5744	1.0298
67.7939	98.1754	114.0834	1.0000	67.3075	99.0491	119.1037	1.0000	1.0000	0.3462	0.0095	0.3234	33.8745	1.0000
11.2178	35.5995	92.4075	1.0000	47.5032	87.5298	70.1579	1.0000	64.0000	0.0499	0.1247	0.2205	23.5679	1.0102
36.9748	22.8816	205.6890	1.0000	47.6255	70.9472	76.6763	1.0000	52.0000	0.0475	0.2905	0.1480	32.0504	1.0562
22.9650	94.5838	-15.3582	1.0000	32.7716	95.3195	27.3113	1.0000	10.0000	0.3446	0.0468	0.6965	65.1813	1.0169
71.5289	61.4275	11.9153	1.0000	52.4373	90.5784	118.3384	1.0000	37.0000	0.0487	0.0942	0.3149	29.9628	1.0618
72.8988	56.6605	-12.7838	1.0000	52.2227	85.8404	117.9405	1.0000	40.0000	0.0445	0.1416	0.3104	31.4023	1.1185
9.7263	53.1555	82.4985	1.0000	42.0404	95.8131	60.2583	1.0000	54.0000	0.1592	0.0419	0.3305	31.0718	1.0091
94.3251	71.7449	68.6376	1.0000	94.2588	72.7427	93.8009	1.0000	1.0000	0.8852	0.2726	0.0422	52.1176	1.0000
31.3864	93.8847	5.6127	1.0000	33.9973	95.2601	40.6941	1.0000	3.0000	0.3201	0.0474	0.5478	52.0540	1.0166
34.4072	82.7929	-9.4146	1.0000	43.6169	95.0624	61.0244	1.0000	16.0000	0.1277	0.0494	0.3220	30.0784	1.0429
13.1393	42.3726	70.6799	1.0000	47.7294	91.9338	72.4137	1.0000	61.0000	0.0454	0.0807	0.1954	19.4807	1.0093
95.0085	63.2438	-41.6714	1.0000	52.1707	90.1319	117.6343	1.0000	63.0000	0.0434	0.0987	0.3070	29.4235	1.2456
73.1527	94.5868	146.7367	1.0000	72.2717	95.0600	151.7584	1.0000	1.0000	0.4454	0.0494	0.6862	65.8372	1.0000
11.9073	83.6475	-86.6937	1.0000	44.6985	95.0459	60.1187	1.0000	50.0000	0.1060	0.0495	0.3320	30.7496	1.4403
69.4800	74.0871	204.2140	1.0000	52.3001	88.5986	118.8697	1.0000	24.0000	0.0460	0.1140	0.3208	31.1247	1.0672
48.7918	65.5752	223.5618	1.0000	47.9064	65.1105	207.6938	1.0000	1.0000	0.0419	0.3489	1.3077	122.7742	1.0000
42.9281	76.1716	-53.3853	1.0000	47.5422	75.4915	21.6147	1.0000	5.0000	0.0492	0.2451	0.7598	72.6860	1.0721
34.9934	17.2738	143.7639	1.0000	47.7581	58.9328	74.6997	1.0000	44.0000	0.0448	0.4107	0.1700	43.8821	1.0098
89.1277	7.4112	-87.7240	1.0000	52.2171	32.8719	118.6927	1.0000	60.0000	0.0443	0.6713	0.3188	73.0368	1.3381
69.7341	32.6762	-18.5870	1.0000	52.0487	63.0466	117.1233	1.0000	39.0000	0.0410	0.3695	0.3014	45.8849	1.1097
88.3340	60.7987	261.8977	1.0000	52.2696	66.8271	118.3576	1.0000	48.0000	0.0454	0.3317	0.3151	43.7007	1.3127
58.8341	44.0094	-61.8647	1.0000	63.0571	46.8684	91.8136	1.0000	7.0000	0.2611	0.5313	0.0202	54.7426	1.3726
29.0826	15.4840	79.8789	1.0000	47.7535	49.6610	73.2613	1.0000	39.0000	0.0449	0.5034	0.1860	53.0965	1.0014
44.3409	20.1406	202.5104	1.0000	47.7305	42.3970	74.1919	1.0000	25.0000	0.0454	0.5760	0.1756	59.7758	1.1105
63.4372	53.8568	62.7647	1.0000	63.6009	55.8330	92.7647	1.0000	2.0000	0.2720	0.4417	0.0307	46.2964	1.0086
58.5537	55.7242	251.2908	1.0000	51.9187	55.2067	129.5625	1.0000	8.0000	0.0384	0.4479	0.4396	59.7939	1.2021
28.0883	19.5405	-15.4541	1.0000	47.7220	46.5203	75.7655	1.0000	36.0000	0.0456	0.5348	0.1582	55.3885	1.0789
83.8484	83.1658	98.5786	1.0000	61.4136	95.2117	134.7325	1.0000	27.0000	0.2283	0.0479	0.4970	46.4133	1.0603
40.0438	69.6156	-86.2747	1.0000	47.9200	69.9989	63.7566	1.0000	11.0000	0.0416	0.3000	0.2916	39.9137	1.3950
58.4009	37.3960	102.0954	1.0000	52.1524	47.5889	117.5666	1.0000	12.0000	0.0430	0.5241	0.3063	59.2577	1.0037
8.6434	80.9035	-4.6753	1.0000	38.4633	95.5019	60.0824	1.0000	36.0000	0.2307	0.0450	0.3324	32.3789	1.0843
46.3455	80.2622	74.9793	1.0000	47.5940	85.1024	76.1433	1.0000	5.0000	0.0481	0.1490	0.1540	20.4875	1.0003
53.5640	64.8666	250.0836	1.0000	52.2265	63.4027	220.0836	1.0000	2.0000	0.0445	0.3660	1.4454	135.1520	1.0086
24.2144	51.7631	59.4721	1.0000	47.5848	88.7533	70.6544	1.0000	44.0000	0.0483	0.1125	0.2150	22.5072	1.0056
32.8057	71.1893	155.8987	1.0000	31.8888	73.8730	85.5118	1.0000	3.0000	0.3622	0.2613	0.0499	32.1057	1.0579
56.3175	41.7419	162.5015	1.0000	52.1778	45.7638	117.2112	1.0000	6.0000	0.0436	0.5424	0.3023	60.7187	1.0396
98.9219	48.1148	44.7671	1.0000	99.2042	50.0463	94.2584	1.0000	2.0000	0.9841	0.4995	0.0473	70.2464	1.0246
32.6180	44.1913	0.6137	1.0000	47.5263	69.5237	73.4498	1.0000	30.0000	0.0495	0.3048	0.1839	34.7683	1.0206
14.2897	73.3347	254.9041	1.0000	27.8903	95.1751	45.0000	1.0000	34.0000	0.4422	0.0482	0.5000	50.3698	1.3215
86.7232	24.4115	20.1205	1.0000	52.1474	52.0570	117.5178	1.0000	50.0000	0.0429	0.4794	0.3058	55.3206	1.1295
63.9643	38.8191	207.5209	1.0000	52.1955	47.8497	117.7509	1.0000	16.0000	0.0439	0.5215	0.3083	59.1150	1.0786
29.1299	66.9677	-41.2436	1.0000	47.5573	88.1402	71.1926	1.0000	32.0000	0.0489	0.1186	0.2090	22.3683	1.1401
37.8775	55.6888	141.9412	1.0000	37.3851	57.5786	92.1545	1.0000	2.0000	0.2523	0.4242	0.0239	44.3097	1.0241
46.9752	84.7237	94.7622	1.0000	47.5936	87.6528	74.4646	1.0000	3.0000	0.0481	0.1235	0.1726	19.9898	1.0021
33.6048	39.3139	-84.1003	1.0000	47.7421	52.3289	74.2999	1.0000	25.0000	0.0452	0.4767	0.1744	50.2407	1.3010
58.8853	19.3205	80.8869	1.0000	52.0975	31.3910	117.3185	1.0000	14.0000	0.0420	0.6861	0.3035	73.8775	1.0110
90.8113	28.6525	49.4563	1.0000	52.0862	54.9998	117.2515	1.0000	52.0000	0.0417	0.4500	0.3028	52.6499	1.1102
81.2133	20.0693	-3.6035	1.0000	83.1419	23.0525	94.1408	1.0000	4.0000	0.6628	0.7695	0.0460	83.8835	1.1260
81.4961	22.4593	-74.7999	1.0000	52.1348	49.3123	117.4586	1.0000	52.0000	0.0427	0.5069	0.3051	57.6869	1.3069
97.2772	41.8340	216.7414	1.0000	52.1822	54.9712	117.6950	1.0000	53.0000	0.0436	0.4503	0.3077	52.9091	1.1284
87.9213	13.4157	-33.2525	1.0000	91.0452	16.1019	90.3995	1.0000	5.0000	0.8209	0.8390	0.0044	93.4011	1.2136
92.9408	80.6654	64.4162	1.0000	92.9489	81.6654	89.5361	1.0000	1.0000	0.8590	0.1833	0.0052	46.7010	1.0000
98.7973	22.3587	99.5529	1.0000	52.4113	45.6294	118.3146	1.0000	57.0000	0.0482	0.5437	0.3146	61.3490	1.0984
87.2878	96.8053	21.9372	1.0000	87.9701	97.5364	46.9752	1.0000	1.0000	0.7594	0.0246	0.4781	57.4363	1.0000
67.5461	20.4551	60.4386	1.0000	67.7083	22.4271	93.6662	1.0000	2.0000	0.3542	0.7757	0.0407	79.6528	1.0108
17.5777	6.8812	171.2947	1.0000	47.7630	57.1447	72.9663	1.0000	61.0000	0.0447	0.4286	0.1893	46.1706	1.0404
32.7677	0.0807	30.2290	1.0000	47.6072	28.3136	74.4307	1.0000	32.0000	0.0479	0.7169	0.1730	73.3966	1.0033
48.1360	98.8162	194.5626	1.0000	47.1366	98.8526	177.9177	1.0000	1.0000	0.0573	0.0115	0.9769	87.9718	1.0000
26.1932	77.3328	-15.7808	1.0000	43.7795	95.5120	60.8165	1.0000	28.0000	0.1244	0.0449	0.3243	30.1747	1.1070
68.1023	86.8593	90.0546	1.0000	62.9323	95.3011	128.4329	1.0000	10.0000	0.2586	0.0470	0.4270	40.8217	1.0102
3.1335	72.1714	228.9567	1.0000	-0.3330	72.9685	130.0813	0.0000	4.0000	1.0067	0.2703	0.4453	69.7899	1.1245
4.1925	47.7804	151.6753	1.0000	39.8409	95.1757	60.0202	1.0000	61.0000	0.2032	0.0482	0.3331	32.0198	1.0286
53.0679	47.8963	104.7469	1.0000	52.3012	50.7966	105.1836	1.0000	3.0000	0.0460	0.4920	0.1687	51.5443	1.0000
41.0777	64.4445	261.9567	1.0000	36.5883	65.7516	89.7999	1.0000	7.0000	0.2682	0.3425	0.0022	36.7813	1.4971
83.4794	67.2778	199.4866	1.0000	52.1039	82.4382	117.3203	1.0000	39.0000	0.0421	0.1756	0.3036	32.5459	1.1192
65.3254	16.8934	99.1795	1.0000	52.2167	35.6855	118.5239	1.0000	23.0000	0.0443	0.6431	0.3169	70.3909	1.0038
29.6535	21.1963	181.2185	1.0000	27.7322	24.2253	86.9079	1.0000	4.0000	0.4454	0.7577	0.0344	79.0394	1.1151
13.5176	84.2368	-12.9826	1.0000	37.5055	95.2293	60.2162	1.0000	29.0000	0.2499	0.0477	0.3309	32.6488	1.0990
53.7763	42.7920	201.9106	1.0000	51.7942	42.8170	171.6456	1.0000	2.0000	0.0359	0.5718	0.9072	99.6951	1.0089
51.3178	68.2090	172.5988	1.0000	50.4308	68.6707	152.5010	1.0000	1.0000	0.0086	0.3133	0.6945	69.9149	1.0000
41.8211	50.8002	235.8915	1.0000	37.9396	53.0947	87.6504	1.0000	6.0000	0.2412	0.4691	0.0261	48.4880	1.3307
62.0098	21.0153	135.3384	1.0000	52.0528	34.7307	117.1366	1.0000	17.0000	0.0411	0.6527	0.3015	70.7156	1.0030
43.1055	8.8261	236.2906	1.0000	39.2046	11.0792	88.0458	1.0000	6.0000	0.2159	0.8892	0.0217	89.5950	1.3319
85.5344	84.4826	133.3487	1.0000	58.2675	95.3870	128.5459	1.0000	31.0000	0.1653	0.0461	0.4283	39.6915	1.0556
70.3970	62.9652	197.3144	1.0000	52.3813	77.8500	118.3809	1.0000	25.0000	0.0476	0.2215	0.3153	36.0801	1.0698
1.0247	16.2894	198.3042	1.0000	-0.8319	16.9030	149.5903	0.0000	2.0000	1.0166	0.8310	0.6621	114.1928	1.0228
80.3372	21.1669	140.1079	1.0000	52.2808	40.1037	118.7195	1.0000	36.0000	0.0456	0.5990	0.3191	66.4649	1.0635
52.7519	45.8076	234.8680	1.0000	51.9844	45.1666	219.8680	1.0000	1.0000	0.0397	0.5483	1.4430	140.9834	1.0000
16.2924	97.5742	23.0879	1.0000	17.2123	97.9664	23.0879	1.0000	1.0000	0.6558	0.0203	0.7435	74.5412	1.0000
61.4355	6.6820	6.5349	1.0000	63.2179	9.9704	87.0212	1.0000	4.0000	0.2644	0.9003	0.0331	91.0434	1.0694
69.4867	99.7389	157.0986	1.0000	68.5484	100.0845	159.7772	1.0000	1.0000	0.3710	0.0008	0.7753	72.2005	1.0000
75.1659	3.1820	-42.7369	1.0000	52.4206	30.2655	118.3222	1.0000	43.0000	0.0484	0.6973	0.3147	75.3054	1.2158
48.9887	20.3111	-58.0067	1.0000	49.7200	19.6290	-43.0067	1.0000	1.0000	0.0056	0.8037	1.4779	155.4039	1.0000
95.0115	57.5122	127.4255	1.0000	52.4405	77.1527	118.3418	1.0000	51.0000	0.0488	0.2285	0.3149	36.4858	1.0878
71.7003	16.4221	164.8297	1.0000	52.2675	33.3719	118.2923	1.0000	27.0000	0.0453	0.6663	0.3144	72.4217	1.0471
60.9337	34.3604	156.5618	1.0000	52.0820	44.9108	117.2231	1.0000	14.0000	0.0416	0.5509	0.3025	61.4838	1.0166
82.0603	1.0652	-23.6662	1.0000	52.4638	28.3404	118.3722	1.0000	48.0000	0.0493	0.7166	0.3152	77.1113	1.1926
50.8389	49.5916	-17.2920	1.0000	51.8385	49.5641	-1.5779	1.0000	1.0000	0.0368	0.5044	1.0175	104.5642	1.0000
41.0256	13.1304	137.3839	1.0000	40.6778	15.0511	87.6779	1.0000	2.0000	0.1864	0.8495	0.0258	85.4904	1.0246
22.0201	24.6993	235.0545	1.0000	18.1110	26.9776	88.3269	1.0000	6.0000	0.6378	0.7302	0.0186	79.6993	1.3261
97.1901	19.9677	122.2302	1.0000	52.2170	40.7046	118.6558	1.0000	54.0000	0.0443	0.5930	0.3184	65.8939	1.0904
55.1839	55.5296	-27.5410	1.0000	52.4023	68.8033	118.3862	1.0000	17.0000	0.0480	0.3120	0.3154	42.2466	1.2535
59.4119	62.1742	100.6296	1.0000	52.4243	73.0726	118.3365	1.0000	13.0000	0.0485	0.2693	0.3149	39.1653	1.0042
43.8475	65.7357	17.5247	1.0000	47.5191	71.5145	69.5491	1.0000	7.0000	0.0496	0.2849	0.2272	35.1542	1.0224
9.8076	25.4557	52.6901	1.0000	47.7610	77.4115	73.2668	1.0000	65.0000	0.0448	0.2259	0.1859	28.2003	1.0102
64.5453	82.0273	-2.5109	1.0000	59.5585	95.7732	128.4874	1.0000	17.0000	0.1912	0.0423	0.4276	39.8812	1.1626
56.3259	29.0763	-11.8739	1.0000	58.7691	32.7449	91.8605	1.0000	5.0000	0.1754	0.6726	0.0207	67.8498	1.1344
3.0871	49.5233	220.0465	1.0000	-0.2115	50.8443	121.0250	0.0000	4.0000	1.0042	0.4916	0.3447	76.8116	1.1257
25.9672	96.3908	-55.6000	1.0000	26.6020	95.6181	-50.5948	1.0000	1.0000	0.4680	0.0438	1.5622	142.5958	1.0000
92.1505	34.8636	193.8316	1.0000	52.4091	49.3867	118.3132	1.0000	47.0000	0.0482	0.5061	0.3146	58.0444	1.1108
52.0965	89.9728	65.2782	1.0000	52.3509	90.9399	75.2605	1.0000	1.0000	0.0470	0.0906	0.1638	17.4604	1.0000
35.1194	57.6330	158.6156	1.0000	34.1467	60.2859	86.0475	1.0000	3.0000	0.3171	0.3971	0.0439	42.9437	1.0617
89.5885	2.9020	211.8747	1.0000	52.2330	16.6569	118.5138	1.0000	45.0000	0.0447	0.8334	0.3168	88.1141	1.1304
77.5076	40.7787	152.2693	1.0000	52.2422	58.7283	118.3913	1.0000	33.0000	0.0448	0.4127	0.3155	50.1443	1.0648
29.5170	92.1087	109.8877	1.0000	29.5790	93.1068	86.4421	1.0000	1.0000	0.4084	0.0689	0.0395	21.8447	1.0000
71.4674	22.9541	32.7829	1.0000	52.3507	52.0712	118.5355	1.0000	36.0000	0.0470	0.4793	0.3171	55.8298	1.0335
77.3887	5.6625	62.7323	1.0000	77.4402	6.6612	87.0440	1.0000	1.0000	0.5488	0.9334	0.0328	97.3337	1.0000
68.3355	69.8190	130.3243	1.0000	52.1164	91.3330	117.3751	1.0000	27.0000	0.0423	0.0867	0.3042	28.7922	1.0021
85.1564	40.8842	136.8102	1.0000	52.2171	59.8912	118.6822	1.0000	41.0000	0.0443	0.4011	0.3187	49.3589	1.0781
65.9548	63.6781	202.0883	1.0000	52.2933	75.3148	118.9129	1.0000	19.0000	0.0459	0.2469	0.3213	38.0864	1.0587
8.5464	96.0341	3.4419	1.0000	9.5426	96.1221	5.0486	1.0000	1.0000	0.8091	0.0388	0.9439	94.1732	1.0000
23.5443	63.6059	109.1970	1.0000	43.3688	95.6531	60.1084	1.0000	38.0000	0.1326	0.0435	0.3321	30.9253	1.0084
65.6475	21.9806	236.9691	1.0000	52.2000	29.8727	118.5546	1.0000	18.0000	0.0440	0.7013	0.3173	75.7499	1.1544
93.0937	40.8521	233.2246	1.0000	52.0485	52.3300	117.1226	1.0000	50.0000	0.0410	0.4767	0.3014	54.8841	1.1732
45.9393	23.2845	252.2093	1.0000	41.4861	24.8884	86.3563	1.0000	7.0000	0.1703	0.7511	0.0405	75.6803	1.4789
75.1101	44.9079	123.2128	1.0000	52.4015	66.2482	118.3083	1.0000	32.0000	0.0480	0.3375	0.3145	44.1171	1.0269
68.8320	12.0134	93.0000	1.0000	52.3321	35.6733	118.6451	1.0000	29.0000	0.0466	0.6433	0.3183	70.4550	1.0054
6.1851	37.3679	185.7433	1.0000	4.1682	40.2839	87.2943	1.0000	4.0000	0.9166	0.5972	0.0301	75.3252	1.1282
68.2177	23.3392	89.9488	1.0000	52.3614	46.2196	118.4785	1.0000	28.0000	0.0472	0.5378	0.3164	60.9010	1.0058
60.1330	70.7722	4.2544	1.0000	62.0134	73.9922	85.6924	1.0000	4.0000	0.2403	0.2601	0.0479	28.9703	1.0727
2.6620	33.3119	230.0966	1.0000	-0.1610	33.2872	156.3922	0.0000	3.0000	1.0032	0.6671	0.7377	106.6520	1.0627
8.6495	22.7943	-45.9874	1.0000	47.7392	51.5692	75.8750	1.0000	58.0000	0.0452	0.4843	0.1569	50.4992	1.1949
32.2732	32.3750	-89.0243	1.0000	47.5703	47.1291	73.9578	1.0000	28.0000	0.0486	0.5287	0.1782	55.3045	1.3175
21.0124	70.4630	-42.5585	1.0000	47.6761	95.7971	74.9656	1.0000	44.0000	0.0465	0.0420	0.1670	15.7828	1.1963
79.9617	88.6197	30.2442	1.0000	78.0130	95.6578	131.0602	1.0000	8.0000	0.5603	0.0434	0.4562	49.8952	1.0955
98.1658	2.0369	147.0010	1.0000	52.0803	19.6214	117.2301	1.0000	54.0000	0.0416	0.8038	0.3026	84.8912	1.0947
19.0365	82.9020	95.3544	1.0000	28.8081	95.2803	45.0032	1.0000	16.0000	0.4238	0.0472	0.5000	49.9608	1.0146
23.0979	25.0629	-61.0737	1.0000	47.6034	45.8728	74.2922	1.0000	42.0000	0.0479	0.5413	0.1745	56.4113	1.3064
42.9488	45.0823	146.8910	1.0000	47.5462	64.1123	77.3370	1.0000	20.0000	0.0491	0.3589	0.1407	38.1353	1.0216
25.5403	7.7331	69.2679	1.0000	47.5651	44.4622	70.7529	1.0000	43.0000	0.0487	0.5554	0.2139	58.8288	1.0040
68.5473	27.9257	-1.0429	1.0000	70.4955	30.9473	92.3086	1.0000	4.0000	0.4099	0.6905	0.0257	72.0671	1.1126
29.4811	94.6444	100.0123	1.0000	29.6232	95.6343	81.8276	1.0000	1.0000	0.4075	0.0437	0.0908	22.3844	1.0000
18.0747	84.0578	-42.6574	1.0000	40.7909	95.6123	60.1661	1.0000	31.0000	0.1842	0.0439	0.3315	31.5297	1.2164
10.9017	80.2154	206.5630	1.0000	18.1542	95.4594	45.0144	1.0000	21.0000	0.6369	0.0454	0.4998	55.3035	1.2440
75.1829	2.9002	-75.7699	1.0000	79.6245	4.5791	93.7220	1.0000	7.0000	0.5925	0.9542	0.0414	99.9830	1.4742
68.4400	64.6096	109.1357	1.0000	52.1374	87.2753	117.4708	1.0000	28.0000	0.0427	0.1272	0.3052	30.3501	1.0029
83.4859	95.5981	-86.0559	1.0000	87.9861	95.5621	61.3075	1.0000	6.0000	0.7597	0.0444	0.3188	47.8111	1.3332
33.0192	46.3816	74.4951	1.0000	47.6855	91.0165	74.3268	1.0000	47.0000	0.0463	0.0898	0.1741	18.2128	1.0004
59.6574	12.6986	-32.0951	1.0000	52.2580	32.1263	118.1852	1.0000	25.0000	0.0452	0.6787	0.3132	73.5278	1.2026
87.8645	90.4334	160.2185	1.0000	60.4435	95.4783	130.0220	1.0000	29.0000	0.2089	0.0452	0.4447	41.6086	1.0401
38.3051	37.3030	249.8074	1.0000	47.5157	80.3841	75.8870	1.0000	50.0000	0.0497	0.1962	0.1568	24.2926	1.1350
26.3804	36.2318	4.8081	1.0000	47.6508	64.2377	71.5679	1.0000	37.0000	0.0470	0.3576	0.2048	40.3014	1.0521
69.6610	15.2143	247.8406	1.0000	52.4437	24.8284	118.3438	1.0000	24.0000	0.0489	0.7517	0.3149	80.3748	1.2171
13.4565	34.8285	79.3141	1.0000	47.7517	84.5745	73.0795	1.0000	61.0000	0.0450	0.1543	0.1880	23.0066	1.0096
61.3338	69.4166	56.7113	1.0000	61.6731	71.3702	87.6471	1.0000	2.0000	0.2335	0.2863	0.0261	31.0075	1.0086
68.8534	25.5997	264.9697	1.0000	52.1715	34.0220	117.6351	1.0000	24.0000	0.0434	0.6598	0.3071	71.5647	1.2843
9.1581	39.7876	-35.8470	1.0000	47.7438	69.9898	75.6961	1.0000	57.0000	0.0451	0.3001	0.1589	33.3212	1.1633
41.6925	19.9840	236.9824	1.0000	37.7718	22.2058	88.6607	1.0000	6.0000	0.2446	0.7779	0.0149	78.7607	1.3314
25.8206	69.7627	209.7694	1.0000	22.7473	72.5586	89.2590	1.0000	5.0000	0.5451	0.2744	0.0082	38.6819	1.2034
62.8463	11.3155	55.1195	1.0000	63.2206	13.2627	86.6199	1.0000	2.0000	0.2644	0.8674	0.0376	87.8041	1.0086
79.2161	97.3526	238.8864	1.0000	78.6265	96.5449	233.8741	1.0000	1.0000	0.5725	0.0346	1.5986	146.7350	1.0000
3.2682	44.4202	111.8795	1.0000	3.3261	45.4186	86.6815	1.0000	1.0000	0.9335	0.5458	0.0369	71.8930	1.0000
11.6491	10.6661	116.2994	1.0000	11.6269	11.6659	91.2731	1.0000	1.0000	0.7675	0.8833	0.0141	96.3174	1.0000
55.4839	88.2314	144.3600	1.0000	52.1220	93.1299	117.3498	1.0000	6.0000	0.0424	0.0687	0.3039	28.2792	1.0099
38.4012	43.9441	-70.1052	1.0000	47.5235	49.0857	71.5163	1.0000	14.0000	0.0495	0.5091	0.2054	54.2221	1.3370
98.9821	48.3734	265.1246	1.0000	52.3847	53.2763	118.3658	1.0000	59.0000	0.0477	0.4672	0.3152	54.7120	1.2592
4.4137	47.7138	14.6654	1.0000	47.7222	84.5721	75.1651	1.0000	62.0000	0.0456	0.1543	0.1648	21.5240	1.0902
27.5701	4.2894	-44.3453	1.0000	47.6920	27.3314	75.6464	1.0000	36.0000	0.0462	0.7267	0.1595	74.1086	1.1768
68.4385	14.7932	31.9962	1.0000	52.1161	42.0651	117.3738	1.0000	33.0000	0.0423	0.5793	0.3042	64.1113	1.0383
47.9767	32.4706	121.1315	1.0000	47.6549	33.4174	108.7726	1.0000	1.0000	0.0469	0.6658	0.2086	69.2182	1.0000
78.8219	14.8651	-74.6684	1.0000	52.2857	41.5071	118.8828	1.0000	49.0000	0.0457	0.5849	0.3209	65.2753	1.3031
4.9943	12.4293	98.7149	1.0000	47.5303	70.7695	70.4157	1.0000	73.0000	0.0494	0.2923	0.2176	35.2713	1.0111
89.7264	65.0982	-35.2194	1.0000	92.9347	67.6812	88.5361	1.0000	5.0000	0.8587	0.3232	0.0163	53.7591	1.2139
78.6343	33.4221	219.0804	1.0000	52.2716	46.3309	118.4167	1.0000	34.0000	0.0454	0.5367	0.3157	60.7704	1.1583
2.2030	28.0212	-49.2719	1.0000	47.7262	56.8547	74.3126	1.0000	64.0000	0.0455	0.4315	0.1743	45.9651	1.1877
53.5697	76.3161	252.4624	1.0000	52.2941	74.7980	222.4624	1.0000	2.0000	0.0459	0.2520	1.4718	134.8580	1.0086
16.8573	82.3590	11.5225	1.0000	37.4042	95.0351	61.3590	1.0000	26.0000	0.2519	0.0496	0.3182	31.6798	1.0769
9.7028	88.0872	196.2978	1.0000	9.3018	95.0659	53.8264	1.0000	9.0000	0.8140	0.0493	0.4019	54.6738	1.2875
54.0591	19.7629	104.1960	1.0000	52.4856	24.5087	107.6220	1.0000	5.0000	0.0497	0.7549	0.1958	77.5606	1.0000
54.9178	92.9594	9.5418	1.0000	56.5665	95.3171	73.5154	1.0000	3.0000	0.1313	0.0468	0.1832	18.3519	1.0428
53.9931	89.4488	129.9663	1.0000	52.0408	92.9391	117.6429	1.0000	4.0000	0.0408	0.0706	0.3071	28.6033	1.0002
24.9576	43.7328	4.5285	1.0000	47.5841	73.7731	73.8686	1.0000	40.0000	0.0483	0.2623	0.1792	30.8854	1.0636
6.8157	92.5546	-72.6351	1.0000	37.5259	95.8558	60.6586	1.0000	39.0000	0.2495	0.0414	0.3260	32.1511	1.2627
57.8133	94.3972	-43.8154	1.0000	61.1952	95.4903	55.0333	1.0000	4.0000	0.2239	0.0451	0.3885	36.9911	1.1255
43.6132	66.6322	146.7206	1.0000	47.5498	83.7752	77.2396	1.0000	18.0000	0.0490	0.1622	0.1418	20.7864	1.0234
60.4101	82.5999	104.3450	1.0000	52.2622	95.1175	118.1385	1.0000	15.0000	0.0452	0.0488	0.3126	28.6484	1.0043
96.5639	6.8930	187.2917	1.0000	52.1244	21.9688	117.4108	1.0000	52.0000	0.0425	0.7803	0.3046	82.7329	1.1081
1.5718	98.1353	68.3553	1.0000	2.0204	99.0291	63.3471	1.0000	1.0000	0.9596	0.0097	0.2961	54.8941	1.0000
92.1627	99.0272	226.2735	1.0000	91.4110	98.3677	221.2658	1.0000	1.0000	0.8282	0.0163	1.4585	137.6526	1.0000
12.8847	21.5849	255.7871	1.0000	47.7140	78.1299	72.3438	1.0000	75.0000	0.0457	0.2187	0.1962	28.2006	1.1293
48.7621	68.0685	71.1433	1.0000	49.0157	69.0358	75.3090	1.0000	1.0000	0.0197	0.3096	0.1632	34.2867	1.0000
78.1910	67.1581	78.9083	1.0000	52.2051	92.6847	117.8260	1.0000	38.0000	0.0441	0.0732	0.3092	28.8559	1.0432
0.4444	9.4065	-27.7792	1.0000	47.6598	42.0280	73.7025	1.0000	65.0000	0.0468	0.5797	0.1811	60.2647	1.1326
20.1100	58.1037	-24.4800	1.0000	47.6614	86.7306	74.9214	1.0000	45.0000	0.0468	0.1327	0.1675	20.2215	1.1326
45.0599	49.1442	-48.1726	1.0000	47.8455	48.2299	-3.1726	1.0000	3.0000	0.0431	0.5177	1.0353	106.6111	1.0232
81.9375	9.5400	205.7854	1.0000	52.3296	23.8662	118.6605	1.0000	37.0000	0.0466	0.7613	0.3184	81.3830	1.1249
15.3835	99.2909	214.9363	1.0000	14.3986	99.1180	189.9559	1.0000	1.0000	0.7120	0.0088	1.1106	106.1104	1.0000
16.6473	55.8102	253.1530	1.0000	40.9917	95.8273	60.2336	1.0000	55.0000	0.1802	0.0417	0.3307	31.3783	1.1742
53.8606	94.5603	255.4611	1.0000	51.8042	92.4706	210.4611	1.0000	3.0000	0.0361	0.0753	1.3385	120.7097	1.0232
97.2898	34.4410	-24.4865	1.0000	100.1472	36.5668	73.0900	0.0000	4.0000	1.0029	0.6343	0.1879	82.6103	1.1231
47.9802	26.6319	3.0247	1.0000	48.9311	26.9413	18.0247	1.0000	1.0000	0.0214	0.7306	0.7997	102.5629	1.0000
78.0237	96.2144	-86.1561	1.0000	78.4871	95.3283	-62.3971	1.0000	1.0000	0.5697	0.0467	1.6933	155.1071	1.0000
82.5164	26.0713	176.1933	1.0000	52.1052	42.2482	117.3259	1.0000	38.0000	0.0421	0.5775	0.3036	63.9250	1.1032
69.9614	92.6983	36.2351	1.0000	70.3935	95.5343	101.2412	1.0000	3.0000	0.4079	0.0447	0.1249	23.7108	1.0458
25.5680	41.9483	79.9358	1.0000	47.7740	79.7084	73.3753	1.0000	44.0000	0.0445	0.2029	0.1847	26.3265	1.0044
9.9677	38.3527	-43.2124	1.0000	47.5683	64.5455	70.5329	1.0000	54.0000	0.0486	0.3545	0.2163	40.5204	1.1784
75.9179	15.6624	198.6577	1.0000	52.2424	30.5455	118.3888	1.0000	31.0000	0.0448	0.6945	0.3154	75.0658	1.1085
64.4965	80.3189	60.5630	1.0000	64.7360	82.2873	90.5630	1.0000	2.0000	0.2947	0.1771	0.0063	23.0479	1.0086
75.8568	47.8161	-78.3306	1.0000	80.3434	49.3172	91.8391	1.0000	7.0000	0.6069	0.5068	0.0204	59.1004	1.4796
3.2754	88.8540	-7.3481	1.0000	33.1962	95.4587	44.7369	1.0000	31.0000	0.3361	0.0454	0.5029	48.4947	1.0117
4.2602	45.7511	264.4736	1.0000	-0.2379	45.8524	116.9904	0.0000	6.0000	1.0048	0.5415	0.2999	78.6403	1.3336
93.8137	83.5627	36.5607	1.0000	94.3521	85.4399	86.4569	1.0000	2.0000	0.8870	0.1456	0.0394	46.8151	1.0241
2.3309	72.9003	103.9398	1.0000	21.9068	95.2224	45.0000	1.0000	30.0000	0.5619	0.0478	0.5000	53.2640	1.0104
51.0664	41.7381	51.9922	1.0000	51.4868	42.6455	65.1400	1.0000	1.0000	0.0297	0.5735	0.2762	62.5282	1.0000
40.5170	29.7662	-25.4883	1.0000	47.7281	37.7090	74.0090	1.0000	12.0000	0.0454	0.6229	0.1777	64.3509	1.1186
82.5966	83.8579	57.5049	1.0000	65.1270	95.0464	157.2964	1.0000	23.0000	0.3025	0.0495	0.7477	69.1532	1.1087
89.3050	32.9653	25.6306	1.0000	52.0959	60.0253	117.2870	1.0000	52.0000	0.0419	0.3997	0.3032	48.4453	1.1302
66.1378	11.8427	-25.8872	1.0000	69.1850	14.8155	87.7793	1.0000	5.0000	0.3837	0.8518	0.0247	87.3464	1.1745
23.8052	63.7274	53.9632	1.0000	44.7950	95.1410	60.1299	1.0000	38.0000	0.1041	0.0486	0.3319	30.7071	1.0058
0.5860	18.6810	258.7262	1.0000	-0.8637	17.3734	209.5151	0.0000	2.0000	1.0173	0.8263	1.3279	153.9420	1.0244
81.8335	7.4371	-46.5670	1.0000	52.2378	34.7197	118.4500	1.0000	50.0000	0.0448	0.6528	0.3161	71.2455	1.2422
76.2021	87.4586	48.2478	1.0000	72.5065	95.0968	139.3845	1.0000	9.0000	0.4501	0.0490	0.5487	54.4923	1.0607
1.6373	70.3672	214.4761	1.0000	-0.3168	70.4557	165.3801	0.0000	2.0000	1.0063	0.2954	0.8376	95.3247	1.0224
38.1770	60.6376	151.2889	1.0000	47.7533	94.7660	73.6244	1.0000	36.0000	0.0449	0.0523	0.1820	17.3379	1.0156
58.1691	10.3791	162.1992	1.0000	52.0998	16.6052	117.0472	1.0000	9.0000	0.0420	0.8339	0.3005	87.6963	1.0351
18.5139	4.1180	23.2727	1.0000	47.7276	38.2202	72.4302	1.0000	47.0000	0.0454	0.6178	0.1952	64.2698	1.0467
95.8870	85.9256	-16.3383	1.0000	93.2860	95.5125	146.5461	1.0000	13.0000	0.8657	0.0449	0.6283	71.3531	1.3087
93.8314	85.0284	57.1221	1.0000	66.2558	95.1799	163.0120	1.0000	33.0000	0.3251	0.0482	0.8112	74.9549	1.1230
53.3626	29.3314	41.5981	1.0000	54.2075	32.1540	86.7271	1.0000	3.0000	0.0841	0.6785	0.0364	68.0551	1.0182
11.3273	10.9770	-32.7414	1.0000	47.7220	40.3108	74.4621	1.0000	54.0000	0.0456	0.5969	0.1726	61.7205	1.1552
52.3550	60.2652	157.6771	1.0000	51.6087	60.9309	138.2649	1.0000	1.0000	0.0322	0.3907	0.5363	62.1167	1.0000
73.6149	64.2054	177.0075	1.0000	52.2129	80.8038	117.8758	1.0000	29.0000	0.0443	0.1920	0.3097	33.9183	1.0707
10.9185	16.2366	-15.3171	1.0000	47.7297	48.5808	75.6477	1.0000	55.0000	0.0454	0.5142	0.1595	53.4329	1.1224
28.0646	23.7437	-77.3830	1.0000	47.5551	40.1021	73.3988	1.0000	36.0000	0.0489	0.5990	0.1845	62.2040	1.4148
90.8261	1.1407	72.4623	1.0000	52.4543	25.9151	118.3593	1.0000	50.0000	0.0491	0.7408	0.3151	79.3653	1.0947
31.0606	21.2425	169.6077	1.0000	47.7410	57.9687	73.1857	1.0000	42.0000	0.0452	0.4203	0.1868	45.3261	1.0412
79.0418	13.4507	188.7056	1.0000	52.3173	28.6818	118.7428	1.0000	34.0000	0.0463	0.7132	0.3194	76.9272	1.1053
53.7303	28.6410	218.1615	1.0000	51.8210	28.1057	188.1615	1.0000	2.0000	0.0364	0.7189	1.0907	121.6873	1.0086
35.5167	59.0874	-70.3061	1.0000	47.5386	69.4563	71.7256	1.0000	20.0000	0.0492	0.3054	0.2030	35.6782	1.2598
28.5639	38.3528	197.8616	1.0000	47.6135	78.7073	71.2586	1.0000	48.0000	0.0477	0.2129	0.2082	28.4660	1.0756
8.2265	91.0011	60.0751	1.0000	12.1472	95.5302	45.7349	1.0000	6.0000	0.7571	0.0447	0.4918	58.4141	1.0016
32.9089	20.9785	266.3973	1.0000	47.6051	57.5032	71.2153	1.0000	48.0000	0.0479	0.4250	0.2087	46.5251	1.2192
69.6685	60.4834	152.7720	1.0000	52.2550	79.0983	118.2241	1.0000	26.0000	0.0451	0.2090	0.3136	35.1933	1.0200
76.1939	28.7402	114.4633	1.0000	52.2931	51.5664	118.9247	1.0000	34.0000	0.0459	0.4843	0.3214	56.4598	1.0288
62.6126	8.0041	99.4997	1.0000	52.0705	23.7119	117.1962	1.0000	19.0000	0.0414	0.7629	0.3022	81.0172	1.0044
69.1371	75.7934	-54.3626	1.0000	73.2237	77.9399	86.9588	1.0000	6.0000	0.4645	0.2206	0.0338	32.1751	1.2998
77.3244	56.2949	68.0216	1.0000	77.2839	57.2940	92.3261	1.0000	1.0000	0.5457	0.4271	0.0258	50.7309	1.0000
49.8898	30.3946	11.2119	1.0000	50.7870	30.8363	26.2119	1.0000	1.0000	0.0157	0.6916	0.7088	94.0912	1.0000
54.8801	92.6726	177.3222	1.0000	52.3184	94.0843	134.8234	1.0000	3.0000	0.0464	0.0592	0.4980	45.2715	1.0257
70.3625	98.2349	265.3653	1.0000	70.1947	97.2491	260.3395	1.0000	1.0000	0.4039	0.0275	1.8927	171.5545	1.0000
40.7678	3.8152	138.7529	1.0000	40.3776	5.7279	88.9567	1.0000	2.0000	0.1924	0.9427	0.0116	94.7677	1.0246
72.4728	56.1156	138.6782	1.0000	52.2297	75.8662	118.5578	1.0000	29.0000	0.0446	0.2413	0.3173	37.4561	1.0254
61.3746	27.3316	75.4655	1.0000	61.3665	28.3316	90.4655	1.0000	1.0000	0.2273	0.7167	0.0052	72.5657	1.0000
6.4939	18.1675	175.2028	1.0000	47.7786	79.6520	73.0435	1.0000	77.0000	0.0444	0.2035	0.1884	26.5800	1.0397
32.9599	18.7699	172.7892	1.0000	47.7283	60.6853	75.5897	1.0000	46.0000	0.0454	0.3931	0.1601	41.9340	1.0351
66.4171	64.6116	70.6319	1.0000	66.4821	65.6095	86.2696	1.0000	1.0000	0.3296	0.3439	0.0414	38.3182	1.0000
41.3971	82.5788	142.8936	1.0000	40.8752	84.4607	93.0487	1.0000	2.0000	0.1825	0.1554	0.0339	18.2764	1.0241
94.8697	46.8705	-35.2934	1.0000	98.0812	49.4496	88.4646	1.0000	5.0000	0.9616	0.5055	0.0171	69.7818	1.2139
67.7824	47.8840	147.6186	1.0000	52.2017	67.2214	117.8044	1.0000	25.0000	0.0440	0.3278	0.3089	43.0392	1.0067
32.7980	46.0564	175.3702	1.0000	47.5173	82.4070	73.6151	1.0000	41.0000	0.0497	0.1759	0.1821	24.1690	1.0454
42.8554	38.6131	198.6061	1.0000	47.7202	64.8499	74.1863	1.0000	29.0000	0.0456	0.3515	0.1757	38.6109	1.0868
21.4271	60.2970	190.1361	1.0000	19.1830	63.0518	92.2183	1.0000	4.0000	0.6163	0.3695	0.0246	48.1641	1.1258
19.6672	62.9482	-14.7611	1.0000	47.5054	91.1993	71.1560	1.0000	44.0000	0.0499	0.0880	0.2094	20.9469	1.1094
57.0215	58.4589	140.5137	1.0000	52.4191	64.9470	118.2413	1.0000	8.0000	0.0484	0.3505	0.3138	45.0792	1.0057
93.6039	49.6112	28.9577	1.0000	52.1633	76.3239	117.5962	1.0000	56.0000	0.0433	0.2368	0.3066	36.4251	1.1358
25.5136	58.5292	-32.6036	1.0000	47.5540	82.2996	71.5245	1.0000	37.0000	0.0489	0.1770	0.2053	25.7027	1.1414
38.3368	87.9168	28.0277	1.0000	42.9339	95.6011	61.5332	1.0000	9.0000	0.1413	0.0440	0.3163	29.6588	1.0051
26.8204	26.4201	209.1648	1.0000	23.7577	29.2376	89.1607	1.0000	5.0000	0.5248	0.7076	0.0093	75.4764	1.2015
46.6559	83.3972	199.8183	1.0000	43.6568	86.3152	87.3559	1.0000	5.0000	0.1269	0.1368	0.0294	15.3134	1.1949
74.6779	37.1275	264.1643	1.0000	52.1807	42.8919	117.6868	1.0000	34.0000	0.0436	0.5711	0.3076	63.5031	1.4640
2.1625	96.3113	183.9258	1.0000	1.2218	96.6506	160.1626	1.0000	1.0000	0.9756	0.0335	0.7796	85.5180	1.0000
98.8656	27.4820	91.5347	1.0000	52.2879	51.8738	118.9590	1.0000	58.0000	0.0458	0.4813	0.3218	56.2138	1.1031
60.3951	87.6871	92.5542	1.0000	55.7132	95.2822	128.3865	1.0000	9.0000	0.1143	0.0472	0.4265	39.0950	1.0087
89.9912	74.2306	24.8841	1.0000	55.6609	95.5814	128.4919	1.0000	46.0000	0.1132	0.0442	0.4277	39.1561	1.1378
78.9123	23.5713	75.9800	1.0000	52.0481	49.4080	117.1212	1.0000	39.0000	0.0410	0.5059	0.3013	57.4396	1.0464
98.8563	87.6636	243.4158	1.0000	52.7987	95.7915	119.6299	1.0000	55.0000	0.0560	0.0421	0.3292	30.0579	1.1760
8.5491	9.9254	-73.1279	1.0000	47.5123	30.8242	70.3616	1.0000	58.0000	0.0498	0.6918	0.2182	71.9524	1.3118
55.0214	88.4187	212.8594	1.0000	52.0949	88.2805	167.3859	1.0000	3.0000	0.0419	0.1172	0.8598	78.2963	1.0240
8.0616	18.5882	123.7353	1.0000	47.5344	75.1288	70.4750	1.0000	70.0000	0.0493	0.2487	0.2169	31.7156	1.0151
9.3416	27.0658	266.5539	1.0000	4.7707	27.9925	94.2795	1.0000	7.0000	0.9046	0.7201	0.0476	85.1416	1.5009
62.6494	51.5276	196.9637	1.0000	52.2872	59.6842	118.3687	1.0000	14.0000	0.0457	0.4032	0.3152	49.3496	1.0616
74.8572	36.0363	120.4092	1.0000	52.1287	58.9268	117.4304	1.0000	33.0000	0.0426	0.4107	0.3048	49.4365	1.0230
74.9029	30.9283	261.3362	1.0000	52.1075	37.3458	117.3357	1.0000	34.0000	0.0422	0.6265	0.3037	68.3903	1.4357
56.2745	38.4516	56.9902	1.0000	56.6075	40.4063	87.8336	1.0000	2.0000	0.1321	0.5959	0.0241	59.9980	1.0086
32.7875	91.3797	87.4521	1.0000	33.9480	95.2066	71.7616	1.0000	4.0000	0.3210	0.0479	0.2026	24.7646	1.0003
94.5226	58.1769	252.5835	1.0000	52.2225	65.9552	117.9920	1.0000	53.0000	0.0445	0.3404	0.3110	44.1310	1.2323
91.7954	28.2158	60.2803	1.0000	52.2819	53.7670	118.7552	1.0000	52.0000	0.0456	0.4623	0.3195	54.4937	1.1051
9.0096	96.4236	44.6204	1.0000	9.7213	97.1260	44.6204	1.0000	1.0000	0.8056	0.0287	0.5042	60.7449	1.0000
74.3426	13.7278	-46.9083	1.0000	52.2187	41.1060	118.2914	1.0000	43.0000	0.0444	0.5889	0.3143	65.3745	1.2216
65.4265	42.6582	-77.0162	1.0000	70.0546	44.1757	88.2819	1.0000	7.0000	0.4011	0.5582	0.0191	59.3421	1.4372
35.1830	69.0005	-14.7935	1.0000	47.7012	87.1826	72.0904	1.0000	23.0000	0.0460	0.1282	0.1990	22.1432	1.0419
6.3026	1.3442	145.6054	1.0000	47.5740	60.8127	70.5871	1.0000	74.0000	0.0485	0.3919	0.2157	43.7995	1.0223
53.8102	80.5842	265.5613	1.0000	52.1521	78.1662	220.5613	1.0000	3.0000	0.0430	0.2183	1.4507	132.3918	1.0232
6.1613	76.5813	11.8740	1.0000	39.3334	95.5350	61.0729	1.0000	41.0000	0.2133	0.0446	0.3214	31.1527	1.0732
67.3525	33.7589	86.2936	1.0000	52.1091	55.8517	117.3427	1.0000	27.0000	0.0422	0.4415	0.3038	51.9726	1.0059
61.9171	83.6101	-46.4262	1.0000	59.9740	95.6674	128.4722	1.0000	17.0000	0.1995	0.0433	0.4275	39.9795	1.3920
6.1245	61.1978	-58.7401	1.0000	47.5333	85.5935	70.4287	1.0000	59.0000	0.0493	0.1441	0.2175	24.4268	1.2276
84.1134	15.4812	235.0545	1.0000	52.0732	26.7844	117.2053	1.0000	41.0000	0.0415	0.7322	0.3023	78.1342	1.2068
12.9318	95.2223	-22.0530	1.0000	23.8246	95.0241	8.3834	1.0000	11.0000	0.5235	0.0498	0.9069	85.8556	1.0097
92.7562	24.3359	216.0430	1.0000	52.3867	37.3338	118.3567	1.0000	48.0000	0.0477	0.6267	0.3151	68.8248	1.1318
26.1117	85.8028	62.8600	1.0000	33.2551	95.3660	59.2573	1.0000	12.0000	0.3349	0.0463	0.3416	35.3126	1.0053
42.7784	8.0108	265.9444	1.0000	38.2168	8.9869	93.6388	1.0000	7.0000	0.2357	0.9101	0.0404	91.8448	1.5006
68.0796	86.0895	-73.0649	1.0000	72.6378	87.7883	91.2895	1.0000	7.0000	0.4528	0.1221	0.0143	25.7538	1.4390
17.5393	76.5398	24.2678	1.0000	39.0826	95.4133	60.2789	1.0000	30.0000	0.2183	0.0459	0.3302	31.9933	1.0474
20.0799	62.7208	102.3950	1.0000	42.0197	95.7117	60.2636	1.0000	40.0000	0.1596	0.0429	0.3304	31.0858	1.0096
44.5070	95.7335	-27.5575	1.0000	45.4830	95.5160	-12.5575	1.0000	1.0000	0.0903	0.0448	1.1395	102.7548	1.0000
67.7718	92.8949	48.6483	1.0000	68.0309	95.7927	102.2332	1.0000	3.0000	0.3606	0.0421	0.1359	22.1916	1.0312
39.3603	77.8117	196.0134	1.0000	41.9987	95.4721	70.6714	1.0000	20.0000	0.1600	0.0453	0.2148	21.4037	1.1200
23.9950	32.9380	24.7588	1.0000	47.5888	64.8736	71.2381	1.0000	41.0000	0.0482	0.3513	0.2085	39.8960	1.0326
80.6288	79.3078	215.7677	1.0000	52.2736	92.7811	118.4807	1.0000	36.0000	0.0455	0.0722	0.3165	29.4692	1.1467
79.7818	34.8012	20.6621	1.0000	80.7625	37.4453	94.2023	1.0000	3.0000	0.6153	0.6255	0.0467	69.8361	1.0638
89.3944	62.9489	118.4914	1.0000	52.0590	85.1053	117.1570	1.0000	47.0000	0.0412	0.1489	0.3017	31.0418	1.0826
67.1776	83.0161	37.5474	1.0000	61.8596	95.0281	128.4705	1.0000	14.0000	0.2372	0.0497	0.4274	40.5629	1.0657
17.8961	60.3419	-52.6777	1.0000	47.5976	82.7127	70.7846	1.0000	46.0000	0.0480	0.1729	0.2135	25.9587	1.2371
25.6085	95.7262	0.0685	1.0000	26.6078	95.7644	2.1903	1.0000	1.0000	0.4678	0.0424	0.9757	90.9707	1.0000
60.2283	64.5139	7.0461	1.0000	61.9795	67.8204	87.4872	1.0000	4.0000	0.2396	0.3218	0.0279	34.4289	1.0691
65.7456	3.0357	-61.8237	1.0000	52.1221	30.9126	117.4002	1.0000	38.0000	0.0424	0.6909	0.3044	74.3528	1.2247
98.6990	27.9490	4.8597	1.0000	100.1584	29.2452	54.2057	0.0000	2.0000	1.0032	0.7075	0.3977	93.8261	1.0247
88.4576	89.5561	-46.2457	1.0000	90.6386	95.1653	121.0724	1.0000	9.0000	0.8128	0.0483	0.3452	51.3845	1.4954
95.7166	28.9765	121.3835	1.0000	52.0692	50.3034	117.1917	1.0000	53.0000	0.0414	0.4970	0.3021	56.6870	1.0910
4.0161	42.1682	247.5944	1.0000	-0.0760	42.6432	123.8499	0.0000	5.0000	1.0015	0.5736	0.3761	83.3260	1.2137
18.5165	79.7101	177.3784	1.0000	27.1464	95.0260	45.0054	1.0000	20.0000	0.4571	0.0497	0.4999	50.7104	1.1377
35.3971	4.1033	117.5717	1.0000	35.3424	5.1018	93.1385	1.0000	1.0000	0.2932	0.9490	0.0349	96.0748	1.0000
14.4553	43.4302	146.4120	1.0000	47.6233	95.2819	71.7838	1.0000	63.0000	0.0475	0.0472	0.2024	18.9668	1.0235
15.9536	63.2214	-59.8368	1.0000	47.6782	87.3670	75.4056	1.0000	51.0000	0.0464	0.1263	0.1622	19.4417	1.2792
6.2083	17.0704	-27.4653	1.0000	47.5565	48.2830	72.9989	1.0000	59.0000	0.0489	0.5172	0.1889	54.4945	1.1389
55.6970	4.1534	247.0625	1.0000	52.3650	2.2635	187.0625	1.0000	4.0000	0.0473	0.9774	1.0785	137.7648	1.0442
90.7192	6.9194	164.3901	1.0000	52.2097	23.0948	117.8554	1.0000	46.0000	0.0442	0.7691	0.3095	81.8243	1.1013
89.4216	65.1390	-41.2597	1.0000	52.3341	91.9271	118.6325	1.0000	57.0000	0.0467	0.0807	0.3181	29.8403	1.2459
40.4902	88.7703	45.6615	1.0000	44.4836	95.7023	60.0547	1.0000	8.0000	0.1103	0.0430	0.3327	30.7509	1.0000
29.2128	24.8247	216.3562	1.0000	47.7004	65.0842	72.1650	1.0000	49.0000	0.0460	0.3492	0.1982	39.2746	1.1061
81.9820	33.8614	112.6565	1.0000	52.2203	57.3832	118.1609	1.0000	40.0000	0.0444	0.4262	0.3129	51.1288	1.0544
73.4458	17.7495	206.6996	1.0000	52.0531	32.6550	117.1376	1.0000	29.0000	0.0411	0.6735	0.3015	72.6362	1.1122
6.4985	23.3331	79.2272	1.0000	47.7667	80.2119	73.3409	1.0000	71.0000	0.0447	0.1979	0.1851	25.9631	1.0103
34.5592	75.0576	217.7039	1.0000	39.6561	95.3806	62.1001	1.0000	25.0000	0.2069	0.0462	0.3100	30.1121	1.1932
45.0302	3.1647	148.4202	1.0000	47.5515	16.5131	76.2246	1.0000	14.0000	0.0490	0.8349	0.1531	84.6512	1.0306
78.6400	30.2325	212.2610	1.0000	52.2246	44.1352	118.6271	1.0000	34.0000	0.0445	0.5586	0.3181	62.8119	1.1390
93.2318	67.0466	-17.1078	1.0000	52.2855	94.0252	118.8778	1.0000	59.0000	0.0457	0.0597	0.3209	29.5778	1.2032
49.4550	56.5889	-81.0501	1.0000	49.8609	55.6750	-66.0501	1.0000	1.0000	0.0028	0.4433	1.7339	162.2232	1.0000
36.6263	32.0009	67.1503	1.0000	47.5710	59.8906	76.7981	1.0000	30.0000	0.0486	0.4011	0.1467	42.2960	1.0013
21.3249	36.5333	-88.7617	1.0000	47.6092	50.3013	70.9324	1.0000	46.0000	0.0478	0.4970	0.2119	53.2846	1.5503
88.5323	25.0414	-75.9868	1.0000	52.1151	51.2762	117.3691	1.0000	59.0000	0.0423	0.4872	0.3041	55.9245	1.3145
50.2498	52.4549	13.8957	1.0000	51.1237	52.9410	29.0875	1.0000	1.0000	0.0225	0.4706	0.6768	76.9815	1.0000
45.1414	61.6458	64.6607	1.0000	47.7562	69.1828	73.7114	1.0000	8.0000	0.0449	0.3082	0.1810	34.9293	1.0028
62.7873	86.2783	76.9020	1.0000	62.7541	87.2778	91.9020	1.0000	1.0000	0.2551	0.1272	0.0211	18.1146	1.0000
13.9899	97.2649	225.3071	1.0000	13.0516	96.9189	200.2399	1.0000	1.0000	0.7390	0.0308	1.2249	116.3078	1.0000
64.1550	35.7040	171.5562	1.0000	52.0907	48.3838	117.2650	1.0000	18.0000	0.0418	0.5162	0.3029	58.4122	1.0284
10.5524	88.6261	-80.0234	1.0000	41.0027	95.4006	60.3396	1.0000	43.0000	0.1799	0.0460	0.3296	31.3344	1.3784
14.2069	52.5073	-10.0802	1.0000	47.5890	82.7029	72.2175	1.0000	50.0000	0.0482	0.1730	0.1976	24.9243	1.1108
33.2064	20.0041	-38.8403	1.0000	47.6481	38.9321	73.2990	1.0000	26.0000	0.0470	0.6107	0.1856	63.3541	1.0921
68.4473	79.9523	60.9709	1.0000	58.7162	95.7101	128.4905	1.0000	19.0000	0.1743	0.0429	0.4277	39.6975	1.0259
51.9552	61.9876	67.5381	1.0000	52.1756	62.9630	77.2677	1.0000	1.0000	0.0435	0.3704	0.1415	39.2248	1.0000
61.3886	20.0318	159.0105	1.0000	52.2732	30.3292	118.5360	1.0000	14.0000	0.0455	0.6967	0.3171	75.3225	1.0180
49.0625	98.5545	232.0501	1.0000	48.2575	97.9612	216.3938	1.0000	1.0000	0.0348	0.0204	1.4044	126.4222	1.0000
59.1791	38.9077	112.7275	1.0000	52.0556	49.7361	117.1530	1.0000	13.0000	0.0411	0.5026	0.3017	57.1661	1.0030
85.2189	38.3958	79.5908	1.0000	52.1761	64.1569	117.6623	1.0000	45.0000	0.0435	0.3584	0.3074	45.3284	1.0740
92.4382	67.1882	-77.9151	1.0000	96.8294	68.8175	94.4199	1.0000	7.0000	0.9366	0.3118	0.0491	56.4347	1.4945
43.4556	45.1318	152.1739	1.0000	47.7689	64.1190	73.6340	1.0000	20.0000	0.0446	0.3588	0.1818	39.5003	1.0272
4.4073	90.6441	-83.7537	1.0000	39.4969	95.5618	60.1797	1.0000	47.0000	0.2101	0.0444	0.3313	31.9259	1.3265
48.4670	45.9754	-20.0497	1.0000	49.4632	45.8874	-5.0497	1.0000	1.0000	0.0107	0.5411	1.0561	109.3751	1.0000
2.6498	98.7047	-77.9038	1.0000	2.9441	97.7490	-72.8895	1.0000	1.0000	0.9411	0.0225	1.8099	169.5651	1.0000
21.1054	84.4594	15.2621	1.0000	37.1120	95.7195	61.1077	1.0000	21.0000	0.2578	0.0428	0.3210	31.9247	1.0731
51.9328	54.2052	223.3646	1.0000	51.0528	53.7301	208.3646	1.0000	1.0000	0.0211	0.4627	1.3152	127.0913	1.0000
50.3225	14.2355	239.7069	1.0000	49.6118	13.5320	224.7069	1.0000	1.0000	0.0078	0.8647	1.4967	160.0712	1.0000
83.4230	4.6266	231.5578	1.0000	52.1081	16.4260	117.3383	1.0000	40.0000	0.0422	0.8357	0.3038	87.9570	1.1953
85.3757	29.1024	-25.1950	1.0000	52.1938	56.5856	117.7582	1.0000	52.0000	0.0439	0.4341	0.3084	51.5765	1.2069
56.6258	90.0357	265.2673	1.0000	52.0706	87.1059	175.1393	1.0000	6.0000	0.0414	0.1289	0.9460	86.1350	1.1078
78.5258	92.7489	230.6197	1.0000	58.2792	95.7064	128.5952	1.0000	24.0000	0.1656	0.0429	0.4288	39.7060	1.1729
36.0325	0.8094	-9.1299	1.0000	47.5810	18.6307	72.7893	1.0000	22.0000	0.0484	0.8137	0.1912	83.2047	1.0360
61.2035	43.1944	163.5739	1.0000	52.4037	52.3046	118.2405	1.0000	13.0000	0.0481	0.4770	0.3138	55.4811	1.0263
54.5375	76.1235	151.8783	1.0000	52.2141	79.3070	117.2730	1.0000	4.0000	0.0443	0.2069	0.3030	34.3062	1.0149
79.6419	71.6173	70.5137	1.0000	53.5819	95.2982	118.6287	1.0000	37.0000	0.0716	0.0470	0.3181	29.2326	1.0508
50.3034	49.2696	232.5706	1.0000	49.5108	48.6599	217.5706	1.0000	1.0000	0.0098	0.5134	1.4175	137.5147	1.0000
85.3192	38.5662	-83.5168	1.0000	89.8329	39.7456	89.0459	1.0000	7.0000	0.7967	0.6025	0.0106	72.2368	1.5004
86.3318	66.4650	127.0673	1.0000	52.1605	87.1485	117.5824	1.0000	43.0000	0.0432	0.1285	0.3065	30.5060	1.0765
3.3261	67.5632	-76.3582	1.0000	47.7690	90.2460	73.5959	1.0000	65.0000	0.0446	0.0975	0.1823	19.2149	1.3027
64.7051	35.7277	116.6058	1.0000	52.3259	52.6428	118.6846	1.0000	21.0000	0.0465	0.4736	0.3187	55.4159	1.0019
46.6890	43.2527	120.3971	1.0000	46.4826	45.2221	87.8975	1.0000	2.0000	0.0703	0.5478	0.0234	54.9310	1.0100
3.9545	27.6633	-83.6991	1.0000	47.6931	49.2643	74.1505	1.0000	66.0000	0.0461	0.5074	0.1761	53.2037	1.3530
46.0299	23.0944	204.0196	1.0000	43.0686	25.9890	86.5764	1.0000	5.0000	0.1386	0.7401	0.0380	74.4136	1.2074
11.1754	55.6388	159.0042	1.0000	39.4139	95.8602	60.1845	1.0000	51.0000	0.2117	0.0414	0.3313	31.9088	1.0378
87.0764	94.7700	71.0293	1.0000	86.9706	95.7644	96.0733	1.0000	1.0000	0.7394	0.0424	0.0675	37.7048	1.0000
88.5558	98.4566	181.9955	1.0000	87.5564	98.4210	182.0385	1.0000	1.0000	0.7511	0.0158	1.0227	99.4187	1.0000
41.3630	60.1540	-81.5215	1.0000	47.8002	58.5464	38.4785	1.0000	8.0000	0.0440	0.4145	0.5725	66.1642	1.2057
44.4113	56.6202	200.5886	1.0000	47.5476	78.0289	76.8025	1.0000	24.0000	0.0490	0.2197	0.1466	25.7472	1.1092
6.5973	27.4842	77.5286	1.0000	47.5362	83.4330	70.4800	1.0000	70.0000	0.0493	0.1657	0.2169	25.7209	1.0097
67.5526	33.1621	-61.0348	1.0000	52.2462	62.2712	118.3396	1.0000	40.0000	0.0449	0.3773	0.3149	47.2402	1.2162
88.4255	50.0613	-4.1281	1.0000	90.3666	53.0304	94.1130	1.0000	4.0000	0.8073	0.4697	0.0457	62.0687	1.1276
55.2264	83.4706	78.0235	1.0000	55.1737	84.4692	93.0235	1.0000	1.0000	0.1035	0.1553	0.0336	16.6467	1.0000
14.3039	68.6702	84.3307	1.0000	35.8330	95.8634	60.0922	1.0000	35.0000	0.2833	0.0414	0.3323	33.3510	1.0091
57.4181	66.0478	219.1089	1.0000	52.0704	67.1369	129.8190	1.0000	6.0000	0.0414	0.3286	0.4424	51.6703	1.0994
34.3146	76.9313	155.3673	1.0000	38.7755	95.7824	71.6662	1.0000	20.0000	0.2245	0.0422	0.2037	21.9068	1.0324
46.6229	7.5656	-18.8297	1.0000	47.6207	7.4989	-3.8297	1.0000	1.0000	0.0476	0.9250	1.0426	131.7806	1.0000
37.3335	57.5078	141.0537	1.0000	36.8665	59.4046	91.4347	1.0000	2.0000	0.2627	0.4060	0.0159	42.6912	1.0239
47.6403	17.0786	71.4315	1.0000	47.9021	18.0437	74.8262	1.0000	1.0000	0.0420	0.8196	0.1686	83.3755	1.0000
40.5276	22.3521	-53.9947	1.0000	47.8889	25.6805	67.0941	1.0000	10.0000	0.0422	0.7432	0.2545	77.7980	1.2378
36.5346	31.6021	-82.9664	1.0000	47.7044	39.6796	74.8292	1.0000	19.0000	0.0459	0.6032	0.1686	62.2413	1.3784
76.7283	82.7712	173.3700	1.0000	54.1418	95.6889	125.1108	1.0000	28.0000	0.0828	0.0431	0.3901	35.6161	1.0761
73.2877	44.8809	-63.7400	1.0000	52.2811	71.4488	118.7304	1.0000	43.0000	0.0456	0.2855	0.3192	40.5687	1.2696
18.4027	22.5597	249.1095	1.0000	47.7670	73.9395	73.1963	1.0000	67.0000	0.0447	0.2606	0.1867	31.0885	1.1322
85.2122	15.1096	250.7073	1.0000	52.3786	23.0954	118.3939	1.0000	43.0000	0.0476	0.7690	0.3155	82.0133	1.2725
85.9727	70.6503	38.3393	1.0000	86.4541	72.5424	88.2519	1.0000	2.0000	0.7291	0.2746	0.0194	45.6714	1.0244
65.7525	76.0343	246.2287	1.0000	52.2632	82.8768	118.8044	1.0000	18.0000	0.0453	0.1712	0.3200	33.5860	1.1900
76.1189	69.1911	-87.0844	1.0000	52.3761	95.2081	118.4058	1.0000	47.0000	0.0475	0.0479	0.3156	28.9050	1.3344
1.7543	94.1562	78.9755	1.0000	2.1274	95.0840	68.0910	1.0000	1.0000	0.9575	0.0492	0.2434	52.8768	1.0000
9.7493	33.8535	190.7184	1.0000	7.4980	36.5917	92.0809	1.0000	4.0000	0.8500	0.6341	0.0231	76.3633	1.1284
36.3168	0.7149	107.9132	1.0000	47.5560	36.9857	74.0602	1.0000	38.0000	0.0489	0.6301	0.1771	65.0450	1.0007
43.1430	73.8159	4.1256	1.0000	47.6594	79.9924	70.7179	1.0000	8.0000	0.0468	0.2001	0.2142	27.8851	1.0455
50.3136	4.9508	21.5760	1.0000	51.1144	5.5497	36.7932	1.0000	1.0000	0.0223	0.9445	0.5912	108.4115	1.0000
12.5246	76.6320	52.8133	1.0000	30.7527	95.1656	45.8884	1.0000	26.0000	0.3849	0.0483	0.4901	48.3701	1.0002
53.6892	74.4512	78.2046	1.0000	53.7048	75.4510	89.1032	1.0000	1.0000	0.0741	0.2455	0.0100	24.8431	1.0000
76.2183	28.0551	-87.1484	1.0000	52.4272	53.9746	118.3283	1.0000	47.0000	0.0485	0.4603	0.3148	54.0992	1.3359
2.5115	99.6552	213.5235	1.0000	1.5225	99.5073	188.5038	1.0000	1.0000	0.9696	0.0049	1.0945	109.7876	1.0000
97.0055	73.6756	189.7436	1.0000	52.3129	88.2419	118.7747	1.0000	52.0000	0.0463	0.1176	0.3197	31.1703	1.1062
41.7949	73.9865	-62.5332	1.0000	47.8671	73.7178	42.4668	1.0000	7.0000	0.0427	0.2628	0.5281	54.3572	1.1517
31.5501	35.6264	264.9507	1.0000	47.6596	73.6844	72.2441	1.0000	50.0000	0.0468	0.2632	0.1973	31.8317	1.2099
58.5986	93.5425	190.4300	1.0000	53.9369	95.1415	147.5590	1.0000	5.0000	0.0787	0.0486	0.6395	57.8976	1.0145
22.4406	0.6165	137.0080	1.0000	22.0847	2.5387	88.3039	1.0000	2.0000	0.5583	0.9746	0.0188	101.3945	1.0231
48.9963	17.4107	117.0472	1.0000	48.6904	18.3628	107.8090	1.0000	1.0000	0.0262	0.8164	0.1979	83.5674	1.0000
41.7288	52.8477	59.0834	1.0000	47.5808	64.4273	72.2186	1.0000	13.0000	0.0484	0.3557	0.1976	39.8428	1.0020
84.5418	35.8272	-86.3413	1.0000	89.1106	36.7683	85.9569	1.0000	7.0000	0.7822	0.6323	0.0449	74.4596	1.5006
3.8646	14.6067	67.5600	1.0000	47.7229	73.2995	72.7735	1.0000	74.0000	0.0455	0.2670	0.1914	31.8568	1.0100
87.3100	24.5287	36.9879	1.0000	87.8346	26.4097	86.8926	1.0000	2.0000	0.7567	0.7359	0.0345	82.8049	1.0242
89.7483	91.3938	48.3665	1.0000	89.1576	95.1838	115.0608	1.0000	4.0000	0.7832	0.0482	0.2785	46.7393	1.0428
80.2032	48.6303	257.6463	1.0000	52.2529	55.3905	118.2506	1.0000	39.0000	0.0451	0.4461	0.3139	52.8505	1.3562
74.2776	92.7863	-6.6008	1.0000	76.4025	95.6546	89.7090	1.0000	4.0000	0.5280	0.0435	0.0032	26.7592	1.1206
11.5215	41.8153	87.5304	1.0000	47.5894	93.8972	71.3479	1.0000	64.0000	0.0482	0.0610	0.2072	19.7726	1.0102
80.9121	98.0491	188.2463	1.0000	79.9182	97.9391	186.3161	1.0000	1.0000	0.5984	0.0206	1.0702	100.8769	1.0000
69.9849	67.0102	37.7530	1.0000	52.2168	94.9155	118.5580	1.0000	34.0000	0.0443	0.0508	0.3173	29.0916	1.0278
14.2482	72.6089	137.2703	1.0000	13.9023	74.5303	87.6689	1.0000	2.0000	0.7220	0.2547	0.0259	44.2401	1.0244
5.5171	72.7888	48.5501	1.0000	28.0846	95.4748	45.0000	1.0000	32.0000	0.4383	0.0453	0.5000	50.2570	1.0000
70.4719	27.4671	134.3502	1.0000	52.0553	49.5900	117.1448	1.0000	29.0000	0.0411	0.5041	0.3016	57.2908	1.0075
15.2177	82.0130	72.2342	1.0000	26.9657	95.4988	45.0016	1.0000	18.0000	0.4607	0.0450	0.5000	50.7514	1.0064
74.0979	92.0219	48.9463	1.0000	73.5332	95.8262	114.2600	1.0000	4.0000	0.4707	0.0417	0.2696	34.0555	1.0400
80.7848	27.9349	203.1618	1.0000	52.2421	42.6406	118.3934	1.0000	36.0000	0.0448	0.5736	0.3155	64.0415	1.1212
77.5644	29.0820	-38.3013	1.0000	52.4560	56.5133	118.3616	1.0000	45.0000	0.0491	0.4349	0.3151	51.9760	1.2101
95.5040	54.2264	188.8731	1.0000	52.1061	69.3488	117.3298	1.0000	51.0000	0.0421	0.3065	0.3037	41.1199	1.1097
87.6632	73.7333	65.2153	1.0000	87.6569	74.7332	90.3591	1.0000	1.0000	0.7531	0.2527	0.0040	45.3496	1.0000
0.8069	44.2683	202.7352	1.0000	-0.1925	44.3019	178.0757	0.0000	1.0000	1.0039	0.5570	0.9786	115.6672	1.0000
73.5778	54.8462	-8.9176	1.0000	75.8269	57.6217	87.1055	1.0000	4.0000	0.5165	0.4238	0.0322	49.7125	1.1197
57.7073	48.2099	14.8419	1.0000	59.0194	51.7285	94.3587	1.0000	4.0000	0.1804	0.4827	0.0484	49.3000	1.0652
15.7568	96.9676	184.1276	1.0000	14.8151	97.3038	160.3544	1.0000	1.0000	0.7037	0.0270	0.7817	78.7083	1.0000
75.4684	29.9691	114.2514	1.0000	52.2207	53.7034	117.9272	1.0000	34.0000	0.0444	0.4630	0.3103	54.1132	1.0234
43.6996	84.6578	193.5028	1.0000	44.1674	95.8155	70.6880	1.0000	13.0000	0.1167	0.0418	0.2146	20.6030	1.1641
43.6328	94.1856	-55.3254	1.0000	48.2212	93.3496	19.6746	1.0000	5.0000	0.0356	0.0665	0.7814	70.6616	1.0721
96.5518	71.5769	75.4973	1.0000	52.6922	95.3962	119.1839	1.0000	55.0000	0.0538	0.0460	0.3243	29.6672	1.1020
94.2402	30.2784	10.8227	1.0000	52.1990	57.3630	117.7874	1.0000	58.0000	0.0440	0.4264	0.3087	50.9401	1.1598
67.8641	50.4567	71.2212	1.0000	67.8978	51.4561	88.0695	1.0000	1.0000	0.3580	0.4854	0.0215	51.7742	1.0000
36.5991	69.1184	92.3787	1.0000	45.3046	95.7270	71.7107	1.0000	28.0000	0.0939	0.0427	0.2032	19.3598	1.0001
43.9083	79.3337	10.9736	1.0000	47.7064	84.9223	71.0377	1.0000	7.0000	0.0459	0.1508	0.2107	24.3345	1.0359
51.9993	73.7319	151.5738	1.0000	51.3402	74.4839	131.2329	1.0000	1.0000	0.0268	0.2552	0.4581	48.5079	1.0000
29.9257	18.7591	203.6809	1.0000	27.0676	21.8185	85.6127	1.0000	5.0000	0.4586	0.7818	0.0487	81.5935	1.1943
32.0985	80.5582	-70.9912	1.0000	47.3993	95.5040	68.9518	1.0000	26.0000	0.0520	0.0450	0.2339	21.6796	1.2156
80.2991	77.9288	237.4570	1.0000	52.2214	88.4825	118.0799	1.0000	37.0000	0.0444	0.1152	0.3120	30.4313	1.2335
13.1663	73.8080	-46.9401	1.0000	46.0024	95.1022	61.1862	1.0000	47.0000	0.0800	0.0490	0.3202	29.4992	1.2009
55.9845	53.3228	255.6099	1.0000	51.9705	50.9480	180.6099	1.0000	5.0000	0.0394	0.4905	1.0068	103.0541	1.0721
93.8089	84.7449	48.8917	1.0000	65.6050	95.3084	160.9287	1.0000	34.0000	0.3121	0.0469	0.7881	72.7765	1.1289
41.2862	57.2218	232.6004	1.0000	47.6021	93.2376	77.9626	1.0000	41.0000	0.0480	0.0676	0.1337	14.0135	1.1213
40.6967	53.9263	-25.1759	1.0000	47.5631	60.9575	71.8109	1.0000	11.0000	0.0487	0.3904	0.2021	43.1405	1.1193
24.4028	74.1424	43.5042	1.0000	39.4712	95.0426	60.1090	1.0000	26.0000	0.2106	0.0496	0.3321	32.0766	1.0091
9.9625	20.4757	-36.8682	1.0000	47.7595	48.9779	73.6671	1.0000	55.0000	0.0448	0.5102	0.1815	53.6194	1.1618
9.8878	24.2825	192.1726	1.0000	7.5689	26.9646	93.5595	1.0000	4.0000	0.8486	0.7304	0.0396	84.5414	1.1282
73.9397	34.4050	-39.4711	1.0000	52.2285	61.7439	118.5746	1.0000	42.0000	0.0446	0.3826	0.3175	47.8018	1.2031
52.9278	43.0788	41.5736	1.0000	52.4021	51.6963	104.6623	1.0000	9.0000	0.0480	0.4830	0.1629	50.5371	1.0424
6.6090	0.9999	148.8655	1.0000	47.5702	60.5436	70.7550	1.0000	74.0000	0.0486	0.3946	0.2138	43.9669	1.0239
44.2480	91.1198	147.5826	1.0000	44.3818	95.8199	70.7359	1.0000	5.0000	0.1124	0.0418	0.2140	20.4974	1.0634
96.3661	29.4734	-89.6641	1.0000	100.3148	28.2982	32.5246	0.0000	5.0000	1.0063	0.7170	0.6386	104.7671	1.2136
83.7567	92.6760	-60.2533	1.0000	87.7898	94.6691	88.3292	1.0000	6.0000	0.7558	0.0533	0.0186	38.2005	1.3337
63.4893	95.4892	-23.4803	1.0000	64.4891	95.5103	1.2085	1.0000	1.0000	0.2898	0.0449	0.9866	90.0778	1.0000
15.2221	29.5291	200.2202	1.0000	47.6655	83.3222	72.2493	1.0000	67.0000	0.0467	0.1668	0.1972	24.4681	1.0666
93.2856	38.6082	205.9135	1.0000	52.0712	53.1324	117.1986	1.0000	49.0000	0.0414	0.4687	0.3022	54.2275	1.1213
41.8404	93.8329	169.7566	1.0000	40.5156	95.2669	120.1980	1.0000	2.0000	0.1897	0.0473	0.3355	32.0043	1.0244
63.2795	65.1580	195.3976	1.0000	52.3204	74.1889	118.5173	1.0000	15.0000	0.0464	0.2581	0.3169	38.5336	1.0563
64.7553	22.5007	176.0024	1.0000	52.3970	34.8404	118.3090	1.0000	18.0000	0.0479	0.6516	0.3145	71.0839	1.0307
90.0780	48.0368	224.2249	1.0000	52.2166	60.4705	118.4781	1.0000	46.0000	0.0443	0.3953	0.3164	48.7698	1.1543
92.8916	5.1204	189.3755	1.0000	52.2629	19.9590	118.1587	1.0000	48.0000	0.0453	0.8004	0.3129	84.8799	1.1097
73.3804	2.9314	85.2982	1.0000	52.1148	30.2865	117.3676	1.0000	35.0000	0.0423	0.6971	0.3041	74.9228	1.0101
0.9637	32.7859	51.7136	1.0000	47.6343	93.0851	71.5216	1.0000	77.0000	0.0473	0.0691	0.2053	19.8712	1.0098
28.7770	45.0688	-54.4041	1.0000	47.7210	65.8877	75.0806	1.0000	34.0000	0.0456	0.3411	0.1658	37.3019	1.2079
70.6562	40.1333	-67.2143	1.0000	52.2166	68.2034	118.4445	1.0000	42.0000	0.0443	0.3180	0.3160	42.7203	1.2506
61.0509	39.3516	-28.2804	1.0000	52.1744	60.5244	117.6535	1.0000	27.0000	0.0435	0.3948	0.3073	48.2470	1.1761
64.9738	23.1080	32.0741	1.0000	65.8641	25.8943	87.8767	1.0000	3.0000	0.3173	0.7411	0.0236	75.8145	1.0256
41.4927	16.1232	33.7265	1.0000	47.5788	27.5511	71.7540	1.0000	13.0000	0.0484	0.7245	0.2027	74.7504	1.0041
3.9270	42.7837	33.4834	1.0000	47.5544	89.7933	70.5460	1.0000	66.0000	0.0489	0.1021	0.2162	22.1046	1.0291
84.0195	70.7247	71.9928	1.0000	52.6527	95.8715	118.8262	1.0000	43.0000	0.0531	0.0413	0.3203	29.2410	1.0696
64.7400	63.8277	146.3784	1.0000	52.4728	79.5180	118.3850	1.0000	20.0000	0.0495	0.2048	0.3154	35.0904	1.0042
45.6433	80.5863	77.8182	1.0000	47.5169	87.3277	74.3195	1.0000	7.0000	0.0497	0.1267	0.1742	20.3133	1.0004
88.6714	3.7748	119.3250	1.0000	52.1395	25.6214	117.4805	1.0000	46.0000	0.0428	0.7438	0.3053	79.3217	1.0807
87.1961	70.5972	193.2706	1.0000	52.4336	85.2890	118.3346	1.0000	42.0000	0.0487	0.1471	0.3148	32.0185	1.1129
48.1930	20.1787	204.9421	1.0000	47.5118	33.0950	77.0160	1.0000	16.0000	0.0498	0.6690	0.1443	68.1986	1.2370
1.2099	49.3260	-78.4328	1.0000	47.7214	72.6651	74.3054	1.0000	68.0000	0.0456	0.2733	0.1744	31.6024	1.3067
18.9921	59.4020	201.7329	1.0000	40.4239	95.4491	60.0752	1.0000	46.0000	0.1915	0.0455	0.3325	31.7476	1.0969
39.3949	6.7647	-39.7447	1.0000	47.5828	14.3109	72.5512	1.0000	13.0000	0.0483	0.8569	0.1939	87.4810	1.1675
33.0344	73.1953	110.8440	1.0000	33.0847	74.1940	87.1182	1.0000	1.0000	0.3383	0.2581	0.0320	30.9900	1.0000
28.4661	81.7084	248.0808	1.0000	32.4627	95.0351	58.3846	1.0000	21.0000	0.3507	0.0496	0.3513	36.4930	1.5094
24.4326	15.8290	195.8163	1.0000	47.5172	59.6681	70.2026	1.0000	53.0000	0.0497	0.4033	0.2200	44.9974	1.0697
25.8577	67.3845	123.8455	1.0000	42.0402	95.6507	60.0264	1.0000	33.0000	0.1592	0.0435	0.3330	31.3160	1.0132
12.3097	41.7391	20.1254	1.0000	47.6895	78.0452	73.7285	1.0000	54.0000	0.0462	0.2195	0.1808	27.4247	1.0652
34.3493	1.5829	49.4783	1.0000	47.6395	26.1893	72.2298	1.0000	28.0000	0.0472	0.7381	0.1974	75.9564	1.0012
69.5324	12.3276	240.7418	1.0000	52.2560	23.1529	118.2072	1.0000	24.0000	0.0451	0.7685	0.3134	81.8915	1.1772
8.6089	37.0583	-55.4697	1.0000	47.5948	62.3511	72.3249	1.0000	57.0000	0.0481	0.3765	0.1964	41.6609	1.2266
98.5472	17.4380	-83.8614	1.0000	100.8509	15.8240	-10.0019	0.0000	3.0000	1.0170	0.8418	1.1111	140.2562	1.0666
75.9170	77.5659	78.7545	1.0000	58.1230	95.3830	128.4959	1.0000	26.0000	0.1625	0.0462	0.4277	39.6136	1.0325
9.6252	15.2199	134.9870	1.0000	47.7082	71.2531	72.2726	1.0000	69.0000	0.0458	0.2875	0.1970	33.8511	1.0185
53.3782	71.9596	224.8805	1.0000	51.5447	71.2046	194.8805	1.0000	2.0000	0.0309	0.2880	1.1653	108.7726	1.0086
73.2728	71.9674	-81.5861	1.0000	77.8845	73.1451	87.0647	1.0000	7.0000	0.5577	0.2685	0.0326	38.8245	1.4707
79.2500	61.0412	68.5502	1.0000	79.1966	62.0397	93.0631	1.0000	1.0000	0.5839	0.3796	0.0340	47.9875	1.0000
57.9339	72.7774	156.5104	1.0000	52.1258	79.3853	118.2461	1.0000	9.0000	0.0425	0.2061	0.3138	35.0332	1.0230
13.8963	74.5590	36.3932	1.0000	36.0361	95.4901	60.4855	1.0000	31.0000	0.2793	0.0451	0.3279	32.9611	1.0175
92.8970	47.6262	71.2574	1.0000	52.0772	73.1603	117.2194	1.0000	53.0000	0.0415	0.2684	0.3024	38.2829	1.1008
0.8511	41.6087	246.3641	1.0000	-0.8547	40.6600	196.4949	0.0000	2.0000	1.0171	0.5934	1.1833	132.0932	1.0246
26.6677	83.5949	-89.4289	1.0000	47.2712	95.4031	68.2475	1.0000	38.0000	0.0546	0.0460	0.2417	22.3997	1.6002
98.6079	43.6954	23.8448	1.0000	52.2720	69.9990	118.4320	1.0000	61.0000	0.0454	0.3000	0.3159	41.3956	1.1449
33.2597	2.2194	194.9157	1.0000	47.6726	37.4270	71.7427	1.0000	41.0000	0.0465	0.6257	0.2029	65.2236	1.0777
86.9430	29.7367	193.6188	1.0000	52.2802	44.6044	118.6992	1.0000	42.0000	0.0456	0.5540	0.3189	62.4301	1.1136
82.6591	54.8919	19.8479	1.0000	83.6590	57.5265	93.9510	1.0000	3.0000	0.6732	0.4247	0.0439	54.3373	1.0646
69.5124	84.2766	45.1928	1.0000	69.8709	86.2040	90.8737	1.0000	2.0000	0.3974	0.1380	0.0097	24.2063	1.0202
19.9833	9.1916	65.5909	1.0000	47.7761	51.4859	72.9926	1.0000	51.0000	0.0445	0.4851	0.1890	51.4569	1.0077
5.8537	22.2399	36.6286	1.0000	47.5543	70.1939	70.5297	1.0000	65.0000	0.0489	0.2981	0.2163	35.6858	1.0228
20.5069	41.9388	138.6787	1.0000	20.1056	43.8513	89.5614	1.0000	2.0000	0.5979	0.5615	0.0049	63.6124	1.0235
55.1981	60.5075	192.3415	1.0000	52.3864	61.3392	147.9647	1.0000	3.0000	0.0477	0.3866	0.6441	69.7155	1.0232
20.4863	3.4513	79.7404	1.0000	47.6978	46.1326	72.5973	1.0000	51.0000	0.0460	0.5387	0.1934	56.6556	1.0076
43.1148	93.7894	138.0238	1.0000	42.7423	95.7066	88.5561	1.0000	2.0000	0.1452	0.0429	0.0160	8.5553	1.0240
62.7895	5.1240	71.9853	1.0000	62.8420	6.1226	86.9853	1.0000	1.0000	0.2568	0.9388	0.0335	94.7996	1.0000
39.0612	14.7329	-40.6428	1.0000	47.6976	23.0914	73.5620	1.0000	14.0000	0.0460	0.7691	0.1826	78.6794	1.1648
75.0689	50.1498	165.0996	1.0000	52.3974	66.7862	118.3103	1.0000	30.0000	0.0479	0.3321	0.3146	43.7078	1.0668
98.2683	44.3161	174.4492	1.0000	52.4573	59.3089	118.3633	1.0000	53.0000	0.0491	0.4069	0.3151	49.6617	1.0995
44.4865	81.7245	225.5416	1.0000	44.5892	95.0371	70.8917	1.0000	17.0000	0.1082	0.0496	0.2123	20.4703	1.2769
24.0444	97.6445	17.1215	1.0000	25.0001	97.9389	17.1215	1.0000	1.0000	0.5000	0.0206	0.8098	77.0748	1.0000
39.0487	98.6936	213.5630	1.0000	38.0598	98.5450	188.5423	1.0000	1.0000	0.2388	0.0145	1.0949	99.2737	1.0000
56.4093	84.7044	189.2775	1.0000	52.2753	86.9816	120.7818	1.0000	5.0000	0.0455	0.1302	0.3420	33.4989	1.0594
96.4983	71.9944	207.9029	1.0000	52.1746	85.9884	117.6547	1.0000	52.0000	0.0435	0.1401	0.3073	31.0778	1.1188
78.6149	35.2973	16.2704	1.0000	79.7949	37.8577	89.8106	1.0000	3.0000	0.5959	0.6214	0.0021	68.9161	1.0641
5.0627	43.5108	205.0790	1.0000	41.3202	95.3707	60.4732	1.0000	68.0000	0.1736	0.0463	0.3281	31.1224	1.0746
7.7443	2.3912	-67.2097	1.0000	9.3656	-0.1239	-52.1846	0.0000	3.0000	0.8127	1.0012	1.5798	178.5845	1.0026
90.6252	95.8695	-58.1533	1.0000	91.4621	95.3223	-33.1797	1.0000	1.0000	0.8292	0.0468	1.3687	130.0547	1.0000
96.9454	86.0978	91.3547	1.0000	84.1030	95.0240	177.7389	1.0000	17.0000	0.6821	0.0498	0.9749	94.2650	1.0870
16.3825	94.4518	61.7109	1.0000	16.9315	95.2877	56.7034	1.0000	1.0000	0.6614	0.0471	0.3700	47.1635	1.0000
66.9598	33.1148	99.8202	1.0000	52.4883	53.3978	118.4083	1.0000	25.0000	0.0498	0.4660	0.3156	54.6350	1.0034
83.7744	56.8070	112.6455	1.0000	52.1187	80.4744	117.3852	1.0000	42.0000	0.0424	0.1953	0.3043	33.7000	1.0626
34.6375	49.9487	90.2556	1.0000	47.1633	95.2473	75.2062	1.0000	47.0000	0.0567	0.0475	0.1644	15.7953	1.0000
5.0667	62.9280	-12.1440	1.0000	47.1621	95.0511	69.1584	1.0000	59.0000	0.0568	0.0495	0.2316	21.6083	1.1142
62.7518	15.8228	110.5707	1.0000	52.4429	30.5135	118.3448	1.0000	18.0000	0.0489	0.6949	0.3149	75.0850	1.0030
70.5005	38.7495	-48.1673	1.0000	74.2856	41.3574	94.2354	1.0000	6.0000	0.4857	0.5864	0.0471	63.6136	1.3053
85.4230	68.1760	25.3491	1.0000	52.2080	95.4497	117.8445	1.0000	48.0000	0.0442	0.0455	0.3094	28.3002	1.1169
58.9671	10.4346	-19.6425	1.0000	61.8153	13.7601	86.0788	1.0000	5.0000	0.2363	0.8624	0.0436	87.1338	1.1420
50.6130	47.0140	-68.9374	1.0000	51.2085	46.2107	-53.4468	1.0000	1.0000	0.0242	0.5379	1.5939	153.2049	1.0000
98.7520	34.1279	241.3220	1.0000	52.1994	43.7807	117.7900	1.0000	56.0000	0.0440	0.5622	0.3088	62.7513	1.1779
15.4847	37.9565	256.6226	1.0000	47.5350	91.5601	70.5320	1.0000	71.0000	0.0493	0.0844	0.2163	21.3614	1.1368
28.9906	90.9887	61.9535	1.0000	31.7472	95.1476	63.0412	1.0000	5.0000	0.3651	0.0485	0.2995	32.9164	1.0021
33.7053	91.4338	61.4611	1.0000	36.1645	95.7873	60.4221	1.0000	5.0000	0.2767	0.0421	0.3286	32.9245	1.0000
46.9138	11.7295	17.6009	1.0000	47.7562	12.2683	32.6009	1.0000	1.0000	0.0449	0.8773	0.6378	104.8644	1.0000
60.5823	58.0312	-50.6917	1.0000	52.4483	78.8112	118.3517	1.0000	28.0000	0.0490	0.2119	0.3150	35.4792	1.2547
67.4837	43.4757	238.8223	1.0000	52.2066	53.3629	117.8337	1.0000	21.0000	0.0441	0.4664	0.3093	54.3562	1.1540
49.9900	16.4668	62.5422	1.0000	50.3720	17.3910	67.5438	1.0000	1.0000	0.0074	0.8261	0.2495	85.6076	1.0000
56.0323	98.1662	-64.2571	1.0000	56.8022	97.5279	-39.6601	1.0000	1.0000	0.1360	0.0247	1.4407	129.8620	1.0000
80.3273	46.0011	135.4583	1.0000	52.3819	65.3431	118.3784	1.0000	36.0000	0.0476	0.3466	0.3153	44.8565	1.0593
98.5733	57.9067	-40.1133	1.0000	100.5261	57.8113	9.3648	0.0000	2.0000	1.0105	0.4219	0.8959	104.0904	1.0230
3.9116	82.6337	213.1963	1.0000	0.7894	85.3228	89.5879	1.0000	5.0000	0.9842	0.1468	0.0046	51.3544	1.2134
2.5760	81.9221	209.7987	1.0000	-0.0874	82.8542	136.1445	0.0000	3.0000	1.0017	0.1715	0.5127	70.2285	1.0632
84.3638	30.2515	-38.6620	1.0000	52.2171	57.5469	118.6988	1.0000	52.0000	0.0443	0.4245	0.3189	51.2913	1.2331
31.1203	67.2058	-23.3544	1.0000	47.5646	91.4642	73.5319	1.0000	31.0000	0.0487	0.0854	0.1830	18.7080	1.0578
11.9005	69.5738	35.0163	1.0000	38.5808	95.4972	60.0645	1.0000	38.0000	0.2284	0.0450	0.3326	32.3544	1.0215
84.7142	79.8118	-86.5233	1.0000	89.2859	80.7380	85.7619	1.0000	7.0000	0.7857	0.1926	0.0471	43.9587	1.5007
65.7647	21.5604	-26.0043	1.0000	68.8365	24.5327	86.4135	1.0000	5.0000	0.3767	0.7547	0.0398	77.8652	1.1697
11.6298	66.9839	-52.1783	1.0000	47.6216	91.4714	71.2223	1.0000	53.0000	0.0476	0.0853	0.2086	20.7605	1.2175
22.6966	15.3964	131.6318	1.0000	47.5948	57.9120	71.1026	1.0000	50.0000	0.0481	0.4209	0.2100	46.1984	1.0148
13.4214	68.8850	40.6927	1.0000	37.4303	95.0883	60.4365	1.0000	36.0000	0.2514	0.0491	0.3285	32.4980	1.0130
19.6965	51.8975	255.2642	1.0000	44.4798	95.0484	60.2133	1.0000	58.0000	0.1104	0.0495	0.3310	30.6959	1.1656
19.9176	66.0944	99.5457	1.0000	39.9781	95.5474	60.2444	1.0000	36.0000	0.2004	0.0445	0.3306	31.7121	1.0102
44.1940	39.2595	168.7940	1.0000	47.7359	57.9628	74.3627	1.0000	20.0000	0.0453	0.4204	0.1737	44.9086	1.0507
18.5954	77.5669	-27.7114	1.0000	43.1884	95.4720	60.1440	1.0000	35.0000	0.1362	0.0453	0.3317	30.9561	1.1505
96.3274	7.2162	-56.6360	1.0000	100.2648	8.4616	66.6885	0.0000	5.0000	1.0053	0.9154	0.2590	107.0012	1.2108
47.9781	93.6356	74.3895	1.0000	48.1855	94.6138	78.0275	1.0000	1.0000	0.0363	0.0539	0.1330	13.2531	1.0000
42.1417	71.6236	257.7352	1.0000	37.7511	73.2662	85.6146	1.0000	7.0000	0.2450	0.2673	0.0487	29.7315	1.4932
35.1515	29.1149	-0.0250	1.0000	47.6844	49.0120	71.9104	1.0000	24.0000	0.0463	0.5099	0.2010	54.1514	1.0206
46.7496	4.7825	21.6752	1.0000	47.5516	5.3797	36.6752	1.0000	1.0000	0.0490	0.9462	0.5925	108.6394	1.0000
63.8278	96.9561	150.2013	1.0000	63.0067	97.5269	145.1942	1.0000	1.0000	0.2601	0.0247	0.6133	56.7599	1.0000
20.3055	54.8719	-77.4842	1.0000	47.7351	71.7749	72.7915	1.0000	46.0000	0.0453	0.2823	0.1912	33.1348	1.4277
84.1063	70.3957	151.8834	1.0000	52.4756	87.3443	118.3889	1.0000	39.0000	0.0495	0.1266	0.3154	31.1806	1.0868
64.4866	26.4782	260.1446	1.0000	52.4297	30.2312	118.5799	1.0000	16.0000	0.0486	0.6977	0.3176	75.4347	1.2671
59.2570	20.0607	-81.0438	1.0000	52.1005	39.7502	117.3059	1.0000	29.0000	0.0420	0.6025	0.3034	66.1820	1.3843
27.8381	62.7784	242.6807	1.0000	43.0094	95.5607	60.2368	1.0000	43.0000	0.1398	0.0444	0.3307	30.8937	1.1904
73.2288	78.6328	30.4433	1.0000	61.3589	95.3292	128.5222	1.0000	22.0000	0.2272	0.0467	0.4280	40.4327	1.0739
11.3679	16.1627	5.0814	1.0000	47.5304	48.4331	71.5731	1.0000	53.0000	0.0494	0.5157	0.2047	54.8161	1.0935
20.8191	32.8213	106.5207	1.0000	47.5734	75.7280	70.7641	1.0000	51.0000	0.0485	0.2427	0.2137	31.0650	1.0086
89.5272	26.9685	196.5689	1.0000	52.1208	42.0076	117.3945	1.0000	45.0000	0.0424	0.5799	0.3044	64.1722	1.1162
8.7324	67.8179	-52.8489	1.0000	47.5433	92.8672	70.6375	1.0000	56.0000	0.0491	0.0713	0.2151	20.7803	1.2123
58.4511	93.7395	-74.5556	1.0000	63.0353	95.6185	84.1252	1.0000	7.0000	0.2607	0.0438	0.0653	14.9543	1.4129
76.9919	69.9105	200.4294	1.0000	52.2818	84.6377	118.7537	1.0000	32.0000	0.0456	0.1536	0.3195	32.6800	1.1124
31.9417	77.4795	-7.9612	1.0000	44.9404	95.4937	60.1310	1.0000	23.0000	0.1012	0.0451	0.3319	30.6278	1.0354
3.6263	43.5362	-63.1960	1.0000	47.5465	67.6789	70.4391	1.0000	62.0000	0.0491	0.3232	0.2173	37.8590	1.2371
24.0868	17.5649	201.2384	1.0000	47.7594	62.9101	73.5437	1.0000	55.0000	0.0448	0.3709	0.1828	40.6386	1.0752
53.8531	49.3607	37.5143	1.0000	54.7594	52.1520	86.6336	1.0000	3.0000	0.0952	0.4785	0.0374	48.2018	1.0222
96.0328	43.4760	-81.3657	1.0000	100.1172	42.9172	41.4002	0.0000	5.0000	1.0023	0.5708	0.5400	90.1783	1.2129
76.8135	47.6539	247.8030	1.0000	52.3226	56.2804	118.7056	1.0000	34.0000	0.0465	0.4372	0.3190	52.3527	1.3094
96.7563	52.2114	205.3128	1.0000	52.2541	66.2113	118.2361	1.0000	52.0000	0.0451	0.3379	0.3137	44.0913	1.1146
61.8811	71.8194	-58.5328	1.0000	52.3941	94.5374	118.3242	1.0000	31.0000	0.0479	0.0546	0.3147	28.9454	1.2592
64.5162	30.0693	142.1735	1.0000	52.3906	45.9001	118.3391	1.0000	20.0000	0.0478	0.5410	0.3149	61.1197	1.0030
71.2892	69.9716	-76.3535	1.0000	75.8369	71.5010	90.6402	1.0000	7.0000	0.5167	0.2850	0.0071	38.4727	1.4589
54.1729	95.9534	-3.1807	1.0000	55.1308	96.2405	16.6829	1.0000	1.0000	0.1026	0.0376	0.8146	73.5925	1.0000
0.2053	0.5220	209.2888	1.0000	-0.7918	0.4454	184.3929	0.0000	1.0000	1.0158	0.9955	1.0488	146.2906	1.0000
62.4300	79.5356	46.9014	1.0000	53.6060	95.5128	118.6132	1.0000	19.0000	0.0721	0.0449	0.3179	29.1865	1.0410
39.5038	7.9655	227.2121	1.0000	47.5805	45.9264	77.3317	1.0000	43.0000	0.0484	0.5407	0.1408	55.5904	1.1079
79.7358	94.6551	5.4317	1.0000	80.6051	95.1494	29.6243	1.0000	1.0000	0.6121	0.0485	0.6708	67.8633	1.0000
74.3319	22.4867	20.6242	1.0000	75.3621	25.1185	92.6882	1.0000	3.0000	0.5072	0.7488	0.0299	79.1056	1.0615
70.6832	78.8177	223.9960	1.0000	52.4646	90.9023	118.3729	1.0000	25.0000	0.0493	0.0910	0.3153	29.8975	1.1435
94.2920	54.0467	45.1445	1.0000	52.0497	80.7308	117.1263	1.0000	56.0000	0.0410	0.1927	0.3014	33.3368	1.1208
23.4610	30.6279	247.1367	1.0000	47.5175	76.2280	70.3269	1.0000	59.0000	0.0497	0.2377	0.2186	30.9565	1.1444
79.1280	43.7920	92.1481	1.0000	52.0752	69.5242	117.2124	1.0000	39.0000	0.0415	0.3048	0.3024	40.9096	1.0446
98.8781	27.7583	165.0368	1.0000	52.2591	43.4313	118.1715	1.0000	54.0000	0.0452	0.5657	0.3130	63.2357	1.0979
23.7422	93.3023	210.3873	1.0000	20.6554	95.0856	113.4376	1.0000	4.0000	0.5869	0.0491	0.2604	37.8759	1.1220
93.8177	43.2075	62.2262	1.0000	93.8665	44.2063	87.2037	1.0000	1.0000	0.8773	0.5579	0.0311	71.0283	1.0000
72.6974	69.6692	207.2240	1.0000	52.1227	84.2714	117.4029	1.0000	28.0000	0.0425	0.1573	0.3045	31.6672	1.1098
92.6222	69.3287	-54.7388	1.0000	96.4587	71.6988	93.5621	1.0000	6.0000	0.9292	0.2830	0.0396	54.5165	1.3305
64.6273	6.3252	211.4509	1.0000	52.1696	15.8548	117.5955	1.0000	17.0000	0.0434	0.8415	0.3066	88.5812	1.0839
16.0065	75.2628	146.0341	1.0000	30.7668	95.1732	46.1416	1.0000	26.0000	0.3847	0.0483	0.4873	48.1328	1.0490
37.4713	97.7392	134.4375	1.0000	37.1266	98.6779	110.1671	1.0000	1.0000	0.2575	0.0132	0.2241	23.9622	1.0000
8.1761	92.6108	172.6495	1.0000	6.7946	95.9466	80.2399	1.0000	4.0000	0.8641	0.0405	0.1084	44.4792	1.1078
91.6590	78.2064	35.5230	1.0000	58.8316	95.4116	128.6219	1.0000	42.0000	0.1766	0.0459	0.4291	39.8836	1.1332
97.2490	18.7596	242.0221	1.0000	52.4646	27.8721	118.3732	1.0000	54.0000	0.0493	0.7213	0.3153	77.5471	1.1816
0.2437	49.1624	156.1822	1.0000	-0.4135	49.9161	131.0868	0.0000	1.0000	1.0083	0.5008	0.4565	82.0856	1.0000
47.4837	52.6096	-44.3790	1.0000	48.3551	52.1190	-29.3790	1.0000	1.0000	0.0329	0.4788	1.3264	128.6337	1.0000
70.5383	2.4208	-62.3637	1.0000	52.2121	31.1400	117.8709	1.0000	42.0000	0.0442	0.6886	0.3097	74.3194	1.2328
87.7851	89.0062	5.5932	1.0000	87.3553	95.7887	126.0567	1.0000	8.0000	0.7471	0.0421	0.4006	52.0887	1.1771
51.6487	1.4319	201.1706	1.0000	50.6545	1.3245	186.1706	1.0000	1.0000	0.0131	0.9868	1.0686	137.7900	1.0000
14.4790	12.9597	116.1517	1.0000	14.4596	13.9595	91.1156	1.0000	1.0000	0.7108	0.8604	0.0124	93.0985	1.0000
46.4769	96.2910	28.8410	1.0000	47.1981	96.9836	43.8410	1.0000	1.0000	0.0560	0.0302	0.5129	46.3422	1.0000
11.0688	16.1904	208.4433	1.0000	47.5271	73.7401	70.1825	1.0000	73.0000	0.0495	0.2626	0.2202	32.9913	1.0715
97.3570	25.1271	33.9229	1.0000	52.3675	51.2285	118.4475	1.0000	59.0000	0.0474	0.4877	0.3161	56.5112	1.1343
11.9013	48.0769	78.9458	1.0000	46.2221	95.4694	61.8079	1.0000	59.0000	0.0756	0.0453	0.3132	28.8027	1.0083
80.1755	35.3542	44.7350	1.0000	80.4675	37.2862	93.7252	1.0000	2.0000	0.6093	0.6271	0.0414	69.8224	1.0236
56.5397	7.4376	155.6042	1.0000	52.1259	12.6294	116.5583	1.0000	7.0000	0.0425	0.8737	0.2951	91.3427	1.0272
5.2038	99.9313	145.6781	1.0000	4.6949	100.7921	120.5911	1.0000	1.0000	0.9061	0.0079	0.3399	54.6717	1.0000
52.1311	4.8741	-81.9314	1.0000	52.4317	15.0342	118.6399	1.0000	19.0000	0.0486	0.8497	0.3182	89.6959	1.8692
21.6992	8.4363	264.7070	1.0000	17.1191	9.4569	93.4244	1.0000	7.0000	0.6576	0.9054	0.0380	96.3895	1.4918
41.4092	83.1074	138.2245	1.0000	41.0351	85.0233	88.4805	1.0000	2.0000	0.1793	0.1498	0.0169	17.5208	1.0246
6.0931	57.1011	119.0279	1.0000	6.0195	58.0984	94.2205	1.0000	1.0000	0.8796	0.4190	0.0469	60.8920	1.0000
10.9150	25.3538	172.1326	1.0000	47.5862	81.8776	70.8134	1.0000	70.0000	0.0483	0.1812	0.2132	26.5024	1.0389
23.1906	87.0132	145.7134	1.0000	26.6511	95.5678	46.8720	1.0000	10.0000	0.4670	0.0443	0.4792	49.2427	1.0837
71.2241	3.8481	-9.8917	1.0000	52.1694	33.7748	117.6276	1.0000	39.0000	0.0434	0.6623	0.3070	71.7898	1.0993
85.5972	74.0137	-18.3999	1.0000	56.4442	95.1958	128.4952	1.0000	44.0000	0.1289	0.0480	0.4277	39.3254	1.2210
30.1692	22.8881	-30.8511	1.0000	47.5136	46.6843	73.2222	1.0000	32.0000	0.0497	0.5332	0.1864	55.9485	1.0867
33.4739	40.3027	189.9835	1.0000	47.7084	74.8662	72.9486	1.0000	40.0000	0.0458	0.2513	0.1895	30.4583	1.0701
62.6872	66.5458	-39.1712	1.0000	66.2670	69.8534	89.6404	1.0000	6.0000	0.3253	0.3015	0.0040	34.2573	1.2310
85.1256	52.5361	77.9171	1.0000	52.1368	78.3784	117.4680	1.0000	45.0000	0.0427	0.2162	0.3052	35.0221	1.0738
5.5281	44.8658	112.1729	1.0000	5.5809	45.8644	86.9757	1.0000	1.0000	0.8884	0.5414	0.0336	70.0918	1.0000
80.2362	15.5440	80.9194	1.0000	52.2115	41.2677	117.8669	1.0000	40.0000	0.0442	0.5873	0.3096	65.0457	1.0515
54.9599	18.4763	183.6585	1.0000	52.2825	19.6591	140.0246	1.0000	3.0000	0.0457	0.8034	0.5558	94.6696	1.0249
55.4781	12.8040	-42.2253	1.0000	59.1956	15.9092	87.1806	1.0000	6.0000	0.1839	0.8409	0.0313	84.6390	1.2387
94.6655	12.0869	-2.5595	1.0000	52.4519	38.8729	118.3561	1.0000	59.0000	0.0490	0.6113	0.3151	67.4285	1.1801
83.3281	69.3947	205.9589	1.0000	52.0741	84.2235	117.2083	1.0000	39.0000	0.0415	0.1578	0.3023	31.5197	1.1274
58.4856	66.0739	89.8880	1.0000	52.0924	77.2935	117.3230	1.0000	13.0000	0.0418	0.2271	0.3036	35.5880	1.0067
67.3890	73.5316	51.5640	1.0000	67.7936	75.4686	86.5461	1.0000	2.0000	0.3559	0.2453	0.0384	30.5013	1.0107
62.6957	87.0786	169.6531	1.0000	53.3811	95.6679	118.9537	1.0000	13.0000	0.0676	0.0433	0.3217	29.4706	1.0260
21.5770	35.7856	232.6493	1.0000	17.7598	38.2268	86.0950	1.0000	6.0000	0.6448	0.6177	0.0434	69.7897	1.3242
73.2048	69.7962	242.3518	1.0000	52.4298	79.1538	118.3306	1.0000	29.0000	0.0486	0.2085	0.3148	35.2575	1.2728
54.7394	61.1076	229.2630	1.0000	51.9717	60.1403	184.2630	1.0000	3.0000	0.0394	0.3986	1.0474	102.3630	1.0232
48.0918	26.4546	269.1069	1.0000	47.7762	25.5057	251.6035	1.0000	1.0000	0.0445	0.7449	1.7956	177.9608	1.0000
73.5622	98.5611	17.9043	1.0000	74.3081	99.2271	41.7559	1.0000	1.0000	0.4862	0.0077	0.5360	54.0275	1.0000
5.3292	58.8199	151.2957	1.0000	34.0877	95.2630	60.8152	1.0000	48.0000	0.3182	0.0474	0.3243	33.5767	1.0340
5.7590	66.0254	3.9376	1.0000	45.9159	95.1323	60.8451	1.0000	54.0000	0.0817	0.0487	0.3239	29.8393	1.0888
59.9840	83.9332	131.4901	1.0000	52.3805	94.4341	118.3846	1.0000	13.0000	0.0476	0.0557	0.3154	29.0230	1.0027
40.0065	96.6843	91.8865	1.0000	40.2434	97.6558	76.2966	1.0000	1.0000	0.1951	0.0234	0.1523	16.9844	1.0000
91.7775	18.7985	170.8382	1.0000	52.2204	34.6117	118.1556	1.0000	47.0000	0.0444	0.6539	0.3128	71.2270	1.1033
18.2153	51.6752	-23.6552	1.0000	47.5615	79.8254	72.4509	1.0000	46.0000	0.0488	0.2017	0.1950	26.8502	1.1312
30.7294	87.0800	23.2207	1.0000	36.4178	95.1172	60.2681	1.0000	10.0000	0.2716	0.0488	0.3304	33.0500	1.0156
59.2089	91.3853	39.9865	1.0000	59.4161	95.2192	108.3806	1.0000	4.0000	0.1883	0.0478	0.2042	21.1982	1.0418
4.3587	60.6981	256.9943	1.0000	-0.1012	61.4036	109.8705	0.0000	6.0000	1.0020	0.3860	0.2208	66.2921	1.3288
98.6505	63.6144	150.5957	1.0000	52.2299	80.4215	118.5548	1.0000	54.0000	0.0446	0.1958	0.3173	34.6939	1.0938
85.5571	84.8174	-68.4492	1.0000	79.1074	95.0405	173.8662	1.0000	21.0000	0.5821	0.0496	0.9318	88.9122	1.7373
63.3707	95.9896	158.8315	1.0000	62.4732	96.4307	153.8210	1.0000	1.0000	0.2495	0.0357	0.7091	65.1264	1.0000
37.5587	59.3191	78.0590	1.0000	47.5744	89.6927	76.0722	1.0000	32.0000	0.0485	0.1031	0.1548	17.4959	1.0006
5.2009	59.0602	258.6660	1.0000	0.7924	60.6304	86.2243	1.0000	7.0000	0.9842	0.3937	0.0420	63.1317	1.4958
15.7571	65.2331	-12.5902	1.0000	47.5250	95.6265	72.7066	1.0000	49.0000	0.0495	0.0437	0.1921	18.0087	1.1145
9.7815	5.1038	139.7479	1.0000	9.3601	7.0099	89.9169	1.0000	2.0000	0.8128	0.9299	0.0009	101.4828	1.0245
91.5068	45.2889	250.6175	1.0000	52.0918	53.7916	117.2719	1.0000	50.0000	0.0418	0.4621	0.3030	53.6968	1.2400
98.5377	8.4771	10.6912	1.0000	52.3148	35.1099	118.7613	1.0000	62.0000	0.0463	0.6489	0.3196	71.0162	1.1622
70.3376	40.8386	42.7852	1.0000	70.7464	42.7536	89.6901	1.0000	2.0000	0.4149	0.5725	0.0034	60.8906	1.0214
24.9192	81.5483	-48.1344	1.0000	43.5910	95.0083	61.0892	1.0000	29.0000	0.1282	0.0499	0.3212	30.0304	1.2599
20.9975	31.7196	-54.5605	1.0000	47.5766	54.2942	73.7774	1.0000	44.0000	0.0485	0.4571	0.1803	48.5599	1.2618
69.5632	29.5770	34.7865	1.0000	52.1396	57.5691	117.4810	1.0000	34.0000	0.0428	0.4243	0.3053	50.5980	1.0312
79.4791	71.5242	135.5121	1.0000	52.4857	90.7710	118.4042	1.0000	35.0000	0.0497	0.0923	0.3156	29.9692	1.0557
10.8747	81.9142	21.1820	1.0000	35.2966	95.6276	60.5532	1.0000	29.0000	0.2941	0.0437	0.3272	33.2027	1.0354
16.6032	86.6414	166.0069	1.0000	15.3509	89.1613	91.4896	1.0000	3.0000	0.6930	0.1084	0.0166	36.3353	1.0661
12.6460	78.3849	-21.1368	1.0000	40.9380	95.0227	60.6250	1.0000	37.0000	0.1812	0.0498	0.3264	31.1413	1.1273
19.1874	2.6741	44.9966	1.0000	47.6027	44.4689	71.1670	1.0000	51.0000	0.0479	0.5553	0.2093	58.6868	1.0091
6.7838	91.2324	226.5920	1.0000	3.6410	95.0637	68.7527	1.0000	7.0000	0.9272	0.0494	0.2361	51.2345	1.4126
82.4701	84.2257	-31.4168	1.0000	85.5234	86.9977	91.7766	1.0000	5.0000	0.7105	0.1300	0.0197	37.8699	1.2124
91.6839	69.5680	258.5281	1.0000	52.2230	76.3310	117.9545	1.0000	51.0000	0.0445	0.2367	0.3106	36.6963	1.2738
13.7378	17.4304	-2.4201	1.0000	47.5510	49.0247	72.4965	1.0000	51.0000	0.0490	0.5098	0.1945	53.9523	1.1021
43.8976	39.3411	-33.8954	1.0000	47.7207	39.5819	26.1046	1.0000	4.0000	0.0456	0.6042	0.7099	87.9669	1.0442
52.1922	58.4512	29.9579	1.0000	53.6029	62.0452	87.8047	1.0000	4.0000	0.0721	0.3795	0.0244	38.1886	1.0360
98.3012	49.7775	-58.2350	1.0000	100.1270	49.0855	-8.2505	0.0000	2.0000	1.0025	0.5091	1.0917	121.4832	1.0243
18.0132	36.0601	83.2617	1.0000	47.5851	80.7272	70.5914	1.0000	54.0000	0.0483	0.1927	0.2157	27.4584	1.0080
80.6053	52.9594	119.5664	1.0000	52.1786	75.3053	117.6755	1.0000	38.0000	0.0436	0.2469	0.3075	37.1552	1.0509
55.9624	10.0063	139.4749	1.0000	52.1452	15.8248	117.4083	1.0000	7.0000	0.0429	0.8418	0.3045	88.5510	1.0059
7.8981	51.1924	180.3332	1.0000	39.0376	95.2585	60.2320	1.0000	57.0000	0.2192	0.0474	0.3308	32.0747	1.0564
8.7784	62.4597	-46.1221	1.0000	47.5787	90.2852	73.3923	1.0000	57.0000	0.0484	0.0971	0.1845	19.3921	1.1938
91.1767	72.3106	46.4407	1.0000	53.8237	95.6862	121.8520	1.0000	49.0000	0.0765	0.0431	0.3539	32.3695	1.1120
41.7133	14.9602	25.6199	1.0000	47.6235	26.4005	74.7674	1.0000	13.0000	0.0475	0.7360	0.1693	75.1968	1.0096
45.1637	37.0669	1.5538	1.0000	47.6621	38.6011	46.5538	1.0000	3.0000	0.0468	0.6140	0.4827	75.2520	1.0232
34.5643	72.3938	-25.2067	1.0000	47.6563	90.8139	73.2007	1.0000	24.0000	0.0469	0.0919	0.1867	19.2897	1.0620
76.4142	15.7194	247.9005	1.0000	52.1699	24.7034	117.6301	1.0000	34.0000	0.0434	0.7530	0.3070	80.2354	1.3150
23.9869	62.6421	77.0508	1.0000	44.8082	95.4026	60.2084	1.0000	39.0000	0.1038	0.0460	0.3310	30.5881	1.0047
13.0883	60.2316	-82.2635	1.0000	47.6505	78.5687	71.9883	1.0000	55.0000	0.0470	0.2143	0.2001	28.0934	1.4057
31.6637	60.3846	-88.6197	1.0000	47.7340	76.7151	76.3114	1.0000	30.0000	0.0453	0.2328	0.1521	27.1053	1.3094
84.0602	71.8999	-5.0856	1.0000	86.0481	74.8379	93.1780	1.0000	4.0000	0.7210	0.2516	0.0353	44.0760	1.1276
62.1968	79.2216	217.9887	1.0000	52.1275	85.0816	116.5141	1.0000	13.0000	0.0425	0.1492	0.2946	30.4972	1.1158
29.3980	95.1065	206.6906	1.0000	28.3996	95.0502	183.2290	1.0000	1.0000	0.4320	0.0495	1.0359	95.8265	1.0000
37.7505	87.1899	-48.9393	1.0000	47.1934	95.5499	69.9567	1.0000	15.0000	0.0561	0.0445	0.2227	20.7224	1.1894
35.8351	33.0775	166.0825	1.0000	34.5430	35.5876	92.9873	1.0000	3.0000	0.3091	0.6441	0.0332	66.3084	1.0626
26.1576	77.2469	29.6274	1.0000	40.4719	95.7530	60.1815	1.0000	24.0000	0.1906	0.0425	0.3313	31.5906	1.0258
12.9761	19.0931	-44.8039	1.0000	47.7748	45.3724	73.6526	1.0000	52.0000	0.0445	0.5463	0.1816	57.0646	1.1925
0.4962	45.4631	191.3552	1.0000	-0.4790	45.6845	167.2073	0.0000	1.0000	1.0096	0.5432	0.8579	107.0480	1.0000
94.4884	7.7238	199.6417	1.0000	52.1169	22.4640	117.3769	1.0000	50.0000	0.0423	0.7754	0.3042	82.2545	1.1145
79.0671	41.9915	108.9146	1.0000	52.4807	65.5367	118.3965	1.0000	37.0000	0.0496	0.3446	0.3155	44.7239	1.0419
37.1791	54.8531	-46.6216	1.0000	47.7357	66.1921	74.9573	1.0000	18.0000	0.0453	0.3381	0.1671	37.0727	1.1619
52.2258	55.3068	154.2285	1.0000	51.5253	56.0204	134.4695	1.0000	1.0000	0.0305	0.4398	0.4941	62.5625	1.0000
18.9005	0.5851	-27.4372	1.0000	20.7790	-0.0958	-17.4217	0.0000	2.0000	0.5844	1.0010	1.1936	149.7080	1.0010
81.4936	80.1220	19.7604	1.0000	82.5033	82.7535	93.6872	1.0000	3.0000	0.6501	0.1725	0.0410	36.9797	1.0644
46.6088	69.5556	-59.8436	1.0000	48.1852	68.3527	-29.8436	1.0000	2.0000	0.0363	0.3165	1.3316	123.9650	1.0086
26.7336	83.7238	194.1001	1.0000	30.4364	95.1326	45.0278	1.0000	15.0000	0.3913	0.0487	0.4997	49.2841	1.2506
88.5963	5.0480	62.9884	1.0000	88.6308	6.0474	88.0217	1.0000	1.0000	0.7726	0.9395	0.0220	101.6039	1.0000
92.0518	8.4503	81.7085	1.0000	52.4548	32.9164	118.3600	1.0000	51.0000	0.0491	0.6708	0.3151	72.8733	1.0957
24.3157	32.1920	20.4450	1.0000	47.5980	62.7852	71.2545	1.0000	40.0000	0.0480	0.3721	0.2083	41.7385	1.0405
50.0286	3.1190	-14.5581	1.0000	51.0286	3.1271	0.4680	1.0000	1.0000	0.0206	0.9687	0.9948	131.9143	1.0000
64.8690	42.1821	110.1222	1.0000	52.2043	60.0898	117.8208	1.0000	22.0000	0.0441	0.3991	0.3091	48.6999	1.0030
13.2711	33.9114	66.0916	1.0000	47.5335	82.5206	70.5268	1.0000	60.0000	0.0493	0.1748	0.2164	26.2834	1.0089
57.3892	84.3759	258.5602	1.0000	51.6635	82.5124	149.3968	1.0000	7.0000	0.0333	0.1749	0.6600	61.9400	1.1625
91.8361	30.1121	-52.1107	1.0000	52.4577	56.4027	118.3638	1.0000	60.0000	0.0492	0.4360	0.3152	52.0699	1.2672
39.0754	85.3942	-10.6152	1.0000	46.7598	95.0468	65.2540	1.0000	13.0000	0.0648	0.0495	0.2750	25.4440	1.0537
64.3919	69.4757	198.0096	1.0000	52.2095	79.9512	117.8495	1.0000	17.0000	0.0442	0.2005	0.3094	34.3865	1.0581
29.0078	20.9858	61.3748	1.0000	47.6640	54.0192	72.0646	1.0000	38.0000	0.0467	0.4598	0.1993	49.4102	1.0016
68.2040	77.9137	119.1771	1.0000	54.6687	95.2518	128.4906	1.0000	22.0000	0.0934	0.0475	0.4277	39.0623	1.0002
27.0692	79.1195	225.0636	1.0000	33.4356	95.5885	60.4915	1.0000	23.0000	0.3313	0.0441	0.3279	34.1261	1.3026
70.1720	61.9079	57.6976	1.0000	52.2214	89.0432	118.0763	1.0000	33.0000	0.0444	0.1096	0.3120	30.2203	1.0143
89.6696	8.1668	-49.5119	1.0000	52.2204	34.8448	118.1590	1.0000	58.0000	0.0444	0.6516	0.3129	71.0145	1.2614
42.7908	86.8270	260.3656	1.0000	38.3388	88.2584	88.0085	1.0000	7.0000	0.2332	0.1174	0.0221	16.6678	1.4969
35.6483	26.2950	-6.2148	1.0000	47.7106	46.1973	75.6518	1.0000	24.0000	0.0458	0.5380	0.1594	55.7301	1.0313
65.1747	79.3847	105.7202	1.0000	53.5801	95.5882	118.6301	1.0000	20.0000	0.0716	0.0441	0.3181	29.1885	1.0038
1.9357	20.7874	254.6312	1.0000	-0.6084	19.5865	180.3886	0.0000	3.0000	1.0122	0.8041	1.0043	131.1398	1.0663
63.0644	26.9570	74.7844	1.0000	63.0682	27.9570	89.7844	1.0000	1.0000	0.2614	0.7204	0.0024	73.2190	1.0000
51.3005	54.8055	69.8588	1.0000	51.5023	55.7849	78.3563	1.0000	1.0000	0.0300	0.4422	0.1294	45.7472	1.0000
82.2527	26.1276	49.6333	1.0000	52.3266	52.6056	118.6799	1.0000	43.0000	0.0465	0.4739	0.3187	55.4453	1.0761
95.1191	98.2992	235.9262	1.0000	94.4886	97.5230	230.9176	1.0000	1.0000	0.8898	0.0248	1.5658	147.7943	1.0000
30.6164	99.1118	145.6788	1.0000	30.0808	99.9563	122.3843	1.0000	1.0000	0.3984	0.0004	0.3598	38.0199	1.0000
42.5317	41.5257	-47.1262	1.0000	47.9253	42.0330	42.8738	1.0000	6.0000	0.0415	0.5797	0.5236	74.7352	1.1076
93.5022	32.0500	-50.1081	1.0000	52.1762	58.6711	117.6628	1.0000	62.0000	0.0435	0.4133	0.3074	49.7800	1.2612
6.2643	32.6803	-77.6366	1.0000	47.7370	54.2126	73.3534	1.0000	62.0000	0.0453	0.4579	0.1850	48.7720	1.3268
39.1277	78.8387	91.2434	1.0000	44.1157	95.0891	72.7537	1.0000	17.0000	0.1177	0.0491	0.1916	18.8727	1.0001
28.1097	93.6298	-18.1771	1.0000	35.2147	95.4348	56.5253	1.0000	8.0000	0.2957	0.0457	0.3719	36.8782	1.0913
82.6256	12.1258	184.0418	1.0000	52.1391	27.8015	117.4787	1.0000	38.0000	0.0428	0.7220	0.3053	77.2805	1.1085
77.1400	13.1569	-41.3434	1.0000	52.3607	40.6693	118.4821	1.0000	45.0000	0.0472	0.5933	0.3165	65.8554	1.2154
58.8987	37.5759	23.7704	1.0000	52.2880	52.9564	118.9313	1.0000	18.0000	0.0458	0.4704	0.3215	55.2753	1.0752
83.8000	0.2464	56.0025	1.0000	52.4704	26.2903	118.3815	1.0000	44.0000	0.0494	0.7371	0.3153	79.0236	1.0800
62.1393	10.6494	146.1918	1.0000	52.3794	23.2243	118.3898	1.0000	16.0000	0.0476	0.7678	0.3154	81.8910	1.0051
47.3669	31.3327	5.1447	1.0000	48.3057	31.6771	20.1447	1.0000	1.0000	0.0339	0.6832	0.7762	97.7275	1.0000
73.7721	91.6757	183.7914	1.0000	60.9691	95.4351	132.9743	1.0000	14.0000	0.2194	0.0456	0.4775	44.5864	1.0492
49.8538	83.6993	65.4228	1.0000	50.1906	84.6409	70.3155	1.0000	1.0000	0.0038	0.1536	0.2187	24.9683	1.0000
82.3152	91.6825	212.4002	1.0000	59.5604	95.2490	129.0567	1.0000	25.0000	0.1912	0.0475	0.4340	40.4895	1.0854
2.1162	44.3855	73.5624	1.0000	42.7616	95.6649	60.3724	1.0000	66.0000	0.1448	0.0434	0.3292	30.8056	1.0086
4.7357	56.6851	103.0801	1.0000	36.7611	95.6994	60.1528	1.0000	51.0000	0.2648	0.0430	0.3316	32.9335	1.0104
79.1821	93.0604	148.7811	1.0000	67.4637	95.1045	166.3035	1.0000	12.0000	0.3493	0.0490	0.8478	78.4294	1.0088
68.9979	45.9687	141.4514	1.0000	52.1681	66.8889	117.6210	1.0000	27.0000	0.0434	0.3311	0.3069	43.1737	1.0056
20.4552	49.8353	238.4491	1.0000	16.4516	51.9080	90.8147	1.0000	6.0000	0.6710	0.4809	0.0091	58.6430	1.3309
63.1358	81.7640	24.0969	1.0000	57.2517	95.2259	128.4871	1.0000	16.0000	0.1450	0.0477	0.4276	39.4542	1.0890
30.9178	89.2606	46.7467	1.0000	34.5081	95.2616	60.6498	1.0000	7.0000	0.3098	0.0474	0.3261	33.5244	1.0010
98.1910	74.8153	197.7731	1.0000	52.4467	88.9058	118.3495	1.0000	53.0000	0.0489	0.1109	0.3150	30.5412	1.1073
56.0859	95.1261	207.0959	1.0000	53.1461	95.2278	164.3341	1.0000	3.0000	0.0629	0.0477	0.8259	74.5535	1.0199
82.4087	36.9888	51.8872	1.0000	52.3347	63.3416	118.6286	1.0000	43.0000	0.0467	0.3666	0.3181	46.5713	1.0754
66.3581	63.7334	112.1058	1.0000	52.2802	83.1066	118.6999	1.0000	24.0000	0.0456	0.1689	0.3189	33.3807	1.0022
42.6021	58.4247	55.7167	1.0000	47.6434	69.2770	74.9927	1.0000	12.0000	0.0471	0.3072	0.1667	34.2735	1.0028
6.2065	31.2887	147.1151	1.0000	47.5064	90.6829	70.0318	1.0000	74.0000	0.0499	0.0932	0.2219	22.1756	1.0229
85.3443	78.6486	47.4888	1.0000	59.3952	95.1689	128.7527	1.0000	34.0000	0.1879	0.0483	0.4306	40.1669	1.1053
98.4062	21.1539	2.8929	1.0000	100.1567	23.3652	75.8637	0.0000	3.0000	1.0031	0.7663	0.1571	92.6737	1.0637
89.7558	56.9845	223.5297	1.0000	52.0758	69.8531	117.2143	1.0000	46.0000	0.0415	0.3015	0.3024	40.6665	1.1553
53.4914	94.3227	14.8369	1.0000	54.8977	95.6958	54.9747	1.0000	2.0000	0.0980	0.0430	0.3892	35.6270	1.0176
73.0105	96.8742	-36.3078	1.0000	73.9867	96.6572	-12.5296	1.0000	1.0000	0.4797	0.0334	1.1392	105.3511	1.0000
94.1596	18.1196	4.0540	1.0000	52.3766	44.8436	118.4032	1.0000	58.0000	0.0475	0.5516	0.3156	62.0855	1.1694
76.9344	83.9983	66.9969	1.0000	76.9125	84.9981	91.2564	1.0000	1.0000	0.5383	0.1500	0.0140	30.8370	1.0000
62.2226	56.0652	251.8652	1.0000	52.1331	58.6760	116.6512	1.0000	13.0000	0.0427	0.4132	0.2961	49.2190	1.2474
73.7851	28.4585	88.6001	1.0000	52.2703	55.5751	118.3761	1.0000	35.0000	0.0454	0.4442	0.3153	52.7629	1.0111
19.9757	33.5601	152.5912	1.0000	47.7129	80.5183	73.0849	1.0000	56.0000	0.0457	0.1948	0.1879	25.9015	1.0268
12.3601	36.5237	233.3137	1.0000	47.6103	93.8155	71.5678	1.0000	74.0000	0.0478	0.0618	0.2048	19.5884	1.1001
58.2732	22.3965	122.1094	1.0000	52.1417	31.4907	117.4953	1.0000	11.0000	0.0428	0.6851	0.3055	73.8519	1.0029
96.8375	93.8535	-71.4507	1.0000	100.3394	93.2529	26.8617	0.0000	4.0000	1.0068	0.0675	0.7015	81.0310	1.1258
39.7389	83.8604	-79.2550	1.0000	47.6611	85.1384	65.9460	1.0000	11.0000	0.0468	0.1486	0.2673	28.3713	1.3708
36.0116	43.1080	51.6653	1.0000	47.5200	65.2695	72.3884	1.0000	25.0000	0.0496	0.3473	0.1957	39.0196	1.0011
31.5811	42.5716	204.8468	1.0000	28.6204	45.5517	87.8008	1.0000	5.0000	0.4276	0.5445	0.0244	58.5366	1.1902
86.4355	50.7120	-80.9316	1.0000	90.8954	52.1016	91.6424	1.0000	7.0000	0.8179	0.4790	0.0182	63.0031	1.4985
87.4936	91.4344	89.3752	1.0000	85.9446	95.0986	120.7073	1.0000	4.0000	0.7189	0.0490	0.3412	47.5287	1.0055
34.9278	50.1012	217.9497	1.0000	47.5542	88.9427	77.6456	1.0000	45.0000	0.0489	0.1106	0.1373	16.7594	1.1018
26.6541	70.4220	124.3654	1.0000	40.5259	95.4305	60.1974	1.0000	29.0000	0.1895	0.0457	0.3311	31.6044	1.0141
11.4578	11.5465	-66.0626	1.0000	47.6196	35.1975	74.2782	1.0000	56.0000	0.0476	0.6480	0.1747	66.7248	1.2960
52.7043	72.7430	-57.7030	1.0000	52.2542	84.4157	118.5065	1.0000	18.0000	0.0451	0.1558	0.3167	32.5665	1.5409
52.4705	12.9744	239.4507	1.0000	51.7567	12.2741	224.4507	1.0000	1.0000	0.0351	0.8773	1.4939	160.5488	1.0000
89.0622	21.5703	151.6010	1.0000	52.4426	38.3463	118.3444	1.0000	44.0000	0.0489	0.6165	0.3149	67.9010	1.0924
2.7773	26.9113	245.3595	1.0000	-0.7693	26.6968	146.7095	0.0000	4.0000	1.0154	0.7330	0.6301	105.6733	1.1258
53.7451	13.7963	60.7819	1.0000	54.0802	15.7543	86.9610	1.0000	2.0000	0.0816	0.8425	0.0338	84.3992	1.0068
73.6550	1.5145	205.8613	1.0000	52.1505	16.2658	117.5332	1.0000	29.0000	0.0430	0.8373	0.3059	88.1709	1.1121
44.1838	59.7279	266.2393	1.0000	39.6007	60.6523	94.4098	1.0000	7.0000	0.2080	0.3935	0.0490	40.9369	1.4972
36.0112	29.8816	-35.0097	1.0000	47.6360	45.0076	74.8952	1.0000	21.0000	0.0473	0.5499	0.1678	57.0780	1.1008
3.6776	19.0507	-70.6763	1.0000	47.5902	43.0579	72.7321	1.0000	64.0000	0.0482	0.5694	0.1919	59.5516	1.2788
33.1519	73.4722	117.1312	1.0000	33.0931	74.4704	93.3688	1.0000	1.0000	0.3381	0.2553	0.0374	30.8050	1.0000
64.4076	54.6130	-77.6672	1.0000	52.3886	79.6663	118.3483	1.0000	36.0000	0.0478	0.2033	0.3150	34.9684	1.2956
51.6223	43.8835	-14.9528	1.0000	55.1356	47.6811	89.4888	1.0000	6.0000	0.1027	0.5232	0.0057	52.5729	1.1598
99.0305	11.7020	246.6351	1.0000	52.1166	20.5773	117.3758	1.0000	57.0000	0.0423	0.7942	0.3042	84.0349	1.1938
62.9026	84.0567	35.5594	1.0000	63.6416	86.8939	90.3988	1.0000	3.0000	0.2728	0.1311	0.0044	18.9215	1.0232
96.9968	58.2469	80.8257	1.0000	52.4348	82.5579	118.3358	1.0000	56.0000	0.0487	0.1744	0.3148	33.3628	1.1032
77.0481	77.6956	166.7542	1.0000	52.3594	94.1762	118.4888	1.0000	32.0000	0.0472	0.0582	0.3165	29.1735	1.0780
36.2007	43.3686	64.8614	1.0000	47.7295	69.9197	73.7096	1.0000	29.0000	0.0454	0.3008	0.1810	34.2835	1.0019
18.4258	28.0233	-83.3576	1.0000	47.5535	45.3693	73.4457	1.0000	50.0000	0.0489	0.5463	0.1839	57.1361	1.4749
79.7442	93.9242	209.9073	1.0000	61.7814	95.2527	139.0187	1.0000	19.0000	0.2356	0.0475	0.5447	50.6377	1.0549
30.9302	10.4729	242.8561	1.0000	47.5937	49.2701	71.0640	1.0000	49.0000	0.0481	0.5073	0.2104	54.2023	1.1605
65.1218	53.3760	187.1094	1.0000	52.4461	65.1399	118.3444	1.0000	18.0000	0.0489	0.3486	0.3149	44.9957	1.0409
98.0915	72.8949	161.6884	1.0000	52.3817	88.6105	118.3791	1.0000	53.0000	0.0476	0.1139	0.3153	30.6720	1.0965
24.8024	46.3701	-45.7571	1.0000	47.6552	69.3025	74.2033	1.0000	39.0000	0.0469	0.3070	0.1755	34.6031	1.2046
86.9427	63.6523	142.7889	1.0000	52.0512	82.2617	117.1315	1.0000	43.0000	0.0410	0.1774	0.3015	32.4803	1.0874
32.9164	99.6840	-76.0026	1.0000	33.3866	98.8014	-61.9581	1.0000	1.0000	0.3323	0.0120	1.6884	152.8683	1.0000
51.1666	46.0840	55.6591	1.0000	51.5582	47.0041	66.9448	1.0000	1.0000	0.0312	0.5300	0.2562	57.8147	1.0000
90.7693	3.4544	5.3347	1.0000	52.1698	30.7347	117.6296	1.0000	55.0000	0.0434	0.6927	0.3070	74.6042	1.1636
0.8638	5.2879	2.0136	1.0000	47.7831	40.0712	73.3294	1.0000	64.0000	0.0443	0.5993	0.1852	62.2437	1.0958
96.0715	19.8810	-43.8553	1.0000	52.2532	46.4733	118.2469	1.0000	64.0000	0.0451	0.5353	0.3139	60.5646	1.2486
10.5314	63.6075	243.2369	1.0000	32.5220	95.2361	60.3607	1.0000	46.0000	0.3496	0.0476	0.3293	34.7371	1.1941
4.5044	5.5875	227.1303	1.0000	47.5833	70.0551	70.6149	1.0000	84.0000	0.0483	0.2994	0.2154	35.7536	1.0834
25.6713	36.7779	-78.4404	1.0000	47.6440	51.9828	72.1456	1.0000	39.0000	0.0471	0.4802	0.1984	51.2833	1.4595
7.1482	37.6416	118.9933	1.0000	7.0753	38.6389	94.1827	1.0000	1.0000	0.8585	0.6136	0.0465	75.0014	1.0000
52.6400	14.1187	12.4845	1.0000	52.2557	24.8584	109.1976	1.0000	12.0000	0.0451	0.7514	0.2133	77.5879	1.1166
15.0163	91.7245	219.7441	1.0000	11.8026	95.0300	79.0239	1.0000	6.0000	0.7639	0.0497	0.1220	40.0527	1.3015
41.8519	88.2597	-6.6006	1.0000	47.5318	95.7144	72.7303	1.0000	10.0000	0.0494	0.0429	0.1919	17.9639	1.0670
42.6664	45.0164	143.9416	1.0000	42.1066	46.8878	94.2500	1.0000	2.0000	0.1579	0.5311	0.0472	53.8635	1.0239
53.0026	55.2334	30.8934	1.0000	54.2113	58.8837	91.8984	1.0000	4.0000	0.0842	0.4112	0.0211	41.3750	1.0402
5.5210	41.2028	72.2289	1.0000	46.5725	95.8962	63.7985	1.0000	69.0000	0.0686	0.0410	0.2911	26.7415	1.0090
45.5973	15.9301	139.5980	1.0000	45.1292	17.8323	92.2061	1.0000	2.0000	0.0974	0.8217	0.0245	82.3415	1.0209
61.8319	39.7779	-12.1345	1.0000	64.3052	43.4324	91.3275	1.0000	5.0000	0.2861	0.5657	0.0147	58.3635	1.1331
85.8630	63.1861	47.2509	1.0000	52.2167	89.8513	118.5043	1.0000	47.0000	0.0443	0.1015	0.3167	30.3381	1.0948
90.3470	42.0394	247.2956	1.0000	52.2708	50.7483	118.3942	1.0000	48.0000	0.0454	0.4925	0.3155	56.8956	1.2289
8.2528	1.8084	164.5406	1.0000	7.0671	4.3603	89.9395	1.0000	3.0000	0.8587	0.9564	0.0007	104.8341	1.0662
88.0447	54.3993	-20.5202	1.0000	52.3011	81.4838	118.8626	1.0000	54.0000	0.0460	0.1852	0.3207	34.3685	1.2041
36.9587	33.7630	38.3521	1.0000	47.5012	54.1570	72.8075	1.0000	23.0000	0.0500	0.4584	0.1910	49.0245	1.0018
24.3335	93.6245	110.3895	1.0000	24.3984	94.6224	86.2779	1.0000	1.0000	0.5120	0.0538	0.0414	26.4237	1.0000
42.1484	42.2802	180.5962	1.0000	47.5218	68.2671	75.4199	1.0000	28.0000	0.0496	0.3173	0.1620	35.0099	1.0551
69.7833	63.1102	-24.5796	1.0000	72.6964	66.1205	93.3126	1.0000	5.0000	0.4539	0.3388	0.0368	40.9136	1.1936
30.0488	25.0066	222.7048	1.0000	47.5765	64.1305	70.6709	1.0000	48.0000	0.0485	0.3587	0.2148	40.8180	1.1196
81.2320	76.9664	131.5381	1.0000	53.4122	95.0035	118.9006	1.0000	35.0000	0.0682	0.0500	0.3211	29.5272	1.0556
47.0640	95.1984	-47.8192	1.0000	47.9044	94.6565	-32.8192	1.0000	1.0000	0.0419	0.0534	1.3647	122.9532	1.0000
97.3014	70.2999	193.4697	1.0000	52.4874	84.5128	118.4067	1.0000	52.0000	0.0497	0.1549	0.3156	32.4497	1.1061
88.7578	44.2099	28.0773	1.0000	52.2289	70.9570	118.5686	1.0000	51.0000	0.0446	0.2904	0.3174	40.7998	1.1265
47.9935	29.2714	237.6023	1.0000	43.2635	31.0364	88.4659	1.0000	7.0000	0.1347	0.6896	0.0170	69.3088	1.3865
42.5979	19.8719	206.1585	1.0000	47.6801	48.7156	77.5249	1.0000	32.0000	0.0464	0.5128	0.1386	52.8309	1.0926
47.8646	36.9593	87.0311	1.0000	48.0233	37.9466	80.8705	1.0000	1.0000	0.0395	0.6205	0.1014	62.7525	1.0000
81.1547	54.2530	47.8134	1.0000	52.3898	80.7887	118.3427	1.0000	42.0000	0.0478	0.1921	0.3149	34.3234	1.0732
1.1496	27.4913	-80.8884	1.0000	47.6070	49.9687	72.7374	1.0000	68.0000	0.0479	0.5003	0.1918	52.9798	1.3176
65.8629	5.6405	14.4139	1.0000	52.4389	30.3514	118.3400	1.0000	30.0000	0.0488	0.6965	0.3149	75.2332	1.0668
44.5007	30.0522	-61.5274	1.0000	47.9994	28.4924	-1.5274	1.0000	4.0000	0.0400	0.7151	1.0170	116.1663	1.0442
58.1003	10.7093	241.0436	1.0000	52.0185	10.5532	134.5105	1.0000	7.0000	0.0404	0.8945	0.4946	99.9299	1.1506
75.5521	84.9467	113.4215	1.0000	61.6537	95.7225	129.8042	1.0000	18.0000	0.2331	0.0428	0.4423	41.6951	1.0235
77.1116	54.0390	-26.0694	1.0000	52.2743	81.9726	118.5044	1.0000	44.0000	0.0455	0.1803	0.3167	33.8033	1.1771
1.2013	44.1214	96.8398	1.0000	41.7727	95.3381	60.3813	1.0000	66.0000	0.1645	0.0466	0.3291	31.0916	1.0101
10.9225	14.3322	135.0997	1.0000	10.6448	16.2643	85.5922	1.0000	2.0000	0.7871	0.8374	0.0490	92.6280	1.0246
96.7066	4.6754	256.2654	1.0000	93.6271	-0.3963	226.2129	0.0000	6.0000	0.8725	1.0040	1.5135	174.7475	1.0112
72.1446	49.8548	8.1389	1.0000	52.4068	79.3766	118.3117	1.0000	38.0000	0.0481	0.2062	0.3146	35.1094	1.0701
95.4210	56.3938	227.0333	1.0000	52.4720	67.8449	118.3837	1.0000	51.0000	0.0494	0.3216	0.3154	42.9616	1.1474
79.8909	58.0084	164.1391	1.0000	52.2668	74.4973	118.2716	1.0000	35.0000	0.0453	0.2550	0.3141	38.1419	1.0879
59.2907	84.3841	122.9165	1.0000	52.3952	94.1687	118.3213	1.0000	12.0000	0.0479	0.0583	0.3147	29.0145	1.0025
31.5730	90.2999	53.7307	1.0000	34.5664	95.4995	60.2684	1.0000	6.0000	0.3087	0.0450	0.3304	33.7997	1.0001
69.2858	63.5181	252.6916	1.0000	52.2163	73.0806	118.5273	1.0000	24.0000	0.0443	0.2692	0.3170	39.2858	1.2266
97.4465	49.2398	249.0237	1.0000	52.4461	57.1623	118.3488	1.0000	55.0000	0.0489	0.4284	0.3150	51.4267	1.2037
43.4593	50.3470	34.0271	1.0000	47.5721	58.2959	71.8233	1.0000	9.0000	0.0486	0.4170	0.2020	45.5578	1.0056
62.9715	87.9586	250.4275	1.0000	52.1068	91.3559	118.1036	1.0000	14.0000	0.0421	0.0864	0.3123	29.4784	1.2299
64.3490	83.7800	-50.4851	1.0000	62.3393	95.4257	128.4765	1.0000	17.0000	0.2468	0.0457	0.4275	40.6648	1.4385
12.6474	23.0785	253.8839	1.0000	47.6818	79.6933	71.8976	1.0000	75.0000	0.0464	0.2031	0.2011	27.3026	1.1265
82.9439	62.0110	124.8742	1.0000	52.1118	83.5683	117.3547	1.0000	40.0000	0.0422	0.1643	0.3039	31.9803	1.0632
93.5807	66.5315	-70.3466	1.0000	52.4088	92.1280	118.3129	1.0000	63.0000	0.0482	0.0787	0.3146	29.4855	1.2995
23.8576	49.0480	155.6109	1.0000	47.5110	91.5330	70.3972	1.0000	50.0000	0.0498	0.0847	0.2178	21.4978	1.0283
11.6503	83.0008	-16.9699	1.0000	37.9645	95.0737	60.7175	1.0000	32.0000	0.2407	0.0493	0.3254	32.0404	1.1053
64.4268	27.5167	-63.7882	1.0000	68.7855	30.1065	92.7061	1.0000	7.0000	0.3757	0.6989	0.0301	72.4246	1.3807
92.0249	54.0738	158.2056	1.0000	52.3589	70.2820	118.4918	1.0000	47.0000	0.0472	0.2972	0.3166	41.2371	1.0969
90.5667	63.1721	241.6708	1.0000	52.1141	73.1921	117.3648	1.0000	48.0000	0.0423	0.2681	0.3041	38.3663	1.2080
92.2770	58.3482	230.5325	1.0000	52.0457	70.2670	117.1137	1.0000	49.0000	0.0409	0.2973	0.3013	40.2913	1.1678
35.7447	2.9928	-5.4357	1.0000	47.7186	22.9664	76.0787	1.0000	24.0000	0.0456	0.7703	0.1547	78.3146	1.0306
10.3893	19.9741	202.8013	1.0000	47.7423	78.5537	72.7545	1.0000	74.0000	0.0452	0.2145	0.1916	27.6124	1.0651
74.8913	41.6991	-22.1590	1.0000	52.4266	68.8286	118.3278	1.0000	41.0000	0.0485	0.3117	0.3148	42.1901	1.1640
26.5116	60.5753	68.4329	1.0000	47.4687	95.6677	69.6898	1.0000	41.0000	0.0506	0.0433	0.2257	20.9208	1.0031
95.4365	78.7372	233.1644	1.0000	52.1961	89.8088	117.7711	1.0000	52.0000	0.0439	0.1019	0.3086	29.6634	1.1650
58.1480	58.7776	84.3320	1.0000	52.2909	69.1291	118.6400	1.0000	12.0000	0.0458	0.3087	0.3182	42.1724	1.0089
66.1304	70.3282	-20.3320	1.0000	69.0406	73.5576	88.2337	1.0000	5.0000	0.3808	0.2644	0.0196	32.6323	1.1502
69.2164	50.9196	-67.0813	1.0000	52.4057	79.3612	118.3110	1.0000	41.0000	0.0481	0.2064	0.3146	35.1178	1.2410
80.8335	20.7657	236.2734	1.0000	52.3875	31.0942	118.3526	1.0000	37.0000	0.0478	0.6891	0.3150	74.5492	1.2226
5.8031	39.3450	192.8992	1.0000	3.4507	41.9983	94.3107	1.0000	4.0000	0.9310	0.5800	0.0479	74.4958	1.1280
26.9415	71.6864	178.1137	1.0000	38.5391	95.8332	60.1780	1.0000	29.0000	0.2292	0.0417	0.3314	32.2190	1.0826
25.6512	71.4098	114.5848	1.0000	25.6401	72.4097	90.6343	1.0000	1.0000	0.4872	0.2759	0.0070	36.8107	1.0000
84.3253	53.5225	227.4565	1.0000	52.4072	65.3308	118.3119	1.0000	40.0000	0.0481	0.3467	0.3146	44.8253	1.1754
61.8785	6.3147	94.6117	1.0000	52.1363	21.3329	117.4659	1.0000	18.0000	0.0427	0.7867	0.3052	83.3514	1.0055
71.4606	41.0681	42.9404	1.0000	71.8565	42.9852	90.1464	1.0000	2.0000	0.4371	0.5701	0.0016	61.0607	1.0216
38.9108	65.9446	-10.3308	1.0000	47.6340	78.4208	72.9346	1.0000	16.0000	0.0473	0.2158	0.1896	27.6132	1.0510
70.7305	80.0414	180.4059	1.0000	52.6847	95.4298	118.9574	1.0000	25.0000	0.0537	0.0457	0.3217	29.4385	1.0541
71.0050	15.4156	30.1035	1.0000	52.2701	44.7056	118.3699	1.0000	36.0000	0.0454	0.5529	0.3152	62.1891	1.0354
30.5840	58.9495	-83.0883	1.0000	47.6565	75.5233	73.3991	1.0000	31.0000	0.0469	0.2448	0.1845	29.6680	1.3028
82.6133	89.2662	64.2736	1.0000	82.6290	90.2661	89.1022	1.0000	1.0000	0.6526	0.0973	0.0100	34.0618	1.0000
73.7151	33.1083	233.9790	1.0000	52.4922	43.6960	118.4142	1.0000	29.0000	0.0498	0.5630	0.3157	63.1167	1.2227
91.9947	74.3316	136.2584	1.0000	52.1762	93.2341	117.6628	1.0000	48.0000	0.0435	0.0677	0.3074	28.5612	1.0890
24.8162	45.8351	7.0944	1.0000	47.5170	75.9736	72.9485	1.0000	40.0000	0.0497	0.2403	0.1895	29.5667	1.0601
31.4517	74.8462	107.7862	1.0000	39.5911	95.2186	66.0531	1.0000	22.0000	0.2082	0.0478	0.2661	26.5455	1.0028
14.9078	54.8829	205.8244	1.0000	40.3398	95.0016	60.0262	1.0000	52.0000	0.1932	0.0500	0.3330	31.8863	1.0947
27.8587	1.0031	50.4039	1.0000	47.6558	34.4109	71.9469	1.0000	39.0000	0.0469	0.6559	0.2006	68.0687	1.0043
59.7097	23.8640	13.9661	1.0000	61.0749	27.3617	93.5032	1.0000	4.0000	0.2215	0.7264	0.0389	73.5612	1.0653
93.4509	24.0810	190.0651	1.0000	52.0881	39.2945	117.2582	1.0000	49.0000	0.0418	0.6071	0.3029	66.5772	1.1118
16.3009	6.9797	183.1602	1.0000	47.7584	59.1607	72.9603	1.0000	64.0000	0.0448	0.4084	0.1893	44.3083	1.0504
40.0124	15.1317	68.8786	1.0000	47.6423	36.8013	75.0794	1.0000	23.0000	0.0472	0.6320	0.1658	64.9789	1.0012
6.5948	78.1504	-10.9200	1.0000	39.9232	95.2314	60.2268	1.0000	41.0000	0.2015	0.0477	0.3308	31.7919	1.0948
49.5846	19.2587	111.5138	1.0000	49.3339	20.2268	104.5226	1.0000	1.0000	0.0133	0.7977	0.1614	81.0871	1.0000
37.6079	64.4704	-9.0072	1.0000	47.6452	79.6955	73.6493	1.0000	19.0000	0.0471	0.2030	0.1817	26.1756	1.0419
51.4747	59.5610	84.4639	1.0000	51.4694	60.5610	90.3017	1.0000	1.0000	0.0294	0.3944	0.0034	39.4676	1.0000
24.6548	67.5862	13.6397	1.0000	46.4448	95.1446	64.2040	1.0000	37.0000	0.0711	0.0486	0.2866	26.4887	1.0532
25.4473	29.0573	99.9469	1.0000	47.5362	66.8384	70.2100	1.0000	44.0000	0.0493	0.3316	0.2199	38.6963	1.0054
78.6892	15.0448	90.4223	1.0000	52.3875	40.2658	118.3528	1.0000	38.0000	0.0478	0.5973	0.3150	66.1646	1.0428
84.4697	84.2890	30.1286	1.0000	73.4959	95.0121	175.5305	1.0000	18.0000	0.4699	0.0499	0.9503	88.8392	1.1732
18.2965	35.8814	-49.5362	1.0000	47.5031	60.6162	73.1379	1.0000	47.0000	0.0499	0.3938	0.1874	42.9144	1.2280
14.0700	77.2128	235.6782	1.0000	10.1997	79.5213	87.2544	1.0000	6.0000	0.7960	0.2048	0.0305	44.8440	1.3314
30.6209	32.1987	128.3162	1.0000	47.6177	65.7715	71.3432	1.0000	38.0000	0.0476	0.3423	0.2073	39.0556	1.0098
14.5199	58.7013	-58.7703	1.0000	47.5236	81.8969	71.8962	1.0000	51.0000	0.0495	0.1810	0.2012	25.7217	1.2643
10.4725	28.3101	199.3882	1.0000	47.7791	87.1715	73.4674	1.0000	74.0000	0.0444	0.1283	0.1837	21.0435	1.0619
2.0940	50.8136	17.3714	1.0000	47.7237	88.7934	73.7032	1.0000	64.0000	0.0455	0.1121	0.1811	19.9087	1.0780
97.4744	92.3147	245.2187	1.0000	56.0208	95.3874	128.4938	1.0000	48.0000	0.1204	0.0461	0.4277	39.2339	1.1548
81.1671	32.7377	-15.0296	1.0000	52.2756	60.7093	118.5463	1.0000	47.0000	0.0455	0.3929	0.3172	48.6192	1.1688
72.7505	69.4082	-72.7253	1.0000	52.4348	95.7344	118.3358	1.0000	43.0000	0.0487	0.0427	0.3148	28.7583	1.2931
52.5637	80.6461	-55.7578	1.0000	52.1573	92.4452	117.7515	1.0000	18.0000	0.0431	0.0755	0.3083	28.8422	1.5246
68.7941	50.6663	193.8812	1.0000	52.0542	66.2101	117.1410	1.0000	24.0000	0.0411	0.3379	0.3016	43.3890	1.0506
12.1411	42.1293	248.7071	1.0000	45.9468	95.3567	60.9746	1.0000	71.0000	0.0811	0.0464	0.3225	29.6726	1.1260
24.9247	42.4803	-40.9410	1.0000	47.6897	65.3694	72.7382	1.0000	38.0000	0.0462	0.3463	0.1918	38.7632	1.1771
45.2401	30.0650	-5.9429	1.0000	47.9173	31.2601	39.0571	1.0000	3.0000	0.0417	0.6874	0.5660	85.5844	1.0232
50.2958	54.9228	193.6440	1.0000	49.2961	54.9471	178.6040	1.0000	1.0000	0.0141	0.4505	0.9845	99.4028	1.0000
56.2715	0.6276	106.8201	1.0000	52.3869	7.6051	118.9757	1.0000	8.0000	0.0477	0.9239	0.3220	96.8612	1.0018
87.3787	6.2153	-68.3173	1.0000	52.2638	32.4212	118.1864	1.0000	57.0000	0.0453	0.6758	0.3132	73.2563	1.3009
75.8221	8.1172	209.1328	1.0000	52.2167	22.1814	118.5316	1.0000	31.0000	0.0443	0.7782	0.3170	82.9138	1.1282
81.2448	4.8657	191.2518	1.0000	52.4451	19.7873	118.3475	1.0000	36.0000	0.0489	0.8021	0.3150	85.1095	1.1099
37.0691	0.2457	238.8984	1.0000	36.2407	-0.3144	214.0648	0.0000	1.0000	0.2752	1.0031	1.3785	160.1386	1.0000
47.2184	23.4324	-34.6022	1.0000	48.1604	23.0969	-19.6022	1.0000	1.0000	0.0368	0.7690	1.2178	133.9033	1.0000
73.5558	78.8620	222.4616	1.0000	52.2187	91.7340	118.2892	1.0000	29.0000	0.0444	0.0827	0.3143	29.5555	1.1638
36.4194	54.3197	-19.4587	1.0000	47.5896	70.6987	74.3524	1.0000	21.0000	0.0482	0.2930	0.1739	33.3050	1.0593
81.9360	30.7174	-52.7090	1.0000	52.1734	58.4088	117.6486	1.0000	51.0000	0.0435	0.4159	0.3072	49.9900	1.2545
30.4336	93.2411	135.9761	1.0000	30.0609	95.1638	89.2877	1.0000	2.0000	0.3988	0.0484	0.0079	20.5296	1.0212
17.7803	44.3049	65.1756	1.0000	47.6799	88.7305	72.1875	1.0000	54.0000	0.0464	0.1127	0.1979	21.2054	1.0084
91.4909	96.2535	124.0245	1.0000	90.8612	97.0303	129.0306	1.0000	1.0000	0.8172	0.0297	0.4337	56.5848	1.0000
96.3028	57.2311	4.1514	1.0000	52.4562	83.7682	118.3618	1.0000	60.0000	0.0491	0.1623	0.3151	32.7704	1.1707
84.3680	51.0729	19.3646	1.0000	85.3819	53.7010	93.7296	1.0000	3.0000	0.7076	0.4630	0.0414	58.3900	1.0650
83.4068	91.9285	3.8098	1.0000	84.9660	95.1543	99.0753	1.0000	4.0000	0.6993	0.0485	0.1008	36.4481	1.1164
58.5243	58.2617	118.2898	1.0000	52.3270	67.3212	118.6936	1.0000	11.0000	0.0465	0.3268	0.3188	43.5505	1.0022
67.9020	44.8662	209.2221	1.0000	52.2171	58.1980	118.7173	1.0000	22.0000	0.0443	0.4180	0.3191	50.7642	1.0687
57.7159	0.2052	-10.9751	1.0000	60.1040	3.9104	92.7056	1.0000	5.0000	0.2021	0.9609	0.0301	96.6573	1.1343
48.4035	37.2225	241.7095	1.0000	47.7028	36.5090	225.5161	1.0000	1.0000	0.0459	0.6349	1.5057	149.6697	1.0000
91.5976	24.3728	129.6511	1.0000	52.1639	44.2567	117.5993	1.0000	48.0000	0.0433	0.5574	0.3067	62.2392	1.0869
50.9478	28.2254	-75.3164	1.0000	51.4558	27.3641	-59.4699	1.0000	1.0000	0.0291	0.7264	1.6608	166.1907	1.0000
26.5756	97.4582	244.9118	1.0000	25.8218	96.8012	221.0777	1.0000	1.0000	0.4836	0.0320	1.4564	133.3274	1.0000
75.4376	15.4966	221.0123	1.0000	52.2021	28.4722	117.8070	1.0000	31.0000	0.0440	0.7153	0.3090	76.7744	1.1648
30.0170	4.1566	20.0781	1.0000	47.6603	32.6657	71.8209	1.0000	34.0000	0.0468	0.6733	0.2020	69.7844	1.0141
0.0584	41.1242	-43.0618	1.0000	47.5691	70.6412	71.9204	1.0000	65.0000	0.0486	0.2936	0.2009	34.5648	1.1621
33.9687	26.6768	-14.4564	1.0000	47.5843	46.5375	70.6408	1.0000	25.0000	0.0483	0.5346	0.2151	56.9110	1.0382
29.2315	80.1103	133.4814	1.0000	28.9511	82.0481	86.4706	1.0000	2.0000	0.4210	0.1795	0.0392	27.8888	1.0215
9.3745	13.5160	14.6634	1.0000	47.7436	49.1700	75.6620	1.0000	57.0000	0.0451	0.5083	0.1593	52.8617	1.0883
99.6550	40.1934	4.0350	1.0000	100.5368	40.6650	28.1358	0.0000	1.0000	1.0107	0.5934	0.6874	99.5078	1.0000
18.4894	13.3550	4.6704	1.0000	47.5698	43.0941	70.5587	1.0000	45.0000	0.0486	0.5691	0.2160	60.1843	1.0819
63.5516	1.3919	38.7689	1.0000	64.1378	4.2645	93.4660	1.0000	3.0000	0.2828	0.9574	0.0385	96.8358	1.0232
27.8358	29.3972	173.8672	1.0000	47.7715	69.7273	73.1326	1.0000	47.0000	0.0446	0.3027	0.1874	34.7262	1.0447
37.5549	97.9099	235.7356	1.0000	36.6960	97.3977	210.8066	1.0000	1.0000	0.2661	0.0260	1.3423	121.5648	1.0000
55.4480	1.9708	156.9436	1.0000	52.2303	5.6150	117.3928	1.0000	5.0000	0.0446	0.9438	0.3044	98.3049	1.0285
70.7292	5.6380	179.5553	1.0000	52.2176	21.9868	118.3695	1.0000	26.0000	0.0444	0.7801	0.3152	83.0410	1.0527
40.8623	40.8588	170.9077	1.0000	47.6312	68.9412	76.7687	1.0000	30.0000	0.0474	0.3106	0.1470	33.8427	1.0385
8.2707	11.6644	78.9446	1.0000	47.6041	66.3126	71.4418	1.0000	68.0000	0.0479	0.3369	0.2062	38.5356	1.0099
12.8937	12.4511	-78.6495	1.0000	47.5197	32.0417	71.8662	1.0000	55.0000	0.0496	0.6796	0.2015	70.3798	1.3825
89.5996	56.2465	132.8761	1.0000	52.0943	75.9543	117.2811	1.0000	46.0000	0.0419	0.2405	0.3031	36.4258	1.0857
34.8416	77.2430	152.8123	1.0000	39.4069	95.0799	70.6676	1.0000	19.0000	0.2119	0.0492	0.2148	22.5868	1.0319
75.4834	62.2443	91.7505	1.0000	52.2834	88.8187	118.8043	1.0000	36.0000	0.0457	0.1118	0.3200	30.9827	1.0205
20.3590	70.8743	-69.6445	1.0000	47.5725	89.5122	71.9965	1.0000	45.0000	0.0485	0.1049	0.2000	20.9765	1.3643
16.9939	5.4560	-66.5603	1.0000	23.5627	-0.3583	-21.4753	0.0000	9.0000	0.5287	1.0036	1.2386	152.3072	1.0259
9.3974	72.4593	185.2194	1.0000	7.4054	75.3928	86.8145	1.0000	4.0000	0.8519	0.2461	0.0354	49.2946	1.1281
54.5090	5.7299	-57.1123	1.0000	58.6792	8.6876	92.9947	1.0000	7.0000	0.1736	0.9131	0.0333	91.7729	1.3692
14.9074	50.5544	111.1207	1.0000	14.9753	51.5521	86.1086	1.0000	1.0000	0.7005	0.4845	0.0432	59.9089	1.0000
50.9307	24.0539	216.1454	1.0000	49.9980	23.6932	201.1454	1.0000	1.0000	0.0000	0.7631	1.2349	134.8185	1.0000
62.9326	53.0875	174.0415	1.0000	52.4851	63.1636	118.3818	1.0000	15.0000	0.0497	0.3684	0.3154	46.5684	1.0334
5.2766	28.0906	117.7267	1.0000	5.2277	29.0894	92.8061	1.0000	1.0000	0.8954	0.7091	0.0312	83.9092	1.0000
71.3738	54.7084	58.7236	1.0000	52.3389	82.3313	118.6026	1.0000	34.0000	0.0468	0.1767	0.3178	33.7010	1.0135
94.0684	45.5775	248.5893	1.0000	52.2169	54.0495	118.6055	1.0000	52.0000	0.0443	0.4595	0.3178	54.1723	1.2178
4.8681	17.3531	-72.5216	1.0000	47.6333	40.6536	73.0129	1.0000	63.0000	0.0473	0.5935	0.1887	61.7751	1.2936
84.3369	56.2260	75.8558	1.0000	52.2205	81.9224	118.1481	1.0000	44.0000	0.0444	0.1808	0.3128	33.5268	1.0698
12.1685	5.2208	-4.0255	1.0000	47.7348	37.3431	74.4033	1.0000	53.0000	0.0453	0.6266	0.1733	64.6086	1.1059
10.3428	21.4376	199.7947	1.0000	47.7559	80.2022	73.0075	1.0000	74.0000	0.0449	0.1980	0.1888	26.1865	1.0622
4.9302	10.4034	51.2632	1.0000	47.5742	66.3278	70.6000	1.0000	71.0000	0.0485	0.3367	0.2156	38.9366	1.0096
38.9170	13.2090	155.6125	1.0000	47.6320	45.4085	74.7064	1.0000	34.0000	0.0474	0.5459	0.1699	56.7427	1.0192
73.1115	98.5401	-4.6458	1.0000	74.0562	98.8681	19.1465	1.0000	1.0000	0.4811	0.0113	0.7873	74.8345	1.0000
92.0141	92.2222	30.3158	1.0000	92.5984	95.0178	99.1775	1.0000	3.0000	0.8520	0.0498	0.1020	43.8597	1.0504
8.2377	16.5450	-23.1183	1.0000	47.7198	47.8200	74.2927	1.0000	57.0000	0.0456	0.5218	0.1745	54.5405	1.1317
86.4491	90.2488	49.5324	1.0000	84.7147	95.7078	125.6315	1.0000	6.0000	0.6943	0.0429	0.3959	49.9313	1.0475
55.8586	3.2240	123.6272	1.0000	52.1805	9.1622	117.7788	1.0000	7.0000	0.0436	0.9084	0.3087	95.0154	1.0021
43.3695	56.5605	243.8450	1.0000	47.5028	83.9543	77.3935	1.0000	33.0000	0.0499	0.1605	0.1401	20.5578	1.1912
22.6122	86.7504	133.4119	1.0000	26.7336	95.2896	46.4861	1.0000	10.0000	0.4653	0.0471	0.4835	49.5679	1.0547
9.3357	0.9171	153.8318	1.0000	47.7673	58.4072	73.3006	1.0000	71.0000	0.0447	0.4159	0.1855	44.8755	1.0267
58.5773	26.8721	172.4548	1.0000	52.0968	32.5143	116.9628	1.0000	9.0000	0.0419	0.6749	0.2996	72.7029	1.0474
79.1190	56.9525	148.2430	1.0000	52.1216	75.4949	117.3981	1.0000	35.0000	0.0424	0.2451	0.3044	36.8192	1.0686
64.0960	12.3199	121.4554	1.0000	52.2681	28.4018	118.3110	1.0000	20.0000	0.0454	0.7160	0.3146	77.0257	1.0019
28.5021	57.7377	200.1341	1.0000	46.4543	95.1397	62.7614	1.0000	45.0000	0.0709	0.0486	0.3027	27.8951	1.0847
56.0137	44.5165	-72.6933	1.0000	52.2641	60.0111	118.1815	1.0000	23.0000	0.0453	0.3999	0.3131	48.9738	1.4427
58.6821	7.9096	-72.6349	1.0000	52.3945	26.5343	118.3226	1.0000	27.0000	0.0479	0.7347	0.3147	78.7726	1.3735
1.9125	82.4595	221.9774	1.0000	-0.0361	82.3028	172.3927	0.0000	2.0000	1.0007	0.1770	0.9155	98.0069	1.0231
87.3433	77.0578	151.7382	1.0000	52.1082	94.5234	117.3390	1.0000	43.0000	0.0422	0.0548	0.3038	27.9617	1.0934
97.7073	64.5960	167.1920	1.0000	52.2000	80.3955	117.7936	1.0000	53.0000	0.0440	0.1960	0.3088	34.0831	1.1002
25.8912	76.6373	228.8434	1.0000	33.9056	95.2198	59.4810	1.0000	26.0000	0.3219	0.0478	0.3391	34.8323	1.2848
22.6369	83.9269	87.1323	1.0000	31.5967	95.7402	55.2446	1.0000	15.0000	0.3681	0.0426	0.3862	39.5571	1.0117
28.7232	52.9719	29.7135	1.0000	47.5364	83.1762	70.3469	1.0000	36.0000	0.0493	0.1682	0.2184	25.9876	1.0117
93.3397	70.0663	151.7419	1.0000	52.1026	87.2918	117.3146	1.0000	49.0000	0.0421	0.1271	0.3035	30.1994	1.0964
67.1999	78.7765	-83.5031	1.0000	60.3603	95.6691	128.4908	1.0000	27.0000	0.2072	0.0433	0.4277	40.0953	1.4815
14.8954	43.8395	105.8255	1.0000	47.7164	93.2941	73.1100	1.0000	60.0000	0.0457	0.0671	0.1877	18.3155	1.0109
23.5398	15.0594	228.5157	1.0000	47.6871	61.1915	72.4506	1.0000	58.0000	0.0463	0.3881	0.1950	42.6548	1.1139
97.8925	13.5567	171.0061	1.0000	52.2576	29.0152	118.1898	1.0000	53.0000	0.0452	0.7098	0.3132	76.4108	1.1000
93.6099	32.9220	79.8921	1.0000	52.2359	57.6832	118.4755	1.0000	53.0000	0.0447	0.4232	0.3164	51.0545	1.0992
95.3005	0.6692	156.0517	1.0000	52.0602	17.5549	117.1611	1.0000	51.0000	0.0412	0.8245	0.3018	86.8283	1.0987
81.8671	30.0540	261.8113	1.0000	52.4588	35.7079	118.3653	1.0000	41.0000	0.0492	0.6429	0.3152	70.3144	1.3691
31.5393	58.2039	167.7578	1.0000	47.5364	93.1495	70.5473	1.0000	40.0000	0.0493	0.0685	0.2161	20.7703	1.0408
1.1962	65.1481	142.2478	1.0000	0.6950	67.0355	92.3945	1.0000	2.0000	0.9861	0.3296	0.0266	59.3580	1.0242
85.2756	51.6647	53.6274	1.0000	52.2414	78.0769	118.4025	1.0000	46.0000	0.0448	0.2192	0.3156	35.9493	1.0876
83.8401	46.6043	4.8216	1.0000	52.2482	74.2828	118.3133	1.0000	48.0000	0.0450	0.2572	0.3146	38.3154	1.1428
14.6731	28.6269	166.1107	1.0000	13.4167	31.1445	91.5638	1.0000	3.0000	0.7317	0.6886	0.0174	77.9863	1.0662
49.3277	14.2292	213.1204	1.0000	48.3748	13.9261	197.6468	1.0000	1.0000	0.0325	0.8607	1.1961	137.8376	1.0000
7.2699	83.4797	-70.5753	1.0000	42.4563	95.4664	60.2060	1.0000	48.0000	0.1509	0.0453	0.3310	31.0667	1.2913
51.4403	53.3929	240.4518	1.0000	50.7388	52.6802	225.4518	1.0000	1.0000	0.0148	0.4732	1.5050	143.4813	1.0000
73.8009	71.5942	22.4086	1.0000	74.7552	74.2555	94.2677	1.0000	3.0000	0.4951	0.2574	0.0474	35.9697	1.0611
31.8909	36.2151	140.8906	1.0000	31.3522	38.0988	94.3674	1.0000	2.0000	0.3730	0.6190	0.0485	64.7964	1.0208
93.8753	48.7739	225.7176	1.0000	52.1755	60.9852	117.6592	1.0000	50.0000	0.0435	0.3901	0.3073	47.8740	1.1507
39.3026	2.1152	125.9343	1.0000	47.5312	29.7621	78.0939	1.0000	29.0000	0.0494	0.7024	0.1323	71.2827	1.0054
73.3081	19.6380	20.4693	1.0000	74.3578	22.2640	92.1525	1.0000	3.0000	0.4872	0.7774	0.0239	81.4912	1.0608
15.8336	55.8081	-47.3332	1.0000	47.6437	81.9795	74.6275	1.0000	50.0000	0.0471	0.1802	0.1708	23.8035	1.2138
82.7562	87.5227	178.3798	1.0000	57.8173	95.1158	128.5331	1.0000	28.0000	0.1563	0.0488	0.4281	39.6203	1.0741
79.1088	50.5123	215.8800	1.0000	52.4929	63.5402	118.4154	1.0000	34.0000	0.0499	0.3646	0.3157	46.2922	1.1474
24.6327	24.8703	53.6902	1.0000	47.6906	62.0065	72.7832	1.0000	44.0000	0.0462	0.3799	0.1913	41.7763	1.0066
30.8694	66.9146	43.2036	1.0000	47.1816	95.5720	67.3150	1.0000	33.0000	0.0564	0.0443	0.2521	23.2844	1.0008
18.5939	19.5071	-51.6519	1.0000	47.6933	43.8717	74.6717	1.0000	47.0000	0.0461	0.5613	0.1703	58.2294	1.2384
64.5991	80.0067	161.6734	1.0000	52.2325	94.0163	118.5206	1.0000	19.0000	0.0446	0.0598	0.3169	29.2270	1.0168
98.6196	36.1180	-70.4733	1.0000	100.2501	35.0449	-20.7521	0.0000	2.0000	1.0050	0.6496	1.2306	137.8777	1.0247
95.4852	47.8292	153.0286	1.0000	52.1455	64.7190	117.5091	1.0000	51.0000	0.0429	0.3528	0.3057	44.7895	1.0964
30.7525	10.1845	179.5125	1.0000	28.8991	13.2615	85.8095	1.0000	4.0000	0.4220	0.8674	0.0466	89.3665	1.1135
85.0996	82.8935	191.1483	1.0000	53.8234	95.1709	121.8458	1.0000	37.0000	0.0765	0.0483	0.3538	32.4360	1.1012
66.9998	88.4171	-17.1361	1.0000	67.8744	95.3632	123.6108	1.0000	9.0000	0.3575	0.0464	0.3735	38.3495	1.2856
41.2558	31.3982	-36.2927	1.0000	47.7340	35.6223	67.8311	1.0000	9.0000	0.0453	0.6438	0.2463	68.1255	1.1637
70.7927	9.3996	202.5265	1.0000	52.1034	24.4502	117.3183	1.0000	26.0000	0.0421	0.7555	0.3035	80.3647	1.0835
11.1816	90.2008	26.1391	1.0000	21.0566	95.0468	26.1391	1.0000	11.0000	0.5789	0.0495	0.7096	70.2885	1.0000
75.8504	63.4135	179.0190	1.0000	52.2279	79.4128	118.5816	1.0000	31.0000	0.0446	0.2059	0.3176	35.2945	1.0866
89.2788	15.4023	119.6588	1.0000	52.3898	36.6389	118.3427	1.0000	46.0000	0.0478	0.6336	0.3149	69.4525	1.0807
91.2895	9.9670	269.2178	1.0000	84.0760	-0.0149	204.0959	0.0000	13.0000	0.6815	1.0001	1.2677	155.5057	1.0556
50.0829	87.2723	80.0735	1.0000	50.2011	88.2653	83.2128	1.0000	1.0000	0.0040	0.1173	0.0754	13.5576	1.0000
71.8294	60.3106	237.3849	1.0000	52.3753	70.6228	118.4085	1.0000	27.0000	0.0475	0.2938	0.3156	40.9354	1.2263
64.2208	18.1954	-55.8547	1.0000	52.0813	44.1334	117.2338	1.0000	35.0000	0.0416	0.5587	0.3026	62.1859	1.2221
93.2561	27.8083	-2.5473	1.0000	52.2279	54.9773	118.5828	1.0000	58.0000	0.0446	0.4502	0.3176	53.3759	1.1787
49.0979	60.8281	75.7464	1.0000	49.3269	61.8015	76.7564	1.0000	1.0000	0.0135	0.3820	0.1472	40.4348	1.0000
14.8793	10.7023	63.1609	1.0000	47.6656	57.9080	72.2549	1.0000	58.0000	0.0467	0.4209	0.1972	45.7392	1.0091
79.9501	17.8550	7.7481	1.0000	52.2674	45.7290	118.2889	1.0000	44.0000	0.0453	0.5427	0.3143	61.2433	1.1200
39.9033	40.1371	-43.8963	1.0000	47.7607	46.3838	72.0901	1.0000	12.0000	0.0448	0.5362	0.1990	56.5727	1.1955
1.6505	82.1765	28.1734	1.0000	26.3331	95.3964	28.1734	1.0000	28.0000	0.4733	0.0460	0.6870	66.3615	1.0000
35.4160	88.0010	30.3689	1.0000	40.1150	95.6429	60.0289	1.0000	9.0000	0.1977	0.0436	0.3330	31.8585	1.0032
27.7014	44.7593	203.2160	1.0000	47.7805	86.3733	73.0477	1.0000	50.0000	0.0444	0.1363	0.1884	21.8631	1.0821
54.2131	5.7334	-38.3622	1.0000	57.9284	8.8524	87.1993	1.0000	6.0000	0.1586	0.9115	0.0311	91.5346	1.2369
81.3628	81.6287	212.3943	1.0000	52.1437	95.7925	117.5004	1.0000	37.0000	0.0429	0.0421	0.3056	27.9028	1.1395
84.4693	39.5491	142.2839	1.0000	52.2620	57.8051	118.1357	1.0000	40.0000	0.0452	0.4219	0.3126	50.7656	1.0805
46.9561	59.5302	-15.9156	1.0000	47.9559	59.5142	-0.9156	1.0000	1.0000	0.0409	0.4049	1.0102	99.5436	1.0000
63.3658	73.1597	-41.4347	1.0000	67.0494	76.3173	88.5493	1.0000	6.0000	0.3410	0.2368	0.0161	29.2174	1.2367
78.6343	61.6000	258.0247	1.0000	52.4975	68.1126	118.4228	1.0000	37.0000	0.0500	0.3189	0.3158	42.7890	1.3736
67.6548	86.7175	73.0397	1.0000	67.6610	87.7175	89.6452	1.0000	1.0000	0.3532	0.1228	0.0039	21.5150	1.0000
59.2162	23.9790	-18.2313	1.0000	62.0005	27.3695	86.9317	1.0000	5.0000	0.2400	0.7263	0.0341	73.6792	1.1397
63.9218	64.9482	130.0368	1.0000	52.1123	81.0264	117.3570	1.0000	20.0000	0.0422	0.1897	0.3040	33.3596	1.0025
29.2659	71.5265	187.9989	1.0000	27.0091	74.3115	93.4318	1.0000	4.0000	0.4598	0.2569	0.0381	34.6448	1.1159
85.4039	77.0800	-8.0378	1.0000	87.5291	79.9167	90.5664	1.0000	4.0000	0.7506	0.2008	0.0063	42.5687	1.1285
12.5588	43.5436	4.7081	1.0000	47.5520	74.6270	70.3241	1.0000	51.0000	0.0490	0.2537	0.2186	32.2013	1.0896
92.7629	6.9390	173.2333	1.0000	52.2213	22.6250	117.9314	1.0000	48.0000	0.0444	0.7738	0.3103	82.2921	1.1042
97.4015	32.5288	31.0049	1.0000	52.4977	58.5066	118.4231	1.0000	59.0000	0.0500	0.4149	0.3158	50.3569	1.1373
93.8456	53.5056	65.0042	1.0000	93.8429	54.5056	90.1508	1.0000	1.0000	0.8769	0.4549	0.0017	63.1820	1.0000
37.3758	6.6071	110.5507	1.0000	37.4515	7.6042	85.6559	1.0000	1.0000	0.2510	0.9240	0.0483	93.3452	1.0000
22.0231	25.7181	166.9162	1.0000	20.6965	28.2067	93.5650	1.0000	3.0000	0.5861	0.7179	0.0396	77.6252	1.0638
74.6681	78.4294	145.7961	1.0000	52.8828	95.6540	119.0678	1.0000	29.0000	0.0577	0.0435	0.3230	29.5320	1.0442
98.3555	75.7094	-64.2789	1.0000	100.0958	74.8252	-14.3596	0.0000	2.0000	1.0019	0.2517	1.1596	118.4664	1.0246
64.5114	28.5872	-68.4485	1.0000	69.0465	30.8139	88.9403	1.0000	7.0000	0.3809	0.6919	0.0118	71.7678	1.3855
16.9486	77.5959	259.9947	1.0000	12.5041	79.0526	87.6298	1.0000	7.0000	0.7499	0.2095	0.0263	43.0158	1.4966
72.2692	8.0003	-22.9018	1.0000	52.4033	37.0551	118.3095	1.0000	40.0000	0.0481	0.6294	0.3145	69.0598	1.1365
11.7022	80.6379	157.5754	1.0000	20.9273	95.5321	45.0139	1.0000	19.0000	0.5815	0.0447	0.4998	53.7488	1.0845
14.1006	68.3099	-49.3113	1.0000	47.5050	93.6083	72.0881	1.0000	51.0000	0.0499	0.0639	0.1990	19.1811	1.2171
9.9338	41.2937	-89.7497	1.0000	47.5685	60.4394	73.7787	1.0000	61.0000	0.0486	0.3956	0.1802	42.8262	1.4447
39.0120	5.1395	184.3649	1.0000	37.0538	8.1013	86.4331	1.0000	4.0000	0.2589	0.9190	0.0396	92.8746	1.1266
52.1229	39.9937	-22.8862	1.0000	55.8339	43.4183	87.5173	1.0000	6.0000	0.1167	0.5658	0.0276	56.9358	1.1882
80.5255	61.9035	141.8692	1.0000	52.2998	80.4409	118.8727	1.0000	36.0000	0.0460	0.1956	0.3208	34.9496	1.0661
45.8373	70.7602	152.9522	1.0000	47.7191	83.1184	73.6328	1.0000	13.0000	0.0456	0.1688	0.1819	23.6236	1.0399
34.5273	29.5723	21.8629	1.0000	47.5027	53.0914	72.0604	1.0000	27.0000	0.0499	0.4691	0.1993	50.2840	1.0052
5.5146	69.6677	252.2065	1.0000	22.8487	95.1988	45.0000	1.0000	39.0000	0.5430	0.0480	0.5000	52.7754	1.2638
19.4357	42.0205	104.8608	1.0000	47.6476	86.3253	71.5967	1.0000	53.0000	0.0470	0.1367	0.2045	23.0480	1.0091
56.4238	47.1789	61.7579	1.0000	56.6222	49.1518	91.7579	1.0000	2.0000	0.1324	0.5085	0.0195	51.3077	1.0086
57.8128	91.2091	94.4517	1.0000	55.4971	95.6041	126.1132	1.0000	5.0000	0.1099	0.0440	0.4013	36.7928	1.0065
94.8091	28.9111	-27.7418	1.0000	52.0776	56.3488	117.2209	1.0000	62.0000	0.0416	0.4365	0.3025	51.4851	1.2209
16.6323	72.9769	109.7615	1.0000	34.0160	95.6671	60.6880	1.0000	29.0000	0.3197	0.0433	0.3257	33.6669	1.0146
75.4219	44.1690	268.5879	1.0000	52.0458	49.3659	117.1138	1.0000	36.0000	0.0409	0.5063	0.3013	57.4731	1.5033
70.6940	54.4369	158.4822	1.0000	52.2891	71.4485	118.9557	1.0000	26.0000	0.0458	0.2855	0.3217	40.7292	1.0374
63.7395	18.5990	131.8493	1.0000	52.3966	33.7916	118.3135	1.0000	19.0000	0.0479	0.6621	0.3146	72.0483	1.0021
83.8661	80.8073	208.2622	1.0000	52.3181	94.8969	118.7371	1.0000	39.0000	0.0464	0.0510	0.3193	29.2786	1.1288
82.7977	73.2052	182.8514	1.0000	52.2181	88.7900	118.3337	1.0000	38.0000	0.0444	0.1121	0.3148	30.5513	1.1072
62.6851	54.8180	36.8305	1.0000	63.3589	57.6714	91.7135	1.0000	3.0000	0.2672	0.4233	0.0190	44.4197	1.0232
87.4129	50.4836	141.0745	1.0000	52.2536	68.7569	118.2421	1.0000	43.0000	0.0451	0.3124	0.3138	42.1761	1.0852
63.1239	92.8612	-62.5058	1.0000	67.4297	95.6161	91.5983	1.0000	7.0000	0.3486	0.0438	0.0178	18.0435	1.3694
58.0234	59.1828	115.8926	1.0000	52.4895	67.4838	118.4333	1.0000	10.0000	0.0498	0.3252	0.3159	43.2661	1.0024
72.5665	54.8983	-71.1860	1.0000	52.2947	81.5665	118.9122	1.0000	43.0000	0.0459	0.1843	0.3212	34.3653	1.2836
43.9154	43.2859	-65.9897	1.0000	48.2699	41.6153	9.0103	1.0000	5.0000	0.0346	0.5838	0.8999	99.8554	1.0721
24.4181	23.9396	247.2431	1.0000	47.5619	68.9166	70.7851	1.0000	58.0000	0.0488	0.3108	0.2135	36.6243	1.1466
84.8959	84.6335	101.3453	1.0000	62.7851	95.1177	144.3537	1.0000	26.0000	0.2557	0.0488	0.6039	56.0502	1.0625
41.1319	68.3437	181.6359	1.0000	46.7871	95.2437	76.0103	1.0000	29.0000	0.0643	0.0476	0.1554	15.1215	1.0550
25.7389	60.2448	93.1308	1.0000	46.6458	95.3210	63.7404	1.0000	41.0000	0.0671	0.0468	0.2918	26.8833	1.0041
79.8144	77.9929	81.9253	1.0000	57.5170	95.7213	128.5071	1.0000	30.0000	0.1503	0.0428	0.4279	39.4666	1.0531
67.5516	94.9045	158.3249	1.0000	66.6350	95.3043	156.4371	1.0000	1.0000	0.3327	0.0470	0.7382	68.6488	1.0000
28.3986	81.8998	51.8906	1.0000	37.0489	95.2733	60.2020	1.0000	16.0000	0.2590	0.0473	0.3311	32.8328	1.0046
53.1486	21.4647	102.2448	1.0000	52.3037	24.3430	105.2751	1.0000	3.0000	0.0461	0.7566	0.1697	77.2180	1.0001
49.4182	87.2064	96.2535	1.0000	49.3959	88.2062	91.2787	1.0000	1.0000	0.0121	0.1179	0.0142	11.8783	1.0000
24.4458	97.4267	158.4970	1.0000	23.7461	98.1412	134.3987	1.0000	1.0000	0.5251	0.0186	0.4933	51.6136	1.0000
36.9011	1.1046	207.2406	1.0000	33.9864	4.0738	86.3239	1.0000	5.0000	0.3203	0.9593	0.0408	97.3230	1.2017
48.4105	9.1452	125.3513	1.0000	48.0280	10.0692	112.4871	1.0000	1.0000	0.0394	0.8993	0.2499	92.7206	1.0000
50.5244	38.5999	96.1911	1.0000	50.4010	39.5922	97.0858	1.0000	1.0000	0.0080	0.6041	0.0787	60.8233	1.0000
32.5451	15.9392	87.3121	1.0000	47.5528	58.3310	75.3067	1.0000	45.0000	0.0489	0.4167	0.1633	44.2514	1.0007
18.1101	79.1749	244.5496	1.0000	25.7934	95.3569	45.0026	1.0000	25.0000	0.4841	0.0464	0.5000	51.3058	1.3956
93.5455	92.0096	-24.9794	1.0000	96.2898	95.1019	97.5524	1.0000	5.0000	0.9258	0.0490	0.0839	47.1569	1.2094
60.7308	70.7856	1.4177	1.0000	52.4779	89.7252	118.3926	1.0000	23.0000	0.0496	0.1027	0.3155	30.2960	1.1133
48.3823	92.6600	230.3792	1.0000	47.5549	92.0984	214.1665	1.0000	1.0000	0.0489	0.0790	1.3796	124.4417	1.0000
98.7517	88.9167	-24.0655	1.0000	100.6615	89.3429	24.5139	0.0000	2.0000	1.0132	0.1066	0.7276	83.4781	1.0221
17.6823	55.2404	242.2797	1.0000	13.5738	57.0787	94.0070	1.0000	6.0000	0.7285	0.4292	0.0445	56.4372	1.3331
33.4057	35.2875	84.8941	1.0000	47.5942	81.1310	73.4812	1.0000	48.0000	0.0481	0.1887	0.1835	25.1932	1.0002
42.9342	67.6745	148.7481	1.0000	47.7375	87.6448	74.1295	1.0000	21.0000	0.0453	0.1236	0.1763	20.2396	1.0224
81.4600	60.8557	79.5046	1.0000	52.2681	86.4151	118.3095	1.0000	41.0000	0.0454	0.1358	0.3146	31.4821	1.0567
67.9770	74.2726	82.2704	1.0000	53.1836	95.4344	119.6472	1.0000	26.0000	0.0637	0.0457	0.3294	30.1652	1.0070
52.9327	77.7468	21.6799	1.0000	54.5690	81.1916	87.0675	1.0000	4.0000	0.0914	0.1881	0.0326	19.5763	1.0489
34.7331	76.8894	1.9079	1.0000	46.9903	95.8767	65.9956	1.0000	23.0000	0.0602	0.0412	0.2667	24.5413	1.0177
89.9700	42.5017	125.1466	1.0000	52.0504	63.4866	117.1288	1.0000	47.0000	0.0410	0.3651	0.3014	45.5346	1.0845
54.2976	91.3699	28.7318	1.0000	55.2370	95.0523	99.2059	1.0000	4.0000	0.1047	0.0495	0.1023	11.6900	1.0525
64.3880	50.9857	197.0392	1.0000	52.2153	61.5198	118.1240	1.0000	17.0000	0.0443	0.3848	0.3125	47.7137	1.0560
91.1761	32.1712	261.3209	1.0000	52.1833	38.4674	117.7007	1.0000	51.0000	0.0437	0.6153	0.3078	67.5156	1.2912
94.5352	39.4930	-55.5314	1.0000	98.4003	41.8112	92.8732	1.0000	6.0000	0.9680	0.5819	0.0319	75.7415	1.3313
45.1375	0.6221	129.6294	1.0000	47.6677	12.1955	73.8119	1.0000	12.0000	0.0466	0.8780	0.1799	89.3147	1.0129
46.5650	41.0244	23.7094	1.0000	47.9372	42.4558	53.7094	1.0000	2.0000	0.0413	0.5754	0.4032	68.0632	1.0086
13.6712	21.8375	192.3625	1.0000	11.3435	24.5121	93.7550	1.0000	4.0000	0.7731	0.7549	0.0417	84.8932	1.1282
13.6895	44.7579	163.5608	1.0000	12.5477	47.3300	88.9586	1.0000	3.0000	0.7490	0.5267	0.0116	64.6366	1.0660
12.2399	18.3204	147.8472	1.0000	47.5623	72.2314	70.7906	1.0000	66.0000	0.0488	0.2777	0.2134	33.8532	1.0240
98.3445	49.7499	-55.9006	1.0000	100.1976	49.1337	-5.9211	0.0000	2.0000	1.0040	0.5087	1.0658	119.6162	1.0242
5.2520	56.9942	162.8843	1.0000	4.1406	59.5798	88.2755	1.0000	3.0000	0.9172	0.4042	0.0192	61.1543	1.0660
24.8107	82.3889	171.1250	1.0000	30.8394	95.0649	47.3174	1.0000	16.0000	0.3832	0.0494	0.4743	47.0456	1.1399
32.1963	25.7564	-80.1885	1.0000	47.7562	41.6006	74.9605	1.0000	28.0000	0.0449	0.5840	0.1671	60.3466	1.2609
63.4829	97.2748	118.8949	1.0000	62.9251	98.1048	123.9046	1.0000	1.0000	0.2585	0.0190	0.3767	36.3341	1.0000
63.3309	9.8246	257.7525	1.0000	52.0629	13.2616	116.5731	1.0000	15.0000	0.0413	0.8674	0.2953	90.7410	1.2733
48.7734	26.3778	111.8325	1.0000	48.5675	27.3563	101.8815	1.0000	1.0000	0.0286	0.7264	0.1320	73.6228	1.0000
58.4929	12.2202	176.9453	1.0000	52.4336	16.8446	117.4650	1.0000	8.0000	0.0487	0.8316	0.3052	87.6075	1.0495
71.4198	78.0709	173.6055	1.0000	52.1469	95.0280	117.5157	1.0000	27.0000	0.0429	0.0497	0.3057	28.0436	1.0518
91.6977	13.5151	25.8675	1.0000	52.2170	40.0733	118.6246	1.0000	54.0000	0.0443	0.5993	0.3181	66.4491	1.1349
59.5387	4.3838	-4.5437	1.0000	52.2129	22.4538	117.8757	1.0000	22.0000	0.0443	0.7755	0.3097	82.4340	1.1283
36.5426	43.4893	11.9379	1.0000	47.6001	63.3303	74.2592	1.0000	23.0000	0.0480	0.3667	0.1749	39.9775	1.0126
12.8035	6.3002	242.8004	1.0000	8.6899	8.1175	94.2637	1.0000	6.0000	0.8262	0.9188	0.0474	100.8320	1.3342
55.5990	71.1784	188.9953	1.0000	52.1363	72.8171	130.5506	1.0000	4.0000	0.0427	0.2718	0.4506	48.8653	1.0442
93.9488	98.1752	111.5344	1.0000	93.5019	99.0698	116.5421	1.0000	1.0000	0.8700	0.0093	0.2949	50.9683	1.0000
26.1200	25.2819	262.0728	1.0000	21.5129	26.4389	92.9830	1.0000	7.0000	0.5697	0.7356	0.0331	78.9408	1.4736
87.9479	39.0175	254.2305	1.0000	52.4993	46.1434	118.4258	1.0000	46.0000	0.0500	0.5386	0.3158	60.9492	1.2722
76.8942	76.9739	13.2669	1.0000	78.2240	79.4627	86.2638	1.0000	3.0000	0.5645	0.2054	0.0415	35.1046	1.0632
43.1374	45.0068	-6.1949	1.0000	47.6873	49.7090	67.7725	1.0000	7.0000	0.0463	0.5029	0.2470	55.0327	1.0698
28.9261	31.8181	-66.4948	1.0000	47.5939	50.5035	74.2652	1.0000	34.0000	0.0481	0.4950	0.1748	51.9930	1.2873
4.6533	88.8681	229.1816	1.0000	2.9312	95.1068	54.4218	1.0000	10.0000	0.9414	0.0489	0.3953	59.2050	1.5451
59.2440	52.6631	71.4626	1.0000	59.3058	53.6612	86.4626	1.0000	1.0000	0.1861	0.4634	0.0393	47.3961	1.0000
72.7634	48.1440	178.2250	1.0000	52.2180	64.4997	118.7170	1.0000	28.0000	0.0444	0.3550	0.3191	45.7150	1.0662
61.4281	32.5207	64.2755	1.0000	61.5397	34.5004	94.2755	1.0000	2.0000	0.2308	0.6550	0.0475	66.6456	1.0086
5.8872	30.3086	232.3447	1.0000	47.6469	93.9606	71.7145	1.0000	83.0000	0.0471	0.0604	0.2032	19.4003	1.0903
41.7317	2.3895	-70.2842	1.0000	47.7121	1.3044	34.7158	1.0000	7.0000	0.0458	0.9870	0.6143	113.1477	1.1517
76.7423	17.0726	258.4057	1.0000	52.4638	23.5410	118.3721	1.0000	35.0000	0.0493	0.7646	0.3152	81.5906	1.3930
15.9652	22.8585	16.7402	1.0000	47.7388	56.9823	74.6915	1.0000	50.0000	0.0452	0.4302	0.1701	45.7163	1.0724
72.4579	44.0867	68.5337	1.0000	72.4187	45.0859	92.2429	1.0000	1.0000	0.4484	0.5491	0.0249	59.3564	1.0000
35.6963	83.6305	43.9389	1.0000	42.5060	95.8621	61.0443	1.0000	14.0000	0.1499	0.0414	0.3217	30.1946	1.0000
30.0844	80.1636	6.7067	1.0000	41.2354	95.8786	61.9518	1.0000	20.0000	0.1753	0.0412	0.3116	29.6733	1.0379
71.0035	3.9047	138.8932	1.0000	52.3765	24.2930	118.4039	1.0000	28.0000	0.0475	0.7571	0.3156	80.8948	1.0139
45.0868	71.1005	-66.9305	1.0000	48.4231	69.2183	-6.9305	1.0000	4.0000	0.0315	0.3078	1.0770	101.7130	1.0442
87.8480	89.1535	-6.4810	1.0000	89.8996	92.0444	92.0426	1.0000	4.0000	0.7980	0.0796	0.0227	40.7362	1.1284
17.8005	35.3531	86.8323	1.0000	47.6341	80.9944	71.4025	1.0000	55.0000	0.0473	0.1901	0.2066	26.6960	1.0087
76.8885	72.5296	-82.0045	1.0000	81.4365	73.7521	88.7593	1.0000	7.0000	0.6287	0.2625	0.0138	40.9725	1.4864
81.2628	30.3569	166.8220	1.0000	52.4762	46.3788	118.3898	1.0000	36.0000	0.0495	0.5362	0.3154	60.7235	1.0927
49.3000	96.6132	249.2499	1.0000	48.7078	95.8074	233.6867	1.0000	1.0000	0.0258	0.0419	1.5965	143.7537	1.0000
28.5317	79.3529	248.1570	1.0000	33.9830	95.2974	59.4504	1.0000	24.0000	0.3203	0.0470	0.3394	34.8129	1.4243
13.6422	78.2356	243.4040	1.0000	22.1139	95.2152	45.0019	1.0000	26.0000	0.5577	0.0478	0.5000	53.1540	1.3702
29.0744	33.2752	96.8599	1.0000	47.5955	67.5004	71.3760	1.0000	39.0000	0.0481	0.3250	0.2069	37.5348	1.0022
95.1219	73.2346	28.4088	1.0000	55.0241	95.1782	128.4911	1.0000	52.0000	0.1005	0.0482	0.4277	39.1160	1.1376
63.5405	95.4172	-22.9985	1.0000	64.5401	95.4463	1.6715	1.0000	1.0000	0.2908	0.0455	0.9814	89.6330	1.0000
53.9957	78.7736	58.6598	1.0000	54.3642	80.7246	86.2092	1.0000	2.0000	0.0873	0.1928	0.0421	20.1235	1.0073
42.5353	2.3699	175.5943	1.0000	47.6651	26.5690	74.8351	1.0000	26.0000	0.0467	0.7343	0.1685	75.0169	1.0511
5.0905	71.5545	223.9053	1.0000	20.3884	95.2566	45.0000	1.0000	34.0000	0.5922	0.0474	0.5000	54.0772	1.2052
14.5118	94.7464	37.8955	1.0000	15.3009	95.3607	37.8955	1.0000	1.0000	0.6940	0.0464	0.5789	62.7729	1.0000
73.9372	91.4102	40.5732	1.0000	74.3957	93.3122	88.4235	1.0000	2.0000	0.4879	0.0669	0.0175	25.3449	1.0223
32.9030	25.5510	38.4647	1.0000	47.5744	51.6732	70.6035	1.0000	30.0000	0.0485	0.4833	0.2155	52.1305	1.0013
18.7631	98.4094	-53.3083	1.0000	19.4283	97.6628	-48.2988	1.0000	1.0000	0.6114	0.0234	1.5367	141.6568	1.0000
30.0338	56.5527	-19.0055	1.0000	47.5526	81.0477	71.9940	1.0000	32.0000	0.0489	0.1895	0.2001	26.2564	1.0626
73.6633	2.2104	56.0417	1.0000	52.4159	30.2973	118.3179	1.0000	36.0000	0.0483	0.6970	0.3146	75.2742	1.0222
76.3766	41.2473	203.7274	1.0000	52.4861	55.3900	118.4047	1.0000	31.0000	0.0497	0.4461	0.3156	52.9440	1.1166
12.1247	82.9885	25.7686	1.0000	33.5075	95.2049	61.9137	1.0000	25.0000	0.3298	0.0480	0.3121	32.9217	1.0152
52.8231	14.0175	255.2315	1.0000	52.3266	13.1495	240.2315	1.0000	1.0000	0.0465	0.8685	1.6692	173.5452	1.0000
35.6817	62.4729	-46.9095	1.0000	47.6852	76.4178	74.6089	1.0000	21.0000	0.0463	0.2358	0.1710	28.2553	1.1413
46.2915	32.6179	258.8956	1.0000	47.5581	52.5530	77.1741	1.0000	27.0000	0.0488	0.4745	0.1425	49.2106	1.3517
63.2574	34.7655	264.5628	1.0000	52.0562	37.3296	117.5379	1.0000	15.0000	0.0411	0.6267	0.3060	68.4846	1.3054
53.3362	28.7464	64.8910	1.0000	53.5904	30.7204	88.3137	1.0000	2.0000	0.0718	0.6928	0.0187	69.3931	1.0049
58.8176	44.9592	106.9272	1.0000	52.4380	55.0668	118.3635	1.0000	12.0000	0.0488	0.4493	0.3151	53.1923	1.0040
80.5927	15.6028	13.1237	1.0000	81.8929	18.1011	87.2547	1.0000	3.0000	0.6379	0.8190	0.0305	87.9325	1.0652
7.0830	24.9725	5.8747	1.0000	47.7395	60.1197	75.2793	1.0000	59.0000	0.0452	0.3988	0.1636	42.5705	1.0978
13.0271	87.1490	-81.2219	1.0000	42.2649	95.1383	60.1691	1.0000	43.0000	0.1547	0.0486	0.3315	31.1986	1.4187
66.6507	10.2022	222.1080	1.0000	52.1380	21.0894	117.4669	1.0000	20.0000	0.0428	0.7891	0.3052	83.5816	1.1024
25.0188	49.5370	-73.6630	1.0000	47.6221	66.5747	73.3876	1.0000	40.0000	0.0476	0.3343	0.1846	37.4016	1.4132
97.1432	12.9229	16.9501	1.0000	98.2615	15.5052	91.5863	1.0000	3.0000	0.9652	0.8449	0.0176	97.3194	1.0661
61.7418	65.1407	181.8761	1.0000	52.3693	73.3240	118.0354	1.0000	13.0000	0.0474	0.2668	0.3115	38.7712	1.0448
76.8291	21.1148	236.9544	1.0000	52.3591	31.6176	118.4902	1.0000	33.0000	0.0472	0.6838	0.3166	74.1176	1.2393
92.4615	69.6411	-0.1497	1.0000	53.1513	95.0072	119.1930	1.0000	55.0000	0.0630	0.0499	0.3244	29.7841	1.1756
29.0689	98.3695	177.1395	1.0000	28.1729	98.8136	153.6366	1.0000	1.0000	0.4365	0.0119	0.7071	67.2863	1.0000
1.0594	9.4659	-11.0134	1.0000	47.5049	43.5063	72.1010	1.0000	64.0000	0.0499	0.5649	0.1989	59.3139	1.1114
21.8274	80.2561	46.1731	1.0000	34.5184	95.5293	59.7813	1.0000	20.0000	0.3096	0.0447	0.3358	34.2467	1.0072
47.7591	9.2976	258.6137	1.0000	42.7096	10.1911	86.3312	1.0000	8.0000	0.1458	0.8981	0.0408	90.1789	1.5601
79.4720	29.8784	200.1942	1.0000	52.0787	45.0974	117.2247	1.0000	35.0000	0.0416	0.5490	0.3025	61.3172	1.1169
48.8987	30.0110	-40.4996	1.0000	49.8013	29.5805	-25.4996	1.0000	1.0000	0.0040	0.7042	1.2833	135.2742	1.0000
51.8706	41.7737	-65.1890	1.0000	57.0450	43.7633	88.1714	1.0000	8.0000	0.1409	0.5624	0.0203	56.7057	1.4431
12.5231	68.8626	72.2092	1.0000	34.7532	95.5583	59.8240	1.0000	35.0000	0.3049	0.0444	0.3353	34.0996	1.0075
2.5749	36.5929	-22.3041	1.0000	47.6807	68.4612	72.6822	1.0000	62.0000	0.0464	0.3154	0.1924	36.0553	1.1226
19.4093	19.0898	18.3596	1.0000	47.6617	50.8776	71.6575	1.0000	45.0000	0.0468	0.4912	0.2038	52.4874	1.0581
58.4958	43.4357	97.8385	1.0000	52.2511	53.6243	118.3652	1.0000	12.0000	0.0450	0.4638	0.3152	54.4092	1.0042
61.4776	18.1781	8.3756	1.0000	63.1688	21.5220	88.3305	1.0000	4.0000	0.2634	0.7848	0.0186	79.5927	1.0674
21.1289	65.8378	-50.2796	1.0000	47.5518	87.3439	70.6115	1.0000	42.0000	0.0490	0.1266	0.2154	23.2827	1.2328
83.4569	36.5228	-75.1906	1.0000	52.0925	63.1774	117.2743	1.0000	54.0000	0.0418	0.3682	0.3030	45.8712	1.3119
26.6875	62.7742	-75.9280	1.0000	47.5953	79.3504	73.5546	1.0000	38.0000	0.0481	0.2065	0.1827	26.5074	1.4242
12.3465	91.9620	7.1073	1.0000	27.0057	95.1042	14.3132	1.0000	15.0000	0.4599	0.0490	0.8410	79.2540	1.0005
51.9427	18.9730	-89.6763	1.0000	52.2505	18.0216	-72.0698	1.0000	1.0000	0.0450	0.8198	1.8008	181.6374	1.0000
76.6459	61.3523	25.7121	1.0000	52.3543	88.1091	118.5159	1.0000	39.0000	0.0471	0.1189	0.3168	30.9854	1.0792
37.4838	97.3750	248.3492	1.0000	36.7612	96.6837	223.7334	1.0000	1.0000	0.2648	0.0332	1.4859	134.4280	1.0000
2.2757	47.0419	101.6898	1.0000	40.5065	95.0429	60.0808	1.0000	62.0000	0.1899	0.0496	0.3324	31.7783	1.0103
35.5516	44.5418	5.8372	1.0000	47.5662	64.8822	72.5879	1.0000	24.0000	0.0487	0.3512	0.1935	39.2729	1.0159
92.5207	47.4258	164.5538	1.0000	52.1132	63.7004	117.3609	1.0000	48.0000	0.0423	0.3630	0.3040	45.5055	1.1019
27.4906	46.8330	31.2902	1.0000	47.7350	78.3260	72.5920	1.0000	38.0000	0.0453	0.2167	0.1934	27.8914	1.0150
23.3340	24.5780	-3.7042	1.0000	47.6439	52.5101	71.5795	1.0000	40.0000	0.0471	0.4749	0.2047	50.9917	1.0802
99.8648	21.8437	33.8399	1.0000	100.3806	22.7004	58.9471	0.0000	1.0000	1.0076	0.7730	0.3450	97.3536	1.0000
87.2266	58.5101	119.0405	1.0000	52.4033	79.9706	118.3094	1.0000	44.0000	0.0481	0.2003	0.3145	34.7617	1.0757
12.7513	35.2623	229.8031	1.0000	47.5969	91.9806	71.4829	1.0000	73.0000	0.0481	0.0802	0.2057	20.3217	1.0966
9.7641	16.8695	247.0725	1.0000	47.7537	76.8864	72.9803	1.0000	79.0000	0.0449	0.2311	0.1891	28.7916	1.1122
49.4066	93.0110	114.3681	1.0000	49.1200	93.9691	106.6510	1.0000	1.0000	0.0176	0.0603	0.1850	17.7314	1.0000
19.1525	27.4629	-85.7649	1.0000	47.6283	44.5237	74.8052	1.0000	50.0000	0.0474	0.5548	0.1688	57.5685	1.5062
34.8730	96.9420	65.0071	1.0000	35.2963	97.8480	64.9578	1.0000	1.0000	0.2941	0.0215	0.2782	29.1194	1.0000
58.0512	69.0361	238.7330	1.0000	51.9682	69.1147	131.9980	1.0000	7.0000	0.0394	0.3089	0.4666	52.1690	1.1507
36.7599	88.5728	22.8943	1.0000	40.9976	95.2670	61.6924	1.0000	8.0000	0.1800	0.0473	0.3145	30.0793	1.0097
12.5236	25.5314	258.7723	1.0000	8.1127	27.0932	86.3208	1.0000	7.0000	0.8377	0.7291	0.0409	84.1635	1.4960
57.7441	32.3655	161.1757	1.0000	52.2569	37.8328	118.1515	1.0000	8.0000	0.0451	0.6217	0.3128	68.2815	1.0328
66.5852	11.4634	100.1534	1.0000	52.2177	31.8155	117.9069	1.0000	25.0000	0.0444	0.6818	0.3101	73.7078	1.0035
99.3713	72.3785	199.5355	1.0000	52.0762	87.0641	117.2157	1.0000	55.0000	0.0415	0.1294	0.3024	30.2050	1.1106
23.3309	18.9970	101.4810	1.0000	47.5344	58.9059	70.2055	1.0000	47.0000	0.0493	0.4109	0.2199	45.6796	1.0070
97.5789	11.2447	-26.4686	1.0000	100.1864	12.3230	47.0754	0.0000	3.0000	1.0037	0.8768	0.4769	109.7655	1.0632
43.8497	85.1717	250.7902	1.0000	42.6012	95.8449	70.8613	1.0000	16.0000	0.1480	0.0416	0.2127	20.9355	1.4889
87.4664	76.1988	-46.7894	1.0000	57.6246	95.1564	128.5166	1.0000	46.0000	0.1525	0.0484	0.4280	39.5616	1.3011
75.4448	65.7165	133.4790	1.0000	52.0988	85.8184	117.2987	1.0000	32.0000	0.0420	0.1418	0.3033	30.8341	1.0387
53.5975	86.8724	-17.9687	1.0000	54.0719	95.2837	122.3195	1.0000	11.0000	0.0814	0.0472	0.3591	32.9146	1.3057
96.0401	86.6594	234.2605	1.0000	53.4780	95.2127	118.7624	1.0000	50.0000	0.0696	0.0479	0.3196	29.3648	1.1517
78.8816	12.7049	25.8085	1.0000	52.4789	39.6079	118.3939	1.0000	41.0000	0.0496	0.6039	0.3155	66.7799	1.0877
63.9019	30.8983	-31.5841	1.0000	52.2187	55.8201	118.2864	1.0000	32.0000	0.0444	0.4418	0.3143	52.5062	1.1626
29.8486	63.2265	99.3269	1.0000	47.4258	95.6803	69.1809	1.0000	37.0000	0.0515	0.0432	0.2313	21.4178	1.0025
88.4157	77.3989	230.3985	1.0000	52.0896	89.3408	117.2639	1.0000	45.0000	0.0418	0.1066	0.3029	29.3480	1.1768
80.2499	70.3728	-35.3820	1.0000	83.4880	72.9220	87.7694	1.0000	5.0000	0.6698	0.2708	0.0248	43.1235	1.2133
15.8568	67.5095	257.4935	1.0000	33.7736	95.7543	60.9684	1.0000	42.0000	0.3245	0.0425	0.3226	33.5284	1.2557
68.3649	5.2940	91.6729	1.0000	52.4807	28.1586	118.3965	1.0000	28.0000	0.0496	0.7184	0.3155	77.2897	1.0057
77.0643	88.8876	-68.0613	1.0000	78.6870	95.4642	131.0200	1.0000	12.0000	0.5737	0.0454	0.4558	50.2609	1.7715
42.6499	93.1244	172.5964	1.0000	41.0966	95.4746	98.8858	1.0000	3.0000	0.1781	0.0453	0.0987	13.3681	1.0649
79.9747	94.3935	207.1662	1.0000	62.6772	95.1769	144.9562	1.0000	18.0000	0.2535	0.0482	0.6106	56.6053	1.0395
66.7446	9.1474	74.3314	1.0000	66.7416	10.1474	90.1728	1.0000	1.0000	0.3348	0.8985	0.0019	91.3991	1.0000
49.8590	24.7365	266.2247	1.0000	49.5341	23.7907	251.0455	1.0000	1.0000	0.0093	0.7621	1.7894	178.1676	1.0000
22.1877	85.5056	150.7098	1.0000	26.8061	95.4652	45.5255	1.0000	12.0000	0.4639	0.0453	0.4942	50.3636	1.0931
75.7563	64.3323	66.5426	1.0000	75.7447	65.3323	90.6647	1.0000	1.0000	0.5149	0.3467	0.0074	43.1866	1.0000
3.6855	4.3369	245.4531	1.0000	-0.3859	4.9676	121.6759	0.0000	5.0000	1.0077	0.9503	0.3520	112.1306	1.2136
85.4741	58.5618	81.8401	1.0000	52.2168	84.0249	118.5519	1.0000	45.0000	0.0443	0.1598	0.3172	32.7922	1.0744
37.4449	34.7132	-51.4768	1.0000	47.6196	44.6749	74.3576	1.0000	17.0000	0.0476	0.5533	0.1738	57.5432	1.1939
3.4651	4.4246	89.8876	1.0000	47.7785	65.1225	73.2446	1.0000	76.0000	0.0444	0.3488	0.1862	38.7572	1.0113
95.9268	45.7258	52.0983	1.0000	52.0658	71.7789	117.1798	1.0000	57.0000	0.0413	0.2822	0.3020	39.2357	1.1173
80.7723	99.9623	267.8048	1.0000	80.6467	98.9702	262.7872	1.0000	1.0000	0.6129	0.0103	1.9199	175.4870	1.0000
82.5959	47.6621	97.2062	1.0000	52.4619	72.0120	118.3696	1.0000	41.0000	0.0492	0.2799	0.3152	39.9277	1.0583
62.4252	30.9639	-47.6036	1.0000	52.2978	54.2419	118.8882	1.0000	31.0000	0.0460	0.4576	0.3210	54.1628	1.2212
45.7302	50.8483	142.1581	1.0000	47.5060	61.4096	76.8276	1.0000	11.0000	0.0499	0.3859	0.1464	40.8528	1.0271
50.6408	79.5276	17.0671	1.0000	51.4839	80.0655	32.5389	1.0000	1.0000	0.0297	0.1993	0.6385	60.8388	1.0000
23.1161	49.4251	-19.6605	1.0000	47.5914	77.0026	73.3675	1.0000	41.0000	0.0482	0.2300	0.1848	28.4837	1.1119
44.2888	61.0571	-68.3887	1.0000	47.5761	59.0906	-8.3887	1.0000	4.0000	0.0485	0.4091	1.0932	106.5823	1.0442
60.4360	98.1986	268.5078	1.0000	60.1521	97.2398	253.5078	1.0000	1.0000	0.2030	0.0276	1.8168	163.8459	1.0000
40.5517	21.0088	88.1790	1.0000	47.6914	47.0451	76.6405	1.0000	27.0000	0.0462	0.5295	0.1484	54.6628	1.0001
47.6130	62.2053	-40.6030	1.0000	48.5148	61.7732	-25.6030	1.0000	1.0000	0.0297	0.3823	1.2845	121.7684	1.0000
37.4005	72.9851	257.6086	1.0000	32.9042	74.5847	88.7904	1.0000	7.0000	0.3419	0.2542	0.0134	30.6540	1.4668
0.0018	15.9265	-24.4024	1.0000	47.6489	48.6689	72.8222	1.0000	65.0000	0.0470	0.5133	0.1909	54.1801	1.1243
8.2714	48.0603	80.6526	1.0000	44.0947	95.5409	60.1246	1.0000	60.0000	0.1181	0.0446	0.3319	30.7782	1.0088
0.1202	36.1347	140.7110	1.0000	-0.3168	37.0342	115.9123	0.0000	1.0000	1.0063	0.6297	0.2879	84.6636	1.0000
2.9828	3.3007	31.3735	1.0000	47.7068	50.1182	72.5945	1.0000	67.0000	0.0459	0.4988	0.1934	52.8810	1.0348
41.7950	45.8552	-66.3790	1.0000	47.8355	45.1799	38.6210	1.0000	7.0000	0.0433	0.5482	0.5709	75.1646	1.1517
78.0610	34.4113	13.4950	1.0000	79.3689	36.9097	86.8714	1.0000	3.0000	0.5874	0.6309	0.0348	69.6614	1.0638
11.0409	12.8005	8.6165	1.0000	47.7268	47.2527	75.2437	1.0000	55.0000	0.0455	0.5275	0.1640	54.8196	1.0929
1.1467	88.8455	169.2577	1.0000	-0.1653	90.2915	119.6957	0.0000	2.0000	1.0033	0.0971	0.3300	59.0986	1.0244
14.5935	96.3633	201.2372	1.0000	13.5952	96.4220	176.6384	1.0000	1.0000	0.7281	0.0358	0.9626	94.0442	1.0000
46.0170	20.5803	84.5005	1.0000	47.5126	26.3894	77.3004	1.0000	6.0000	0.0497	0.7361	0.1411	74.7394	1.0002
62.5497	35.7634	177.9348	1.0000	52.1501	45.7685	117.5003	1.0000	15.0000	0.0430	0.5423	0.3056	60.8436	1.0394
70.6973	9.8829	212.9802	1.0000	52.4685	23.2311	118.3786	1.0000	25.0000	0.0494	0.7677	0.3153	81.8834	1.1065
57.8555	5.4584	73.4769	1.0000	57.8821	6.4581	88.4769	1.0000	1.0000	0.1576	0.9354	0.0169	93.8858	1.0000
52.0614	14.8432	-52.0162	1.0000	52.2764	25.9219	118.4595	1.0000	17.0000	0.0455	0.7408	0.3162	79.3895	1.5342
75.3513	71.7688	21.0354	1.0000	76.3506	74.4107	93.4658	1.0000	3.0000	0.5270	0.2559	0.0385	36.8942	1.0621
48.9871	48.8029	-61.6778	1.0000	49.6732	48.0754	-46.6778	1.0000	1.0000	0.0065	0.5192	1.5186	146.2091	1.0000
94.4155	33.8475	-29.9906	1.0000	97.3970	36.6975	93.2971	1.0000	5.0000	0.9479	0.6330	0.0366	79.1489	1.2123
97.9293	93.6431	177.5489	1.0000	62.5359	95.2971	143.5606	1.0000	36.0000	0.2507	0.0470	0.5951	55.2088	1.0160
16.6498	48.3175	257.7190	1.0000	12.2579	49.9523	85.5215	1.0000	7.0000	0.7548	0.5005	0.0498	62.8435	1.4937
29.6056	79.7090	87.7247	1.0000	38.1465	95.5074	60.0041	1.0000	18.0000	0.2371	0.0449	0.3333	32.5644	1.0023
15.2879	96.0741	103.7206	1.0000	15.4492	97.0610	80.7171	1.0000	1.0000	0.6910	0.0294	0.1031	35.8966	1.0000
36.4478	3.0793	-32.0867	1.0000	47.6311	17.5299	74.0962	1.0000	20.0000	0.0474	0.8247	0.1767	84.0229	1.0945
9.5887	20.3839	84.3809	1.0000	47.5165	73.6145	70.3458	1.0000	66.0000	0.0497	0.2639	0.2184	32.9947	1.0098
12.1107	18.7393	260.4501	1.0000	7.6610	20.1677	87.9101	1.0000	7.0000	0.8468	0.7983	0.0232	90.3889	1.4979
65.1441	80.1417	-22.2278	1.0000	59.6772	95.5450	128.4901	1.0000	20.0000	0.1935	0.0445	0.4277	39.9373	1.2236
28.7049	32.9321	213.5725	1.0000	47.5826	73.2258	70.6183	1.0000	49.0000	0.0483	0.2677	0.2154	33.1414	1.1012
35.5771	85.2337	178.2258	1.0000	36.1167	95.0200	71.3043	1.0000	11.0000	0.2777	0.0498	0.2077	23.8134	1.1223
9.3476	39.3791	180.4947	1.0000	46.4327	95.0910	62.8132	1.0000	70.0000	0.0713	0.0491	0.3021	27.8558	1.0459
6.2371	97.1606	188.9085	1.0000	5.2717	97.4214	164.8836	1.0000	1.0000	0.8946	0.0258	0.8320	87.2630	1.0000
65.8531	93.0667	-85.3700	1.0000	70.1898	95.7810	109.8887	1.0000	9.0000	0.4038	0.0422	0.2210	28.6529	1.7592
27.1211	5.8304	-16.1924	1.0000	47.5694	30.7530	70.8064	1.0000	35.0000	0.0486	0.6925	0.2133	71.8989	1.0857
31.3297	83.4061	24.2218	1.0000	38.7046	95.1568	60.9897	1.0000	14.0000	0.2259	0.0484	0.3223	31.5062	1.0091
49.3721	58.7528	-76.0827	1.0000	49.8557	57.8774	-61.0827	1.0000	1.0000	0.0029	0.4212	1.6787	156.8448	1.0000
8.4911	11.7504	245.7585	1.0000	47.5541	72.3870	70.5690	1.0000	80.0000	0.0489	0.2761	0.2159	33.8530	1.1091
65.5433	10.1124	199.3197	1.0000	52.1045	22.0616	117.3174	1.0000	19.0000	0.0421	0.7794	0.3035	82.6140	1.0566
38.5738	47.5856	14.9970	1.0000	47.6655	62.8829	71.6264	1.0000	18.0000	0.0467	0.3712	0.2042	41.4815	1.0115
29.7773	24.2223	57.1664	1.0000	47.5250	55.4994	70.1585	1.0000	36.0000	0.0495	0.4450	0.2205	48.7864	1.0011
33.9536	20.3386	69.5075	1.0000	47.5272	56.8688	73.5861	1.0000	39.0000	0.0495	0.4313	0.1824	46.2151	1.0008
21.6480	79.4312	97.2833	1.0000	33.3101	95.3554	59.1348	1.0000	20.0000	0.3338	0.0464	0.3429	35.3947	1.0133
34.2840	53.7234	181.2361	1.0000	32.3862	56.7669	86.5771	1.0000	4.0000	0.3523	0.4323	0.0380	46.8088	1.1152
27.4816	28.6185	136.2968	1.0000	27.1183	30.5416	88.8145	1.0000	2.0000	0.4576	0.6946	0.0132	73.1399	1.0219
97.1167	3.6286	89.0206	1.0000	52.4696	27.9073	118.3804	1.0000	56.0000	0.0494	0.7209	0.3153	77.5171	1.1019
85.9708	4.5924	29.1003	1.0000	52.3334	31.4026	118.6367	1.0000	48.0000	0.0467	0.6860	0.3182	74.3714	1.1159
23.6641	13.7761	151.7337	1.0000	47.5570	56.2641	70.6092	1.0000	50.0000	0.0489	0.4374	0.2155	47.9041	1.0257
82.5297	41.4483	244.7382	1.0000	52.2211	50.8726	118.1055	1.0000	40.0000	0.0444	0.4913	0.3123	56.6423	1.2602
1.4061	82.3136	209.7876	1.0000	-0.5362	82.5531	161.0605	0.0000	2.0000	1.0107	0.1745	0.7896	88.9263	1.0220
2.8292	95.7705	198.0517	1.0000	1.8355	95.8821	173.5889	1.0000	1.0000	0.9633	0.0412	0.9288	96.5602	1.0000
75.0763	53.3672	258.0959	1.0000	52.4565	59.8840	118.3620	1.0000	33.0000	0.0491	0.4012	0.3151	49.1907	1.4019
30.3853	45.8839	85.2580	1.0000	47.6247	78.5432	71.9869	1.0000	37.0000	0.0475	0.2146	0.2001	28.1159	1.0019
21.5475	8.4180	252.9015	1.0000	47.5732	55.7447	70.5579	1.0000	62.0000	0.0485	0.4426	0.2160	48.3985	1.1479
61.2481	27.9847	-36.1680	1.0000	64.6401	31.4897	92.2865	1.0000	6.0000	0.2928	0.6851	0.0254	70.0944	1.2301
42.3805	6.5562	36.2086	1.0000	47.6979	17.2491	74.3815	1.0000	12.0000	0.0460	0.8275	0.1735	84.2434	1.0049
83.5180	24.7990	185.9843	1.0000	52.1034	40.4759	117.3181	1.0000	39.0000	0.0421	0.5952	0.3035	65.5272	1.1108
25.9422	73.6729	188.0518	1.0000	23.7434	76.4860	91.8042	1.0000	4.0000	0.5251	0.2351	0.0200	35.2926	1.1203
49.7782	30.8544	-72.3403	1.0000	50.3179	30.0125	-57.3403	1.0000	1.0000	0.0064	0.6999	1.6371	163.1181	1.0000
25.9711	74.8183	266.9924	1.0000	35.5089	95.7670	60.2446	1.0000	32.0000	0.2898	0.0423	0.3306	33.3661	1.3902
74.6817	95.4909	3.0449	1.0000	75.5724	95.9454	27.0367	1.0000	1.0000	0.5114	0.0405	0.6996	68.0791	1.0000
29.6775	97.6862	80.8371	1.0000	30.0428	98.6171	68.5768	1.0000	1.0000	0.3991	0.0138	0.2380	29.3114	1.0000
21.8509	82.9792	148.5796	1.0000	28.6792	95.0854	45.0301	1.0000	15.0000	0.4264	0.0491	0.4997	50.0102	1.0792
41.1083	3.0274	-25.0076	1.0000	47.5765	9.1564	70.5990	1.0000	10.0000	0.0485	0.9084	0.2156	92.9238	1.1222
92.2313	50.0892	263.4054	1.0000	52.3540	55.5863	118.5174	1.0000	52.0000	0.0471	0.4441	0.3169	52.8333	1.2918
6.5229	14.1305	-83.3798	1.0000	47.5895	34.9467	72.9747	1.0000	63.0000	0.0482	0.6505	0.1892	67.2875	1.3683
76.2637	64.9814	-77.0931	1.0000	80.7163	66.5861	93.1100	1.0000	7.0000	0.6143	0.3341	0.0346	45.4934	1.4790
61.2819	10.6790	231.4885	1.0000	52.3236	13.8589	117.6396	1.0000	11.0000	0.0465	0.8614	0.3071	90.4966	1.1572
31.5329	65.6193	126.1819	1.0000	43.4030	95.0559	65.3122	1.0000	32.0000	0.1319	0.0494	0.2743	26.0279	1.0082
83.4981	76.8297	101.3143	1.0000	56.1110	95.3397	128.4931	1.0000	35.0000	0.1222	0.0466	0.4277	39.2528	1.0588
3.6261	39.3729	-81.3767	1.0000	47.7353	61.5453	74.4777	1.0000	66.0000	0.0453	0.3845	0.1725	41.5311	1.3369
54.5569	67.0257	-21.6815	1.0000	52.3249	79.6895	119.0169	1.0000	16.0000	0.0465	0.2031	0.3224	35.4951	1.2443
87.7992	17.3007	269.4738	1.0000	52.2057	22.0673	117.8298	1.0000	49.0000	0.0441	0.7793	0.3092	82.7820	1.3645
68.2643	92.7388	257.1948	1.0000	56.2779	95.0813	129.1232	1.0000	15.0000	0.1256	0.0492	0.4347	39.9278	1.2282
23.4078	12.0128	165.0430	1.0000	22.1486	14.5386	92.1539	1.0000	3.0000	0.5570	0.8546	0.0239	89.9110	1.0630
64.6264	90.5827	186.5749	1.0000	57.0813	95.0157	130.0467	1.0000	9.0000	0.1416	0.0498	0.4450	40.9723	1.0284
8.9725	97.6596	169.6846	1.0000	8.1515	98.2304	145.1913	1.0000	1.0000	0.8370	0.0177	0.6132	69.2857	1.0000
15.8523	6.0100	134.2772	1.0000	47.6380	55.6573	71.5791	1.0000	60.0000	0.0472	0.4434	0.2047	48.0748	1.0178
95.5819	26.9140	98.0884	1.0000	52.3445	50.5344	118.5692	1.0000	54.0000	0.0469	0.4947	0.3174	57.1711	1.0960
6.8018	1.8196	207.3090	1.0000	47.5848	63.6495	70.5907	1.0000	79.0000	0.0483	0.3635	0.2157	41.2784	1.0666
99.7950	5.8154	176.3100	1.0000	52.2173	21.0544	118.3912	1.0000	55.0000	0.0443	0.7895	0.3155	83.9249	1.1009
67.6286	97.7592	219.1684	1.0000	66.7266	97.3276	205.5667	1.0000	1.0000	0.3345	0.0267	1.2841	116.8014	1.0000
59.9433	49.8405	162.9120	1.0000	52.4384	57.4504	118.0583	1.0000	11.0000	0.0488	0.4255	0.3118	51.0263	1.0292
25.3749	61.7008	200.1507	1.0000	42.9154	95.7725	60.1255	1.0000	42.0000	0.1417	0.0423	0.3319	30.9928	1.0960
70.9543	77.7653	124.2235	1.0000	56.0348	95.2188	128.4906	1.0000	23.0000	0.1207	0.0478	0.4277	39.2531	1.0017
14.9828	43.7938	137.7877	1.0000	14.6203	45.7124	88.1849	1.0000	2.0000	0.7076	0.5429	0.0202	64.8241	1.0243
95.2784	36.0142	183.8350	1.0000	52.4638	50.6846	118.3722	1.0000	50.0000	0.0493	0.4932	0.3152	56.9479	1.1048
98.8044	43.6262	-8.9151	1.0000	100.5374	44.5278	39.8624	0.0000	2.0000	1.0107	0.5547	0.5571	90.2495	1.0238
51.0082	84.9070	-37.5591	1.0000	51.9363	84.5348	-21.8501	1.0000	1.0000	0.0387	0.1547	1.2428	112.9308	1.0000
42.3387	21.2850	148.4859	1.0000	47.5091	42.1950	77.7453	1.0000	22.0000	0.0498	0.5780	0.1362	59.1422	1.0214
68.6627	38.7733	106.6889	1.0000	52.3766	61.4408	118.4035	1.0000	28.0000	0.0475	0.3856	0.3156	47.9501	1.0032
41.5430	10.4749	118.6074	1.0000	41.4774	11.4727	93.7617	1.0000	1.0000	0.1705	0.8853	0.0418	89.0161	1.0000
78.7372	70.3878	-84.3433	1.0000	83.3052	71.4448	87.1215	1.0000	7.0000	0.6661	0.2856	0.0320	43.9650	1.4930
45.0075	45.0320	67.9521	1.0000	47.6832	53.6114	74.0146	1.0000	9.0000	0.0463	0.4639	0.1776	49.1203	1.0015
39.0434	49.2987	181.2298	1.0000	47.6306	85.7727	75.5324	1.0000	39.0000	0.0474	0.1423	0.1608	20.4289	1.0408
29.5403	24.7213	54.1938	1.0000	47.7533	56.8416	72.7587	1.0000	37.0000	0.0449	0.4316	0.1916	46.5291	1.0020
33.7694	80.0897	110.6378	1.0000	33.8274	81.0881	86.6778	1.0000	1.0000	0.3235	0.1891	0.0369	25.1048	1.0000
71.8793	40.7969	83.2909	1.0000	52.4986	67.2706	118.4247	1.0000	33.0000	0.0500	0.3273	0.3158	43.4214	1.0058
36.4633	91.0933	191.3276	1.0000	34.1390	93.7968	94.3904	1.0000	4.0000	0.3172	0.0620	0.0488	17.5877	1.1219
37.8761	25.1426	196.0527	1.0000	47.5503	64.6729	76.9580	1.0000	43.0000	0.0490	0.3533	0.1449	37.7373	1.0566
3.4861	89.8159	183.7785	1.0000	1.5621	92.7962	85.5531	1.0000	4.0000	0.9688	0.0720	0.0494	49.1722	1.1276
24.4774	52.6697	25.5041	1.0000	47.5909	85.0173	71.9563	1.0000	41.0000	0.0482	0.1498	0.2005	23.5767	1.0313
33.9175	50.1125	-72.3126	1.0000	47.5467	62.7208	70.7430	1.0000	23.0000	0.0491	0.3728	0.2140	42.0309	1.2388
48.7550	31.7223	-71.3833	1.0000	49.3086	30.8895	-56.3833	1.0000	1.0000	0.0138	0.6911	1.6265	161.8790	1.0000
33.9428	21.3785	203.9441	1.0000	31.0735	24.4556	86.4252	1.0000	5.0000	0.3785	0.7554	0.0397	77.9612	1.1884
9.7451	14.1244	-60.0031	1.0000	47.5472	39.2399	73.3462	1.0000	57.0000	0.0491	0.6076	0.1850	63.0488	1.2559
81.9260	77.0381	-13.1620	1.0000	58.9520	95.5446	128.5959	1.0000	36.0000	0.1790	0.0446	0.4288	39.8702	1.2203
9.5975	50.0233	-52.0246	1.0000	47.5944	74.9249	70.8502	1.0000	55.0000	0.0481	0.2508	0.2128	31.6427	1.2107
95.4825	22.2116	-81.3354	1.0000	99.9511	23.5688	91.2508	1.0000	7.0000	0.9990	0.7643	0.0139	91.3149	1.4989
73.4522	12.9423	-43.3011	1.0000	52.2194	40.4742	118.2309	1.0000	42.0000	0.0444	0.5953	0.3137	65.9184	1.2080
37.9398	90.1136	-53.4452	1.0000	46.3250	95.2218	63.6708	1.0000	12.0000	0.0735	0.0478	0.2925	27.0105	1.2222
82.8412	94.0006	136.6964	1.0000	81.2203	95.1690	146.7218	1.0000	2.0000	0.6244	0.0483	0.6302	64.9262	1.0010
95.5250	62.3811	97.6003	1.0000	52.3325	86.0670	118.6424	1.0000	54.0000	0.0467	0.1393	0.3182	31.9367	1.0962
32.2315	73.1264	42.6620	1.0000	45.1656	95.6745	60.2550	1.0000	26.0000	0.0967	0.0433	0.3305	30.4441	1.0002
92.5759	46.9986	169.2080	1.0000	52.1259	63.0214	117.4178	1.0000	48.0000	0.0425	0.3698	0.3046	46.0833	1.1032
71.8782	82.0634	103.3646	1.0000	61.4587	95.4088	128.4922	1.0000	17.0000	0.2292	0.0459	0.4277	40.4232	1.0041
41.1422	95.5351	-27.6108	1.0000	42.1181	95.3168	-12.6108	1.0000	1.0000	0.1576	0.0468	1.1401	103.0196	1.0000
24.7571	25.1490	-41.7040	1.0000	47.5278	48.8954	73.4876	1.0000	39.0000	0.0494	0.5110	0.1835	53.7629	1.1854
29.9981	33.6596	5.8263	1.0000	47.5714	61.6838	73.0066	1.0000	34.0000	0.0486	0.3832	0.1888	41.9858	1.0279
60.2668	44.6676	5.5055	1.0000	62.0916	47.9266	86.4451	1.0000	4.0000	0.2418	0.5207	0.0395	53.5769	1.0709
36.7734	51.4040	120.5936	1.0000	47.5974	85.6207	76.1501	1.0000	36.0000	0.0481	0.1438	0.1539	20.1086	1.0031
21.9714	46.7284	-59.4006	1.0000	47.5716	67.9019	73.5764	1.0000	43.0000	0.0486	0.3210	0.1825	36.1375	1.2943
2.7725	26.4432	224.4465	1.0000	-0.0382	26.6969	150.5533	0.0000	3.0000	1.0008	0.7330	0.6728	107.4424	1.0630
14.4005	67.1315	-57.7933	1.0000	47.5245	90.4931	71.7863	1.0000	51.0000	0.0495	0.0951	0.2024	20.6942	1.2582
57.4858	86.5729	38.7709	1.0000	58.0650	89.4470	93.6060	1.0000	3.0000	0.1613	0.1055	0.0401	13.7628	1.0232
82.5613	44.0681	93.2341	1.0000	52.2021	69.5763	117.8070	1.0000	42.0000	0.0440	0.3042	0.3090	41.2757	1.0592
4.1804	87.3610	219.9407	1.0000	4.2151	95.6535	48.2277	1.0000	12.0000	0.9157	0.0435	0.4641	62.1295	1.4471
93.6969	40.7395	-33.7479	1.0000	96.8423	43.4000	89.9347	1.0000	5.0000	0.9368	0.5660	0.0007	73.4695	1.2137
66.2886	62.8857	4.4336	1.0000	68.1670	66.0893	87.4211	1.0000	4.0000	0.3633	0.3391	0.0287	38.5568	1.0771
28.7305	1.6443	-79.4676	1.0000	29.3493	-0.2555	-69.4551	0.0000	2.0000	0.4130	1.0026	1.7717	189.4823	1.0010
70.8255	19.4383	-9.9855	1.0000	52.0538	49.6420	117.1400	1.0000	39.0000	0.0411	0.5036	0.3016	57.2427	1.0967
0.4980	61.0201	79.4929	1.0000	32.1839	95.4460	62.6160	1.0000	47.0000	0.3563	0.0455	0.3043	32.9854	1.0045
13.2913	0.6381	174.0104	1.0000	47.6406	55.0456	71.5571	1.0000	67.0000	0.0472	0.4495	0.2049	48.6478	1.0413
70.1980	92.8903	204.2997	1.0000	61.0920	95.4352	138.4868	1.0000	10.0000	0.2218	0.0456	0.5387	49.9484	1.0576
79.2170	8.0042	-41.5138	1.0000	52.3561	35.4858	118.5064	1.0000	47.0000	0.0471	0.6451	0.3167	70.5708	1.2231
25.4599	95.4714	66.6645	1.0000	25.9347	96.3515	61.6556	1.0000	1.0000	0.4813	0.0365	0.3149	37.3612	1.0000
60.2471	44.5569	15.0213	1.0000	52.3034	62.2382	118.8466	1.0000	21.0000	0.0461	0.3776	0.3205	47.5750	1.0834
50.4688	60.7662	112.3664	1.0000	50.1565	61.7161	108.2002	1.0000	1.0000	0.0031	0.3828	0.2022	42.3902	1.0000
5.4929	14.0834	223.3906	1.0000	47.7705	78.2141	72.9155	1.0000	83.0000	0.0446	0.2179	0.1898	27.7754	1.0806
14.0799	54.1098	266.5632	1.0000	9.5088	55.0357	94.2899	1.0000	7.0000	0.8098	0.4496	0.0477	60.6608	1.5009
25.5804	48.4191	16.6298	1.0000	47.7036	79.7086	74.5777	1.0000	40.0000	0.0459	0.2029	0.1714	25.5903	1.0438
81.3148	68.0634	255.7317	1.0000	52.2214	75.2600	118.0750	1.0000	40.0000	0.0444	0.2474	0.3119	37.4861	1.3347
26.1675	18.7221	47.8538	1.0000	47.5390	53.4428	70.5818	1.0000	41.0000	0.0492	0.4656	0.2158	50.5044	1.0056
46.3477	3.6416	89.6995	1.0000	47.5936	8.4794	73.7463	1.0000	5.0000	0.0481	0.9152	0.1806	92.9838	1.0009
95.5247	79.5830	-15.4949	1.0000	60.6059	95.0845	130.0346	1.0000	47.0000	0.2121	0.0492	0.4448	41.7064	1.2302
69.2252	71.8470	-13.3860	1.0000	56.5135	95.2098	128.4906	1.0000	30.0000	0.1303	0.0479	0.4277	39.3306	1.1279
16.0441	51.8346	190.7911	1.0000	13.7894	54.5700	92.1542	1.0000	4.0000	0.7242	0.4543	0.0239	58.1354	1.1284
37.3156	8.2347	245.8725	1.0000	47.6196	52.3033	77.5469	1.0000	51.0000	0.0476	0.4770	0.1384	49.3530	1.1269
31.0005	6.8316	-16.4069	1.0000	47.7122	31.3340	73.0539	1.0000	31.0000	0.0458	0.6867	0.1883	70.7631	1.0452
29.7812	94.5908	62.7213	1.0000	30.3157	95.4360	57.6900	1.0000	1.0000	0.3937	0.0456	0.3590	38.1082	1.0000
21.6465	33.0836	-43.6736	1.0000	47.7167	56.4652	73.0468	1.0000	42.0000	0.0457	0.4353	0.1884	46.7750	1.1993
48.7691	58.6037	-50.5892	1.0000	49.5823	58.0217	-35.5892	1.0000	1.0000	0.0084	0.4198	1.3954	132.4198	1.0000
3.5090	46.9482	226.4063	1.0000	-0.1508	48.8727	103.5729	0.0000	5.0000	1.0030	0.5113	0.1508	72.8926	1.2092
67.4770	78.4069	62.6063	1.0000	56.5964	95.7745	128.4905	1.0000	21.0000	0.1319	0.0423	0.4277	39.2796	1.0247
83.9188	89.9415	-3.4132	1.0000	84.6417	95.6811	118.3488	1.0000	7.0000	0.6928	0.0432	0.3150	44.9706	1.2100
85.2836	61.5984	103.8751	1.0000	52.2166	86.1026	118.4864	1.0000	44.0000	0.0443	0.1390	0.3165	31.7730	1.0691
65.8495	59.0821	-69.5507	1.0000	52.4772	86.3788	118.3914	1.0000	38.0000	0.0495	0.1362	0.3155	31.5871	1.2502
38.3488	26.0308	172.0787	1.0000	47.6668	61.6398	74.1193	1.0000	38.0000	0.0467	0.3836	0.1765	41.5831	1.0324
21.6138	62.1773	-67.5633	1.0000	47.5597	81.6271	73.4708	1.0000	44.0000	0.0488	0.1837	0.1837	24.8341	1.3569
97.3294	73.0608	14.5446	1.0000	98.5554	75.5929	89.1694	1.0000	3.0000	0.9711	0.2441	0.0092	54.3509	1.0663
0.9927	79.1938	246.0210	1.0000	-0.7190	78.2556	196.1427	0.0000	2.0000	1.0144	0.2174	1.1794	119.6307	1.0246
96.0080	49.8973	226.2208	1.0000	52.2279	61.8105	118.5817	1.0000	52.0000	0.0446	0.3819	0.3176	47.7527	1.1461
53.5779	1.3966	84.7248	1.0000	52.4152	6.2443	105.4579	1.0000	5.0000	0.0483	0.9376	0.1718	95.0521	1.0030
58.3941	62.6843	-81.3223	1.0000	52.3651	80.7038	118.4600	1.0000	27.0000	0.0473	0.1930	0.3162	34.4660	1.4210
55.2660	77.2410	22.6206	1.0000	52.4028	87.8847	118.9194	1.0000	12.0000	0.0481	0.1212	0.3213	31.4466	1.0887
27.5078	52.4338	-87.5367	1.0000	47.6610	66.2922	73.1025	1.0000	38.0000	0.0468	0.3371	0.1877	37.7785	1.5537
85.9896	1.0313	194.6194	1.0000	69.0346	-0.0382	182.2196	0.0000	17.0000	0.3807	1.0004	1.0247	137.3842	1.0007
30.0145	58.7215	164.9251	1.0000	47.4337	95.3401	69.5104	1.0000	42.0000	0.0513	0.0466	0.2277	21.1690	1.0357
51.9183	47.6246	-41.8595	1.0000	56.3831	50.6695	89.7244	1.0000	7.0000	0.1277	0.4933	0.0031	49.7425	1.2953
47.0854	38.6411	88.8553	1.0000	47.5213	40.5904	74.4789	1.0000	2.0000	0.0496	0.5941	0.1725	61.4536	1.0013
89.5840	55.5264	155.2996	1.0000	52.1807	72.3949	117.6868	1.0000	45.0000	0.0436	0.2761	0.3076	39.1581	1.0967
73.0211	12.5823	257.8217	1.0000	52.1195	19.8269	117.3882	1.0000	31.0000	0.0424	0.8017	0.3043	84.7486	1.4013
60.2590	39.9169	38.8210	1.0000	60.8358	42.7914	93.6526	1.0000	3.0000	0.2167	0.5721	0.0406	58.3402	1.0232
17.2799	34.0453	130.4476	1.0000	47.7377	82.3033	73.0598	1.0000	58.0000	0.0452	0.1770	0.1882	24.6020	1.0164
37.5334	61.0038	-36.5078	1.0000	47.7322	73.3643	75.9684	1.0000	18.0000	0.0454	0.2664	0.1559	30.1909	1.1233
29.9798	13.6577	75.4708	1.0000	47.7393	46.0591	72.5544	1.0000	37.0000	0.0452	0.5394	0.1938	56.7370	1.0014
38.9885	38.8077	260.0790	1.0000	34.5036	40.2565	89.1979	1.0000	7.0000	0.3099	0.5974	0.0089	61.7258	1.4852
61.0425	71.4245	33.5428	1.0000	61.8554	74.2398	89.0095	1.0000	3.0000	0.2371	0.2576	0.0110	28.3746	1.0238
0.0052	38.9658	12.2617	1.0000	47.6693	75.0214	72.5762	1.0000	65.0000	0.0466	0.2498	0.1936	30.5443	1.0876
53.3144	14.8519	162.6409	1.0000	52.4837	15.4087	146.1650	1.0000	1.0000	0.0497	0.8459	0.6241	101.5695	1.0000
16.0684	13.9595	167.1642	1.0000	14.7646	16.4529	92.6788	1.0000	3.0000	0.7047	0.8355	0.0298	90.7129	1.0662
33.8392	28.9909	-29.8329	1.0000	47.7093	47.8068	72.8349	1.0000	25.0000	0.0458	0.5219	0.1907	54.9910	1.0695
49.5015	33.8432	-58.4271	1.0000	50.2277	33.1557	-43.4271	1.0000	1.0000	0.0046	0.6684	1.4825	149.2347	1.0000
28.4148	21.1444	-59.5339	1.0000	47.6150	39.3157	71.0659	1.0000	33.0000	0.0477	0.6068	0.2104	63.6143	1.2483
26.3600	76.4364	-23.4541	1.0000	45.1558	95.5825	60.1843	1.0000	30.0000	0.0969	0.0442	0.3313	30.5280	1.1181
94.4520	24.9804	-0.5931	1.0000	52.2214	52.0156	118.0755	1.0000	59.0000	0.0444	0.4798	0.3120	55.6388	1.1766
23.2705	5.9704	218.8374	1.0000	47.5731	51.7731	70.5873	1.0000	57.0000	0.0485	0.4823	0.2157	52.0440	1.0993
76.3474	79.5186	44.0027	1.0000	76.6765	81.4462	92.4302	1.0000	2.0000	0.5335	0.1855	0.0270	32.5850	1.0228
94.1953	34.8921	109.4344	1.0000	52.4014	57.7451	118.3082	1.0000	52.0000	0.0480	0.4225	0.3145	50.9175	1.0917
11.6877	56.6949	14.4643	1.0000	47.7649	89.8641	73.1351	1.0000	53.0000	0.0447	0.1014	0.1874	19.8030	1.0815
19.7084	58.9642	243.7186	1.0000	40.4775	95.1631	60.1110	1.0000	49.0000	0.1904	0.0484	0.3321	31.7400	1.1741
72.7878	53.5747	58.4255	1.0000	52.4466	81.3322	118.3494	1.0000	35.0000	0.0489	0.1867	0.3150	34.0318	1.0171
44.7043	69.2674	84.6422	1.0000	47.6046	79.8742	77.3863	1.0000	11.0000	0.0479	0.2013	0.1402	23.8724	1.0004
60.2158	88.6785	127.7468	1.0000	54.6217	95.7288	128.4903	1.0000	9.0000	0.0924	0.0427	0.4277	39.0013	1.0000
24.1185	68.9369	177.0120	1.0000	38.2283	95.0441	60.0167	1.0000	32.0000	0.2354	0.0496	0.3331	32.5904	1.0783
66.5297	6.3409	263.7263	1.0000	52.1955	12.7073	117.7513	1.0000	20.0000	0.0439	0.8729	0.3083	91.6241	1.2752
69.3730	70.0083	235.7697	1.0000	52.1302	81.6420	117.4363	1.0000	24.0000	0.0426	0.1836	0.3048	33.0803	1.1538
71.5196	63.2740	3.1220	1.0000	52.2744	92.9363	118.5073	1.0000	38.0000	0.0455	0.0706	0.3167	29.4574	1.0747
86.3468	59.9492	264.1001	1.0000	52.4356	65.2543	118.3366	1.0000	46.0000	0.0487	0.3475	0.3149	44.9017	1.3402
14.1183	76.9886	-61.6049	1.0000	45.5581	95.5104	61.6773	1.0000	47.0000	0.0888	0.0449	0.3147	29.0183	1.2880
32.6698	94.0283	-50.0647	1.0000	39.1728	95.7676	61.7094	1.0000	8.0000	0.2165	0.0423	0.3143	30.5859	1.1884
78.0769	12.5285	-50.3221	1.0000	52.1880	40.2539	117.7262	1.0000	47.0000	0.0438	0.5975	0.3081	65.9024	1.2390
69.8972	71.3785	-1.6520	1.0000	71.8505	74.3893	92.4197	1.0000	4.0000	0.4370	0.2561	0.0269	33.7521	1.1145
52.0456	35.0265	0.8391	1.0000	52.3382	45.2251	112.1009	1.0000	12.0000	0.0468	0.5477	0.2456	59.1119	1.1761
52.6210	5.0865	43.0977	1.0000	52.3693	12.7522	105.4452	1.0000	8.0000	0.0474	0.8725	0.1716	88.6361	1.0431
66.2263	13.6652	122.3959	1.0000	52.4910	32.0649	118.4124	1.0000	23.0000	0.0498	0.6794	0.3157	73.6794	1.0017
56.5872	15.2426	146.6219	1.0000	52.4321	20.7695	117.8769	1.0000	7.0000	0.0486	0.7923	0.3097	84.0268	1.0123
97.2537	87.7389	2.4712	1.0000	96.2805	95.1626	131.3000	1.0000	9.0000	0.9256	0.0484	0.4589	62.2171	1.2020
40.2769	79.3961	256.8331	1.0000	40.2643	95.4562	73.0577	1.0000	22.0000	0.1947	0.0454	0.1882	20.0617	1.3699
16.7827	0.1322	236.3411	1.0000	15.9297	-0.3897	211.4635	0.0000	1.0000	0.6814	1.0039	1.3496	161.2211	1.0000
49.7201	3.8390	56.1432	1.0000	50.1450	4.7442	64.8573	1.0000	1.0000	0.0029	0.9526	0.2794	98.5182	1.0000
70.4008	68.8679	214.7734	1.0000	52.2765	82.3696	118.5775	1.0000	25.0000	0.0455	0.1763	0.3175	33.6554	1.1062
47.9479	5.6579	248.5193	1.0000	47.7571	22.7243	73.6262	1.0000	24.0000	0.0449	0.7728	0.1819	79.0232	1.4062
17.0375	86.2173	57.9004	1.0000	25.9574	95.6576	45.0076	1.0000	13.0000	0.4809	0.0434	0.4999	51.1979	1.0009
15.5277	44.4307	-87.8163	1.0000	47.7559	61.6346	74.1043	1.0000	54.0000	0.0449	0.3837	0.1766	41.5886	1.4781
81.9224	20.9308	41.6359	1.0000	82.3066	22.8460	91.0592	1.0000	2.0000	0.6461	0.7715	0.0118	83.6515	1.0239
72.7725	91.2909	268.5780	1.0000	52.7325	95.5232	119.1356	1.0000	31.0000	0.0547	0.0448	0.3237	29.6039	1.5135
71.0620	12.3689	171.2402	1.0000	52.4472	28.8267	118.3501	1.0000	26.0000	0.0489	0.7117	0.3150	76.6508	1.0464
47.1047	77.6383	-84.6732	1.0000	48.0303	75.8847	-54.6732	1.0000	2.0000	0.0394	0.2412	1.6075	146.6825	1.0086
15.9423	92.9957	212.1314	1.0000	12.8641	95.7370	88.6746	1.0000	5.0000	0.7427	0.0426	0.0147	37.4033	1.2130
41.5554	62.4192	22.5094	1.0000	47.6294	73.7472	74.1357	1.0000	13.0000	0.0474	0.2625	0.1763	30.7653	1.0114
4.3630	41.4930	252.5782	1.0000	-0.0251	42.5589	105.4781	0.0000	6.0000	1.0005	0.5744	0.1720	77.7275	1.3287
99.6150	74.3659	-78.2355	1.0000	100.2018	73.5562	-54.0668	0.0000	1.0000	1.0040	0.2644	1.6007	154.8378	1.0000
60.8516	24.3450	194.5120	1.0000	52.3872	30.3096	118.6278	1.0000	11.0000	0.0477	0.6969	0.3181	75.3790	1.0623
75.6795	4.9296	236.3640	1.0000	52.2232	15.7871	118.6458	1.0000	32.0000	0.0445	0.8421	0.3183	88.9794	1.2380
2.9604	65.1040	164.9368	1.0000	1.7569	67.6474	90.3452	1.0000	3.0000	0.9649	0.3235	0.0038	58.0879	1.0662
66.6948	51.0152	145.5026	1.0000	52.4854	68.9782	118.4037	1.0000	23.0000	0.0497	0.3102	0.3156	42.1343	1.0042
89.5982	44.1721	19.5869	1.0000	90.6001	46.8040	94.0602	1.0000	3.0000	0.8120	0.5320	0.0451	67.0423	1.0653
59.8385	33.6814	-32.3189	1.0000	52.4186	53.0708	118.3203	1.0000	25.0000	0.0484	0.4693	0.3147	54.8656	1.2042
42.1586	46.5384	199.4992	1.0000	47.6363	74.6257	74.6231	1.0000	31.0000	0.0473	0.2537	0.1709	29.7640	1.0833
76.6973	68.7870	225.0297	1.0000	52.4340	80.9042	118.3350	1.0000	32.0000	0.0487	0.1910	0.3148	34.2556	1.1799
14.7513	9.4298	38.8877	1.0000	47.6432	52.2902	71.5806	1.0000	55.0000	0.0471	0.4771	0.2047	51.1962	1.0180
13.2654	55.0865	263.6114	1.0000	8.7489	56.2582	91.1038	1.0000	7.0000	0.8250	0.4374	0.0123	60.1350	1.5002
1.8712	34.4794	177.9345	1.0000	45.4295	95.4507	60.2756	1.0000	78.0000	0.0914	0.0455	0.3303	30.4158	1.0409
92.8031	31.6752	-65.4165	1.0000	52.3911	57.5855	118.3370	1.0000	62.0000	0.0478	0.4241	0.3149	51.0656	1.2915
58.8605	97.8126	7.6737	1.0000	59.7085	98.3427	32.0088	1.0000	1.0000	0.1942	0.0166	0.6443	58.8216	1.0000
41.1963	77.7798	180.5274	1.0000	44.1796	95.0968	71.5686	1.0000	19.0000	0.1164	0.0490	0.2048	19.9408	1.0813
58.5081	76.7834	-18.8332	1.0000	61.3186	80.1468	86.5828	1.0000	5.0000	0.2264	0.1985	0.0380	23.1071	1.1407
76.5119	86.1443	170.1576	1.0000	57.1477	95.6147	128.5011	1.0000	23.0000	0.1430	0.0439	0.4278	39.4037	1.0670
9.4561	11.1194	186.7211	1.0000	7.3928	14.0021	88.2016	1.0000	4.0000	0.8521	0.8600	0.0200	95.9909	1.1283
11.0273	50.5354	118.0556	1.0000	10.9721	51.5339	93.1625	1.0000	1.0000	0.7806	0.4847	0.0351	62.3068	1.0000
81.8364	41.7878	160.9933	1.0000	52.2497	58.3978	118.2926	1.0000	37.0000	0.0450	0.4160	0.3144	50.3614	1.0905
95.1787	17.4237	86.9501	1.0000	52.4551	41.6467	118.3604	1.0000	54.0000	0.0491	0.5835	0.3151	64.9265	1.0995
69.7552	31.3191	-13.2117	1.0000	52.3034	61.0943	118.8454	1.0000	38.0000	0.0461	0.3891	0.3205	48.4872	1.1010
28.0682	35.5599	202.5970	1.0000	47.5608	76.4431	70.7777	1.0000	49.0000	0.0488	0.2356	0.2136	30.5020	1.0819
83.6538	0.9998	78.0915	1.0000	52.3238	26.3522	118.6982	1.0000	43.0000	0.0465	0.7365	0.3189	79.0758	1.0669
20.1042	14.3892	103.5016	1.0000	47.5765	58.0056	70.9462	1.0000	52.0000	0.0485	0.4199	0.2117	46.1785	1.0088
96.7842	10.5178	221.9128	1.0000	52.0616	23.3702	117.1658	1.0000	53.0000	0.0412	0.7663	0.3018	81.3287	1.1390
74.2325	54.7518	-29.9148	1.0000	77.3116	57.5407	90.6288	1.0000	5.0000	0.5462	0.4246	0.0070	50.4888	1.2036
71.5624	40.3384	213.1335	1.0000	52.0488	54.6916	117.1234	1.0000	27.0000	0.0410	0.4531	0.3014	52.8462	1.1146
28.9064	52.8426	-41.9689	1.0000	47.5508	73.6566	70.5087	1.0000	32.0000	0.0490	0.2634	0.2166	32.8616	1.1452
7.6648	28.2079	4.5773	1.0000	47.7134	61.5037	72.9687	1.0000	57.0000	0.0457	0.3850	0.1892	42.1575	1.0944
90.9237	32.3235	217.5944	1.0000	52.4995	45.0354	118.4261	1.0000	46.0000	0.0500	0.5496	0.3158	61.9306	1.1366
25.2318	27.5447	55.0514	1.0000	47.6466	63.9415	72.1936	1.0000	43.0000	0.0471	0.3606	0.1978	40.2843	1.0060
38.0021	30.4967	-80.4099	1.0000	47.7045	36.2806	75.5888	1.0000	16.0000	0.0459	0.6372	0.1601	65.3690	1.4165
47.4149	42.2553	209.6260	1.0000	47.6331	57.8480	74.2850	1.0000	19.0000	0.0473	0.4215	0.1746	45.0484	1.2184
53.9984	86.8000	29.7899	1.0000	52.8768	95.0138	116.7796	1.0000	9.0000	0.0575	0.0499	0.2976	27.3913	1.0856
11.8145	84.3621	164.4351	1.0000	10.6335	86.9162	89.8316	1.0000	3.0000	0.7873	0.1308	0.0019	41.4841	1.0661
85.1189	85.9510	-44.5740	1.0000	83.6774	95.1031	146.0503	1.0000	14.0000	0.6735	0.0490	0.6228	65.5727	1.5111
6.4030	11.9283	134.5276	1.0000	47.5937	70.6372	70.7340	1.0000	73.0000	0.0481	0.2936	0.2141	35.2015	1.0179
89.4982	13.2267	260.0347	1.0000	52.2167	19.7331	118.5142	1.0000	49.0000	0.0443	0.8027	0.3168	85.2100	1.2948
41.5840	16.2255	38.6644	1.0000	47.6929	28.7607	75.2718	1.0000	14.0000	0.0461	0.7124	0.1636	72.7824	1.0040
60.1174	54.0752	164.0163	1.0000	52.0769	62.4702	117.0269	1.0000	12.0000	0.0415	0.3753	0.3003	46.2953	1.0323
8.2577	11.5731	-46.4934	1.0000	47.5328	37.7464	70.4708	1.0000	56.0000	0.0493	0.6225	0.2170	65.2916	1.1865
9.4262	53.4151	-39.2133	1.0000	47.5418	82.2108	73.0683	1.0000	56.0000	0.0492	0.1779	0.1881	24.6816	1.1723
96.5653	53.1409	146.3946	1.0000	52.2403	70.4497	118.4172	1.0000	52.0000	0.0448	0.2955	0.3157	41.0582	1.0928
13.5498	93.4722	3.2511	1.0000	23.4090	95.0920	12.4061	1.0000	10.0000	0.5318	0.0491	0.8622	82.1705	1.0009
4.8331	28.9984	264.3549	1.0000	0.3022	30.1088	91.8861	1.0000	7.0000	0.9940	0.6989	0.0210	85.7800	1.5005
52.8465	97.0037	-23.5041	1.0000	53.8412	96.9012	-5.8828	1.0000	1.0000	0.0768	0.0310	1.0654	96.0097	1.0000
46.6276	15.0258	165.2325	1.0000	47.5775	26.2266	78.0148	1.0000	12.0000	0.0485	0.7377	0.1332	74.7798	1.0675
33.8856	53.7407	97.1358	1.0000	47.5781	93.4090	76.7181	1.0000	42.0000	0.0484	0.0659	0.1476	15.0238	1.0008
39.4387	95.6617	-13.4783	1.0000	40.4383	95.6882	1.5217	1.0000	1.0000	0.1912	0.0431	0.9831	89.0979	1.0000
91.9673	28.0166	50.9276	1.0000	52.0932	54.1695	117.2771	1.0000	53.0000	0.0419	0.4583	0.3031	53.3746	1.1114
56.3477	98.6441	195.7151	1.0000	55.3478	98.6316	180.7151	1.0000	1.0000	0.1070	0.0137	1.0079	90.8829	1.0000
6.3749	52.8806	-10.2824	1.0000	47.5507	84.9423	71.7625	1.0000	58.0000	0.0490	0.1506	0.2026	23.7769	1.1114
66.0258	27.5023	266.4393	1.0000	52.3064	32.7947	118.4350	1.0000	19.0000	0.0461	0.6721	0.3159	73.0097	1.2921
69.7489	35.4545	24.4703	1.0000	52.3249	64.2000	118.6913	1.0000	35.0000	0.0465	0.3580	0.3188	45.9373	1.0412
99.9540	88.9284	62.3720	1.0000	100.0000	89.9274	87.3609	1.0000	1.0000	1.0000	0.1007	0.0293	51.0728	1.0000
51.0431	18.3051	94.5390	1.0000	50.9120	19.2965	97.5348	1.0000	1.0000	0.0182	0.8070	0.0837	81.0596	1.0000
23.5653	52.2171	157.7607	1.0000	47.6069	95.5157	71.1989	1.0000	51.0000	0.0479	0.0448	0.2089	19.4760	1.0298
3.0507	96.1560	207.8445	1.0000	2.0521	96.1037	182.9961	1.0000	1.0000	0.9590	0.0390	1.0333	104.7018	1.0000
64.5109	41.3749	206.7661	1.0000	52.1471	51.2448	117.4862	1.0000	17.0000	0.0429	0.4876	0.3054	56.0105	1.0746
70.5083	16.3847	122.7874	1.0000	52.1847	40.0446	117.7086	1.0000	30.0000	0.0437	0.5996	0.3079	66.0848	1.0025
46.0052	55.2590	141.7791	1.0000	47.6775	65.8421	77.1474	1.0000	11.0000	0.0464	0.3416	0.1428	36.5697	1.0266
65.8102	12.3240	41.5317	1.0000	52.1005	35.6819	117.3057	1.0000	28.0000	0.0420	0.6432	0.3034	69.9058	1.0338
17.4381	90.0010	160.0095	1.0000	16.4438	92.6379	85.9344	1.0000	3.0000	0.6711	0.0736	0.0452	34.5940	1.0645
33.0294	45.7540	77.2969	1.0000	47.5663	82.9767	76.4535	1.0000	40.0000	0.0487	0.1702	0.1505	21.8911	1.0010
32.5786	24.6467	234.7965	1.0000	28.4508	26.7631	94.1583	1.0000	6.0000	0.4310	0.7324	0.0462	76.4545	1.2934
87.7015	40.9023	253.9451	1.0000	52.3609	48.3306	118.4812	1.0000	46.0000	0.0472	0.5167	0.3165	59.0464	1.2738
40.8349	6.5710	225.5441	1.0000	47.6092	40.8826	73.5279	1.0000	39.0000	0.0478	0.5912	0.1830	61.4159	1.1151
91.4005	76.9862	87.3960	1.0000	56.4309	95.3709	128.4962	1.0000	43.0000	0.1286	0.0463	0.4277	39.3032	1.0884
19.1367	54.7131	220.0362	1.0000	42.4997	95.0357	60.1847	1.0000	52.0000	0.1500	0.0496	0.3313	31.1424	1.1158
53.8860	56.6913	-60.3020	1.0000	58.3716	59.1430	87.0596	1.0000	7.0000	0.1674	0.4086	0.0327	41.8094	1.3693
32.2417	95.9221	261.6221	1.0000	31.7141	95.0726	238.1601	1.0000	1.0000	0.3657	0.0493	1.6462	149.3656	1.0000
16.0952	57.7364	167.2520	1.0000	14.7874	60.2277	92.7726	1.0000	3.0000	0.7043	0.3977	0.0308	53.1926	1.0662
60.9578	70.9705	102.1290	1.0000	52.2041	84.2848	117.8197	1.0000	16.0000	0.0441	0.1572	0.3091	32.0275	1.0041
3.5704	46.3708	-51.1587	1.0000	47.5142	72.7423	70.2237	1.0000	61.0000	0.0497	0.2726	0.2197	33.7678	1.1903
46.5714	15.1059	260.0825	1.0000	47.5607	34.7535	78.0228	1.0000	27.0000	0.0488	0.6525	0.1331	66.3816	1.3725
79.7699	32.5713	129.8928	1.0000	52.3086	52.9856	118.8063	1.0000	36.0000	0.0462	0.4701	0.3201	55.1859	1.0521
21.5561	62.2901	73.0406	1.0000	43.5129	95.4207	60.1704	1.0000	40.0000	0.1297	0.0458	0.3314	30.8683	1.0064
13.8115	59.8893	-64.6375	1.0000	47.6922	81.7108	72.2836	1.0000	52.0000	0.0462	0.1829	0.1968	25.5674	1.2903
82.0195	65.9215	188.0234	1.0000	52.3088	81.0993	118.8046	1.0000	37.0000	0.0462	0.1890	0.3201	34.5293	1.1090
24.1503	72.3332	-68.5419	1.0000	47.5797	91.1208	73.6861	1.0000	41.0000	0.0484	0.0888	0.1813	18.7308	1.3652
7.9684	77.2037	254.1322	1.0000	18.0964	95.5538	45.0004	1.0000	29.0000	0.6381	0.0445	0.5000	55.3405	1.3836
59.8388	30.9693	-7.4465	1.0000	52.1840	49.7820	117.7049	1.0000	23.0000	0.0437	0.5022	0.3078	57.3949	1.1324
84.9618	35.8515	257.8499	1.0000	52.2513	42.7061	118.2717	1.0000	44.0000	0.0450	0.5729	0.3141	63.9293	1.3165
49.5969	1.5663	109.7288	1.0000	49.3757	2.5416	102.7808	1.0000	1.0000	0.0125	0.9746	0.1420	98.2949	1.0000
48.7940	17.4066	106.7540	1.0000	48.6745	18.3994	96.8685	1.0000	1.0000	0.0265	0.8160	0.0763	81.8999	1.0000
5.0189	45.4638	-62.1032	1.0000	47.5798	71.1873	73.3052	1.0000	62.0000	0.0484	0.2881	0.1855	33.3878	1.2467
26.4112	56.4747	13.3009	1.0000	47.5057	85.0202	70.2966	1.0000	37.0000	0.0499	0.1498	0.2189	24.8765	1.0424
54.0232	1.0683	143.9004	1.0000	52.4297	3.5919	117.8005	1.0000	3.0000	0.0486	0.9641	0.3089	100.3658	1.0052
45.3541	55.5688	196.4863	1.0000	47.5874	74.2546	76.6837	1.0000	21.0000	0.0483	0.2575	0.1480	29.0856	1.1159
23.0826	19.7274	-32.3449	1.0000	47.5663	44.4394	71.7428	1.0000	40.0000	0.0487	0.5556	0.2029	58.5340	1.1499
95.9655	43.0267	0.2677	1.0000	52.4088	69.6060	118.3130	1.0000	60.0000	0.0482	0.3039	0.3146	41.6079	1.1759
47.1341	21.6055	9.7123	1.0000	48.0425	22.0236	24.7123	1.0000	1.0000	0.0391	0.7798	0.7254	101.7184	1.0000
58.7122	64.7591	52.3762	1.0000	52.1243	78.6753	117.4232	1.0000	16.0000	0.0425	0.2132	0.3047	34.8036	1.0392
13.4917	74.0468	121.5578	1.0000	30.8524	95.2426	47.5078	1.0000	28.0000	0.3830	0.0476	0.4721	46.8493	1.0220
74.9628	97.0050	-45.5123	1.0000	75.8933	96.6387	-21.4873	1.0000	1.0000	0.5179	0.0336	1.2387	114.5041	1.0000
85.3029	94.9788	230.7662	1.0000	60.0950	95.6387	129.5826	1.0000	28.0000	0.2019	0.0436	0.4398	41.0818	1.1104
95.2071	26.3864	47.6591	1.0000	52.2958	52.1431	118.9035	1.0000	56.0000	0.0459	0.4786	0.3212	55.9550	1.1189
32.6028	64.3514	-84.8448	1.0000	47.5557	77.7661	70.8241	1.0000	26.0000	0.0489	0.2223	0.2131	29.4624	1.2943
96.8678	73.8748	215.8259	1.0000	52.4486	86.6638	118.3520	1.0000	52.0000	0.0490	0.1334	0.3150	31.4275	1.1250
23.2313	65.5699	-15.1784	1.0000	47.7283	94.7361	75.9643	1.0000	42.0000	0.0454	0.0526	0.1560	15.1614	1.1027
50.5308	90.2749	184.9767	1.0000	49.5525	90.4820	168.0450	1.0000	1.0000	0.0090	0.0952	0.8672	78.6246	1.0000
59.9942	65.8233	-64.2985	1.0000	64.3401	68.4962	89.3279	1.0000	7.0000	0.2868	0.3150	0.0075	34.6205	1.3720
57.1014	11.6931	128.5515	1.0000	52.1435	19.1674	117.4995	1.0000	9.0000	0.0429	0.8083	0.3055	85.4092	1.0034
84.9108	88.2851	-52.3324	1.0000	86.2642	95.1468	128.9175	1.0000	11.0000	0.7253	0.0485	0.4324	53.4155	1.5728
84.7880	46.6980	251.8123	1.0000	52.2495	54.7263	118.2955	1.0000	43.0000	0.0450	0.4527	0.3144	53.4360	1.2830
72.2228	87.4474	187.3997	1.0000	57.3857	95.1944	128.5245	1.0000	18.0000	0.1477	0.0481	0.4281	39.5194	1.0754
69.7029	53.4492	255.9997	1.0000	52.2178	62.6299	117.9077	1.0000	25.0000	0.0444	0.3737	0.3101	46.6935	1.2659
20.3276	35.2541	-27.8017	1.0000	47.7026	63.6440	75.5544	1.0000	45.0000	0.0459	0.3636	0.1605	39.1882	1.1410
62.9143	31.7354	232.2678	1.0000	52.0824	37.0738	116.6170	1.0000	14.0000	0.0416	0.6293	0.2957	68.3557	1.1593
42.8527	95.9543	230.8559	1.0000	41.9540	95.5159	206.0061	1.0000	1.0000	0.1609	0.0448	1.2890	116.3712	1.0000
66.7755	74.2661	220.6916	1.0000	52.2169	85.2235	118.3125	1.0000	20.0000	0.0443	0.1478	0.3146	32.0134	1.0976
41.8973	70.1845	194.6634	1.0000	46.9330	95.5522	77.3169	1.0000	28.0000	0.0613	0.0445	0.1409	13.7859	1.0826
49.0136	24.4045	253.2098	1.0000	48.4743	23.5624	237.3667	1.0000	1.0000	0.0305	0.7644	1.6374	166.0180	1.0000
1.7220	19.6712	-38.4417	1.0000	47.7268	50.4493	74.2919	1.0000	64.0000	0.0455	0.4955	0.1745	52.0306	1.1563
4.7508	67.4268	150.4528	1.0000	27.0801	95.0875	45.0000	1.0000	37.0000	0.4584	0.0491	0.5000	50.7391	1.0408
71.5036	64.3354	243.3866	1.0000	52.3266	73.9961	118.6789	1.0000	27.0000	0.0465	0.2600	0.3187	38.7826	1.2574
73.3004	31.1267	228.9251	1.0000	52.1896	43.1417	117.7351	1.0000	29.0000	0.0438	0.5686	0.3082	63.3000	1.1939
94.1073	71.6002	113.4487	1.0000	52.1356	94.1939	117.4623	1.0000	52.0000	0.0427	0.0581	0.3051	28.1505	1.0909
87.6218	51.2347	158.2916	1.0000	52.1803	67.9564	117.6846	1.0000	43.0000	0.0436	0.3204	0.3076	42.4026	1.0973
62.6901	65.7407	-26.7414	1.0000	52.4074	88.4523	118.3121	1.0000	29.0000	0.0481	0.1155	0.3146	30.6712	1.1632
19.9093	58.3785	55.5888	1.0000	45.4922	95.0244	60.0487	1.0000	45.0000	0.0902	0.0498	0.3328	30.6945	1.0069
0.5200	49.6312	110.8172	1.0000	0.5960	50.6283	85.6417	1.0000	1.0000	0.9881	0.4937	0.0484	69.9808	1.0000
72.6785	43.1189	15.3654	1.0000	73.9647	45.6386	86.8351	1.0000	3.0000	0.4793	0.5436	0.0352	59.4935	1.0604
26.3978	72.7602	-10.9793	1.0000	45.3452	95.2312	61.9647	1.0000	32.0000	0.0931	0.0477	0.3115	28.8164	1.0887
39.1772	69.8707	-89.8431	1.0000	47.7721	71.6462	68.3683	1.0000	13.0000	0.0446	0.2835	0.2404	35.7328	1.4813
66.9372	6.7800	-60.0670	1.0000	52.3909	35.3675	118.3379	1.0000	39.0000	0.0478	0.6463	0.3149	70.6124	1.2159
3.9056	15.3992	-72.8892	1.0000	47.6649	38.7927	73.1133	1.0000	64.0000	0.0467	0.6121	0.1876	63.5370	1.2898
18.6838	42.9756	16.7970	1.0000	47.7716	74.9464	73.0027	1.0000	46.0000	0.0446	0.2505	0.1889	30.3572	1.0642
24.3500	6.7760	-75.6818	1.0000	29.9161	-0.0040	-30.5636	0.0000	9.0000	0.4017	1.0000	1.3396	157.9232	1.0260
96.1872	24.3662	233.3004	1.0000	52.0897	35.6189	117.2641	1.0000	53.0000	0.0418	0.6438	0.3029	69.9473	1.1646
33.9603	60.9512	-34.4665	1.0000	47.5389	79.5916	73.7020	1.0000	25.0000	0.0492	0.2041	0.1811	26.2333	1.0840
35.6436	84.1706	114.9771	1.0000	35.6352	85.1706	90.4790	1.0000	1.0000	0.2873	0.1483	0.0053	20.6516	1.0000
83.8573	62.9334	154.6556	1.0000	52.2833	79.8292	118.8011	1.0000	39.0000	0.0457	0.2017	0.3200	35.2360	1.0891
61.0153	3.1377	122.0665	1.0000	52.2793	15.2930	118.6682	1.0000	15.0000	0.0456	0.8471	0.3185	89.4557	1.0021
38.0451	51.1617	-20.1070	1.0000	47.7109	64.8881	76.0203	1.0000	18.0000	0.0458	0.3511	0.1553	37.8618	1.0722
2.7884	55.9080	22.0091	1.0000	47.5159	95.1906	70.0420	1.0000	63.0000	0.0497	0.0481	0.2218	20.6791	1.0583
28.4631	54.2010	177.8612	1.0000	47.5953	93.6609	71.0318	1.0000	46.0000	0.0481	0.0634	0.2108	20.1434	1.0489
99.6043	91.7285	-52.6411	1.0000	100.4910	91.2663	-27.5330	0.0000	1.0000	1.0098	0.0873	1.3059	128.2171	1.0000
75.1064	31.3956	253.3261	1.0000	52.1901	39.2551	117.7380	1.0000	33.0000	0.0438	0.6074	0.3082	66.8141	1.3621
54.0229	38.6392	56.3484	1.0000	52.3498	47.2426	108.1874	1.0000	9.0000	0.0470	0.5276	0.2021	55.8538	1.0269
65.3429	8.9156	-85.2738	1.0000	52.1328	35.9144	117.4496	1.0000	39.0000	0.0427	0.6409	0.3050	69.7495	1.2975
90.9497	6.0720	30.1044	1.0000	52.2774	32.6331	118.6052	1.0000	53.0000	0.0455	0.6737	0.3178	73.2239	1.1297
77.0866	74.0825	241.7313	1.0000	52.2211	84.0395	118.1008	1.0000	34.0000	0.0444	0.1596	0.3122	32.3933	1.2694
79.2974	32.8598	-5.0041	1.0000	81.3008	35.7953	92.6158	1.0000	4.0000	0.6260	0.6420	0.0291	71.4761	1.1255
85.9522	34.4037	74.2344	1.0000	52.4701	59.3926	118.3811	1.0000	45.0000	0.0494	0.4061	0.3153	49.6039	1.0771
80.7062	61.7090	101.4298	1.0000	52.4205	85.8258	118.3221	1.0000	39.0000	0.0484	0.1417	0.3147	31.7633	1.0492
63.0829	53.7038	-41.4813	1.0000	66.7655	56.8652	88.3758	1.0000	6.0000	0.3353	0.4313	0.0180	46.3070	1.2362
0.0220	53.9245	117.3632	1.0000	-0.0201	54.9236	92.4138	1.0000	1.0000	1.0004	0.4508	0.0268	67.3774	1.0000
80.0883	99.1409	216.7693	1.0000	79.2381	98.6145	211.7633	1.0000	1.0000	0.5848	0.0139	1.3529	125.2322	1.0000
80.5681	46.4968	218.8599	1.0000	52.2829	59.5556	118.7904	1.0000	36.0000	0.0457	0.4044	0.3199	49.6976	1.1555
35.3463	78.5146	-87.3379	1.0000	47.6689	87.6827	72.4679	1.0000	21.0000	0.0466	0.1232	0.1948	21.5528	1.3673
95.9121	79.0985	254.3579	1.0000	52.0577	86.8540	117.1526	1.0000	55.0000	0.0412	0.1315	0.3017	30.2376	1.2350
37.2813	81.9381	-41.5476	1.0000	47.5651	92.7587	71.4440	1.0000	17.0000	0.0487	0.0724	0.2062	20.0672	1.1388
75.4818	61.7429	49.1095	1.0000	52.4989	88.9255	118.4251	1.0000	37.0000	0.0500	0.1107	0.3158	30.6084	1.0394
1.6122	73.0945	141.9620	1.0000	1.1203	74.9842	92.1069	1.0000	2.0000	0.9776	0.2502	0.0234	54.9496	1.0242
68.1709	91.1872	76.1077	1.0000	68.1119	92.1855	93.3831	1.0000	1.0000	0.3622	0.0781	0.0376	20.0138	1.0000
65.7796	73.0381	24.5479	1.0000	53.2115	95.2497	120.5068	1.0000	27.0000	0.0642	0.0475	0.3390	31.0410	1.0580
81.9574	82.6715	222.6982	1.0000	52.1222	95.6984	117.4009	1.0000	38.0000	0.0424	0.0430	0.3045	27.8176	1.1673
83.9159	9.5276	224.3342	1.0000	52.1492	22.2868	117.5265	1.0000	40.0000	0.0430	0.7771	0.3058	82.4723	1.1685
45.0337	72.6897	-20.4139	1.0000	47.9246	73.1779	24.5861	1.0000	3.0000	0.0415	0.2682	0.7268	70.7299	1.0232
6.6612	46.1949	157.9663	1.0000	42.3170	95.7826	60.0548	1.0000	63.0000	0.1537	0.0422	0.3327	31.2015	1.0315
39.6896	16.4365	-33.3413	1.0000	47.5689	24.6260	74.0121	1.0000	13.0000	0.0486	0.7537	0.1776	77.0893	1.1439
16.4373	53.7364	-20.2488	1.0000	47.5734	81.7779	70.8441	1.0000	47.0000	0.0485	0.1822	0.2128	26.5496	1.1217
68.5446	40.2168	85.5118	1.0000	52.4650	62.9644	118.3738	1.0000	28.0000	0.0493	0.3704	0.3153	46.7203	1.0051
56.2345	49.4842	93.2623	1.0000	52.1182	57.4567	117.4004	1.0000	9.0000	0.0424	0.4254	0.3044	50.6478	1.0031
40.9741	55.9084	122.3509	1.0000	47.7309	78.8159	74.5331	1.0000	24.0000	0.0454	0.2118	0.1719	26.3276	1.0049
36.4466	10.0983	253.3391	1.0000	32.0331	12.0093	85.7577	1.0000	7.0000	0.3593	0.8799	0.0471	89.9064	1.4554
37.3897	76.0290	-21.9121	1.0000	47.6948	90.4570	75.1053	1.0000	19.0000	0.0461	0.0954	0.1655	17.8391	1.0716
61.0394	73.8361	-29.7432	1.0000	52.2165	94.9243	118.4590	1.0000	27.0000	0.0443	0.0508	0.3162	28.9929	1.1811
54.4187	20.9141	229.9925	1.0000	51.6635	19.9117	184.9925	1.0000	3.0000	0.0333	0.8009	1.0555	124.2597	1.0232
57.4073	2.9514	215.6093	1.0000	52.0994	4.3019	127.4707	1.0000	6.0000	0.0420	0.9570	0.4163	102.7939	1.0955
34.4235	48.0011	178.6469	1.0000	47.5718	94.6303	77.2953	1.0000	50.0000	0.0486	0.0537	0.1412	14.0050	1.0320
36.8584	90.4033	163.3737	1.0000	35.7118	92.9785	89.4553	1.0000	3.0000	0.2858	0.0702	0.0061	15.9296	1.0642
21.7748	35.6396	-8.2255	1.0000	47.6846	65.1096	74.3157	1.0000	43.0000	0.0463	0.3489	0.1743	38.3236	1.0958
78.0013	94.1604	204.5814	1.0000	62.6481	95.1584	145.2140	1.0000	16.0000	0.2530	0.0484	0.6135	56.8507	1.0399
73.1042	17.2668	50.6808	1.0000	52.2713	45.6625	118.4077	1.0000	36.0000	0.0454	0.5434	0.3156	61.3573	1.0222
82.6977	82.3520	150.5170	1.0000	54.8172	95.4905	128.4911	1.0000	33.0000	0.0963	0.0451	0.4277	39.0526	1.0707
37.1015	31.3322	-67.5846	1.0000	47.5390	39.4561	72.9552	1.0000	17.0000	0.0492	0.6054	0.1894	62.9455	1.2853
20.6618	20.2546	241.8882	1.0000	16.5402	22.0839	94.3375	1.0000	6.0000	0.6692	0.7792	0.0482	84.9075	1.3306
4.3647	7.6319	260.4892	1.0000	-0.1216	8.0577	113.1274	0.0000	6.0000	1.0024	0.9194	0.2570	107.2401	1.3314
72.4377	54.2312	-8.1365	1.0000	74.6695	57.0268	87.3135	1.0000	4.0000	0.4934	0.4297	0.0298	49.6235	1.1182
82.3168	15.1269	94.4657	1.0000	52.4621	39.8623	118.3698	1.0000	41.0000	0.0492	0.6014	0.3152	66.5391	1.0575
17.7385	47.4029	82.7158	1.0000	47.6440	92.9955	72.1790	1.0000	55.0000	0.0471	0.0700	0.1980	19.2925	1.0087
53.2293	27.7175	-15.6761	1.0000	52.3063	38.8309	118.3277	1.0000	14.0000	0.0461	0.6117	0.3148	67.4495	1.2554
67.3829	20.8656	22.2770	1.0000	52.4600	46.2468	118.3671	1.0000	31.0000	0.0492	0.5375	0.3152	60.8288	1.0529
42.5486	31.3202	17.3476	1.0000	47.5869	39.7565	71.3077	1.0000	10.0000	0.0483	0.6024	0.2077	63.1229	1.0177
35.8980	15.3287	96.0554	1.0000	47.5073	50.4312	77.4790	1.0000	37.0000	0.0499	0.4957	0.1391	51.1865	1.0007
96.3744	11.6063	267.1028	1.0000	52.2498	16.4041	118.2919	1.0000	57.0000	0.0450	0.8360	0.3144	88.2823	1.2842
38.6736	36.0168	257.3499	1.0000	34.2451	37.6760	86.8546	1.0000	7.0000	0.3151	0.6232	0.0349	64.3614	1.4802
2.6817	1.0941	108.6238	1.0000	47.6405	62.4806	71.6505	1.0000	77.0000	0.0472	0.3752	0.2039	41.8327	1.0120
62.0337	77.0574	151.4697	1.0000	52.1727	89.4687	117.6444	1.0000	16.0000	0.0435	0.1053	0.3072	29.6621	1.0094
57.6699	40.4654	20.3568	1.0000	52.3403	54.2337	118.6449	1.0000	16.0000	0.0468	0.4577	0.3183	54.0422	1.0837
55.5630	60.4906	86.5227	1.0000	52.0932	67.6503	117.3713	1.0000	8.0000	0.0419	0.3235	0.3041	42.4273	1.0055
51.7123	79.4571	82.2700	1.0000	51.7287	80.4569	89.0597	1.0000	1.0000	0.0346	0.1954	0.0104	19.6419	1.0000
68.8561	62.2050	224.1069	1.0000	52.2225	74.6430	118.6532	1.0000	23.0000	0.0444	0.2536	0.3184	38.3265	1.1074
66.5186	75.4297	-20.8988	1.0000	69.4132	78.6261	89.9966	1.0000	5.0000	0.3883	0.2137	0.0000	28.8742	1.1595
8.5457	27.1980	26.7394	1.0000	47.6091	67.8386	72.1322	1.0000	59.0000	0.0478	0.3216	0.1985	36.8691	1.0467
24.2344	69.9751	40.1908	1.0000	42.6354	95.7045	60.0605	1.0000	32.0000	0.1473	0.0430	0.3327	31.1298	1.0116
58.9662	35.8752	44.0553	1.0000	52.3725	49.7204	118.4409	1.0000	16.0000	0.0474	0.5028	0.3160	57.8149	1.0434
90.3860	57.8332	155.7380	1.0000	52.0953	74.8424	117.2849	1.0000	46.0000	0.0419	0.2516	0.3032	37.1721	1.0979
14.6097	36.5439	219.2564	1.0000	47.5437	90.7949	70.2832	1.0000	69.0000	0.0491	0.0921	0.2191	21.8980	1.0872
62.7479	12.1676	-82.8708	1.0000	52.1337	36.4150	117.4537	1.0000	35.0000	0.0427	0.6359	0.3050	69.2915	1.3223
90.2939	50.6071	-4.7093	1.0000	92.2622	53.5573	93.6124	1.0000	4.0000	0.8452	0.4644	0.0401	62.8973	1.1278
49.5321	28.2985	145.6570	1.0000	49.0235	29.1595	120.5709	1.0000	1.0000	0.0195	0.7084	0.3397	77.1616	1.0000
57.5232	22.4821	37.2174	1.0000	58.1757	25.3404	92.1404	1.0000	3.0000	0.1635	0.7466	0.0238	75.1364	1.0232
16.9002	38.4846	29.1699	1.0000	47.6562	75.6804	72.2024	1.0000	50.0000	0.0469	0.2432	0.1978	30.2274	1.0360
45.6586	68.7007	14.1289	1.0000	47.7630	70.7421	59.1289	1.0000	3.0000	0.0447	0.2926	0.3430	42.5917	1.0232
58.1746	39.7007	-54.6778	1.0000	52.1358	57.9888	117.4637	1.0000	25.0000	0.0427	0.4201	0.3052	50.2370	1.2981
44.5065	44.1542	43.3312	1.0000	47.7184	51.4438	75.3133	1.0000	8.0000	0.0456	0.4856	0.1632	50.7800	1.0043
44.9645	93.0320	62.3372	1.0000	46.3089	95.7135	64.6369	1.0000	3.0000	0.0738	0.0429	0.2818	25.9862	1.0001
3.0325	40.6601	265.3135	1.0000	-0.2026	39.2027	167.3883	0.0000	4.0000	1.0041	0.6080	0.8599	110.4788	1.1273
81.9506	31.4534	79.3629	1.0000	52.0553	57.4645	117.1446	1.0000	42.0000	0.0411	0.4254	0.3016	50.5008	1.0599
76.0946	30.6994	226.9902	1.0000	52.1752	42.9425	117.6578	1.0000	32.0000	0.0435	0.5706	0.3073	63.4448	1.1909
43.4036	73.3542	242.3141	1.0000	39.2930	75.1864	94.0889	1.0000	6.0000	0.2141	0.2481	0.0454	27.3326	1.3332
53.8071	76.8645	-89.6935	1.0000	52.2771	88.7734	118.4221	1.0000	21.0000	0.0455	0.1123	0.3158	30.6437	1.7490
70.4387	80.6255	120.7082	1.0000	58.4821	95.3852	128.4906	1.0000	19.0000	0.1696	0.0461	0.4277	39.6833	1.0003
68.4680	36.0895	39.0583	1.0000	52.1514	62.4906	117.5372	1.0000	32.0000	0.0430	0.3751	0.3060	46.5820	1.0311
3.7179	12.8752	120.5294	1.0000	47.5876	73.6228	70.7458	1.0000	76.0000	0.0482	0.2638	0.2139	32.7460	1.0143
87.2611	19.4513	-25.3844	1.0000	52.1465	46.9204	117.5136	1.0000	54.0000	0.0429	0.5308	0.3057	59.8252	1.2112
1.4921	59.9941	222.4243	1.0000	-0.4551	59.8228	172.8143	0.0000	2.0000	1.0091	0.4018	0.9202	104.9673	1.0232
90.1362	47.8864	-63.8633	1.0000	52.0562	74.6639	117.1476	1.0000	60.0000	0.0411	0.2534	0.3016	37.1906	1.2889
21.7019	52.2364	250.2922	1.0000	45.6512	95.2793	60.3250	1.0000	57.0000	0.0870	0.0472	0.3297	30.3612	1.1572
81.6050	30.1806	-15.8063	1.0000	52.0603	58.5516	117.1612	1.0000	48.0000	0.0412	0.4145	0.3018	49.5978	1.1718
89.6738	8.0115	4.0021	1.0000	52.1553	35.3290	117.5566	1.0000	54.0000	0.0431	0.6467	0.3062	70.3302	1.1635
18.0402	33.0997	-36.0901	1.0000	47.6153	59.2200	72.2142	1.0000	46.0000	0.0477	0.4078	0.1976	44.5537	1.1658
12.1405	35.1229	148.1341	1.0000	47.5616	88.9636	70.6358	1.0000	66.0000	0.0488	0.1104	0.2152	22.4214	1.0241
44.1199	82.0298	238.6134	1.0000	40.1198	84.0994	90.6705	1.0000	6.0000	0.1976	0.1590	0.0075	18.7323	1.3322
66.0265	26.4113	12.7334	1.0000	67.4906	29.8522	93.2948	1.0000	4.0000	0.3498	0.7015	0.0366	72.3705	1.0697
79.3346	50.4981	17.1159	1.0000	80.4698	53.0776	90.8715	1.0000	3.0000	0.6094	0.4692	0.0097	55.9542	1.0645
4.9394	89.6168	15.6077	1.0000	25.1651	95.2668	15.6077	1.0000	21.0000	0.4967	0.0473	0.8266	78.5710	1.0000
17.1746	62.3500	-82.3574	1.0000	47.6321	81.0860	74.9474	1.0000	52.0000	0.0474	0.1891	0.1673	24.2884	1.4542
31.3913	82.4556	127.7070	1.0000	36.1519	95.3560	63.3398	1.0000	14.0000	0.2770	0.0464	0.2962	30.3990	1.0181
85.5914	50.8771	230.9478	1.0000	52.1884	62.6300	117.7285	1.0000	42.0000	0.0438	0.3737	0.3081	46.5852	1.1861
20.9502	74.5742	86.6168	1.0000	35.9029	95.5362	60.4286	1.0000	26.0000	0.2819	0.0446	0.3286	33.0624	1.0098
83.7120	13.2115	-12.9553	1.0000	86.0659	15.8626	85.6962	1.0000	4.0000	0.7213	0.8414	0.0478	91.6427	1.1282
97.1581	3.6438	209.9354	1.0000	52.0515	17.7629	117.1325	1.0000	53.0000	0.0410	0.8224	0.3015	86.6217	1.1213
11.6063	65.8275	9.2096	1.0000	46.8023	95.6780	64.5048	1.0000	50.0000	0.0640	0.0432	0.2833	26.0559	1.0834
51.5363	70.3598	250.3542	1.0000	50.9678	69.5371	235.3542	1.0000	1.0000	0.0194	0.3046	1.6150	148.5152	1.0000
18.6500	3.3031	250.4400	1.0000	47.5203	53.7272	70.4562	1.0000	66.0000	0.0496	0.4627	0.2172	50.2919	1.1359
63.8079	44.8076	197.7739	1.0000	52.2060	54.4898	118.5905	1.0000	16.0000	0.0441	0.4551	0.3177	53.7909	1.0588
32.4847	95.8002	193.7641	1.0000	31.4993	95.9701	170.2214	1.0000	1.0000	0.3700	0.0403	0.8913	82.4257	1.0000
22.1819	61.1714	101.6508	1.0000	44.0034	95.4994	60.2208	1.0000	41.0000	0.1199	0.0450	0.3309	30.7085	1.0079
33.6571	38.3562	81.1233	1.0000	47.5639	79.0206	77.6555	1.0000	43.0000	0.0487	0.2098	0.1372	24.4633	1.0005
89.3780	67.1974	200.7867	1.0000	52.0798	82.1726	117.2286	1.0000	45.0000	0.0416	0.1783	0.3025	32.6119	1.1196
94.3260	68.2124	-65.7310	1.0000	52.1835	94.4401	117.7018	1.0000	64.0000	0.0437	0.0556	0.3078	28.3385	1.2893
82.1273	75.2303	135.3878	1.0000	52.2675	94.6774	118.2915	1.0000	38.0000	0.0453	0.0532	0.3144	28.8770	1.0664
43.6040	26.7192	188.5200	1.0000	41.4555	29.5386	89.9304	1.0000	4.0000	0.1709	0.7046	0.0008	70.9776	1.1284
75.2206	48.3301	1.4897	1.0000	52.2358	76.1028	118.4768	1.0000	40.0000	0.0447	0.2390	0.3164	37.2425	1.1096
63.8395	28.9409	86.0073	1.0000	52.3076	46.3072	118.8137	1.0000	21.0000	0.0462	0.5369	0.3202	60.9793	1.0074
72.2147	1.7694	221.1377	1.0000	68.7024	-0.0878	198.1329	0.0000	4.0000	0.3740	1.0009	1.2015	148.5263	1.0068
93.5366	79.1454	-26.2729	1.0000	59.8559	95.4842	129.1236	1.0000	47.0000	0.1971	0.0452	0.4347	40.5979	1.2555
64.2475	67.7733	72.2189	1.0000	64.2960	68.7721	87.2189	1.0000	1.0000	0.2859	0.3123	0.0309	34.4571	1.0000
50.0830	74.8445	-81.9044	1.0000	50.4767	73.9253	-66.8143	1.0000	1.0000	0.0095	0.2607	1.7424	158.9680	1.0000
86.2768	54.3596	244.9395	1.0000	52.1251	63.9252	117.4140	1.0000	44.0000	0.0425	0.3607	0.3046	45.3590	1.2406
98.2898	73.5836	105.1176	1.0000	53.1966	95.6219	120.0653	1.0000	55.0000	0.0639	0.0438	0.3341	30.5501	1.0958
37.0106	70.3210	-58.0956	1.0000	47.5993	79.4222	71.2987	1.0000	17.0000	0.0480	0.2058	0.2078	27.9096	1.2175
57.5619	23.6878	69.2877	1.0000	52.4023	34.2311	118.4998	1.0000	12.0000	0.0480	0.6577	0.3167	71.7186	1.0223
71.9769	62.0148	13.7279	1.0000	52.1052	91.8749	117.3262	1.0000	38.0000	0.0421	0.0813	0.3036	28.5862	1.0594
73.4399	98.9196	192.8999	1.0000	72.4530	98.7584	189.2778	1.0000	1.0000	0.4491	0.0124	1.1031	101.7927	1.0000
90.6108	6.3123	120.8425	1.0000	52.0512	27.9960	117.1312	1.0000	48.0000	0.0410	0.7200	0.3015	76.9733	1.0850
80.2616	65.4204	-87.0024	1.0000	52.2974	91.2962	118.8906	1.0000	51.0000	0.0459	0.0870	0.3210	30.2606	1.3386
73.3826	15.1877	240.0488	1.0000	52.4580	24.8549	118.3640	1.0000	29.0000	0.0492	0.7515	0.3152	80.3576	1.2581
25.7360	2.9712	-40.9877	1.0000	47.6010	26.7762	74.2854	1.0000	38.0000	0.0480	0.7322	0.1746	74.9295	1.1756
22.5134	50.1066	179.6813	1.0000	47.5212	95.0383	70.2151	1.0000	54.0000	0.0496	0.0496	0.2198	20.5477	1.0501
13.2915	85.8093	-84.1039	1.0000	43.5587	95.6344	60.5699	1.0000	46.0000	0.1288	0.0437	0.3270	30.4414	1.4455
67.1892	79.8591	188.4930	1.0000	52.0499	94.5682	117.1267	1.0000	22.0000	0.0410	0.0543	0.3014	27.7410	1.0422
44.8169	18.4475	253.9564	1.0000	47.6628	43.2501	73.5753	1.0000	31.0000	0.0467	0.5675	0.1825	59.1252	1.2417
5.8968	9.4038	125.9066	1.0000	47.7513	69.0007	73.2686	1.0000	74.0000	0.0450	0.3100	0.1859	35.2981	1.0161
97.7036	80.0118	26.9840	1.0000	60.3635	95.0439	129.9758	1.0000	46.0000	0.2073	0.0496	0.4442	41.5936	1.1428
4.4505	32.0628	-21.1574	1.0000	47.5725	63.5807	71.9555	1.0000	60.0000	0.0486	0.3642	0.2005	40.7169	1.1233
70.4890	95.5376	161.5261	1.0000	69.5164	95.7703	166.5474	1.0000	1.0000	0.3903	0.0423	0.8505	79.1093	1.0000
51.6147	54.5136	118.0017	1.0000	51.1845	55.4164	115.4794	1.0000	1.0000	0.0237	0.4458	0.2831	51.3644	1.0000
5.4827	16.9442	269.5729	1.0000	47.5640	80.2482	70.6713	1.0000	86.0000	0.0487	0.1975	0.2148	27.7429	1.1314
8.6393	89.3054	-51.9414	1.0000	37.0341	95.2022	60.1256	1.0000	34.0000	0.2593	0.0480	0.3319	32.9183	1.1724
15.3849	47.5674	244.9417	1.0000	44.7806	95.7943	60.4290	1.0000	64.0000	0.1044	0.0421	0.3286	30.3212	1.1332
88.5817	3.0227	-10.3063	1.0000	90.8127	5.7765	88.3881	1.0000	4.0000	0.8163	0.9422	0.0179	102.6954	1.1286
75.1831	71.2378	140.6353	1.0000	52.2719	90.2029	118.4286	1.0000	31.0000	0.0454	0.0980	0.3159	30.1551	1.0423
21.3683	65.0759	64.9606	1.0000	42.2466	95.3268	60.4649	1.0000	37.0000	0.1551	0.0467	0.3282	30.8914	1.0066
95.0058	36.1231	145.7798	1.0000	52.4822	53.1857	118.3989	1.0000	50.0000	0.0496	0.4681	0.3155	54.8109	1.0912
87.7042	5.7502	-76.0240	1.0000	52.1887	31.8436	117.7303	1.0000	58.0000	0.0438	0.6816	0.3081	73.6142	1.3161
32.9752	47.1508	230.5683	1.0000	29.0182	49.5781	89.9052	1.0000	6.0000	0.4196	0.5042	0.0011	54.6133	1.2925
34.2055	23.7401	-76.2573	1.0000	47.5316	36.0383	72.4527	1.0000	23.0000	0.0494	0.6396	0.1950	66.3709	1.2684
1.4575	33.7616	240.9340	1.0000	-0.3328	32.9829	190.9648	0.0000	2.0000	1.0067	0.6702	1.1218	131.2196	1.0244
35.2509	34.5150	134.1741	1.0000	34.9862	36.4522	85.6295	1.0000	2.0000	0.3003	0.6355	0.0486	65.4434	1.0229
89.7488	68.2715	85.5722	1.0000	52.2222	93.0521	118.6590	1.0000	49.0000	0.0444	0.0695	0.3184	29.5728	1.0896
2.9782	53.3566	137.4649	1.0000	2.6283	55.2768	87.7354	1.0000	2.0000	0.9474	0.4472	0.0252	65.1872	1.0246
82.2174	68.8441	158.0209	1.0000	52.4893	85.3529	118.4097	1.0000	37.0000	0.0498	0.1465	0.3157	32.0601	1.0881
62.4138	96.8071	40.9042	1.0000	62.8272	97.7176	65.5818	1.0000	1.0000	0.2565	0.0228	0.2713	27.6766	1.0000
4.6252	27.2315	73.0151	1.0000	47.5623	85.3771	70.7910	1.0000	73.0000	0.0488	0.1462	0.2134	24.2643	1.0100
60.4048	37.5142	155.6580	1.0000	52.1972	47.3273	117.7720	1.0000	13.0000	0.0439	0.5267	0.3086	59.5863	1.0162
66.6899	29.6811	162.2847	1.0000	52.2532	45.7557	118.2469	1.0000	22.0000	0.0451	0.5424	0.3139	61.1997	1.0182
44.7683	21.1330	78.2468	1.0000	47.5260	30.7366	77.7032	1.0000	10.0000	0.0495	0.6926	0.1366	70.3899	1.0008
30.4601	32.1151	261.7394	1.0000	47.6855	71.0202	72.0971	1.0000	51.0000	0.0463	0.2898	0.1989	34.1423	1.1986
63.2519	70.8869	157.8090	1.0000	52.3170	83.6064	118.7441	1.0000	17.0000	0.0463	0.1639	0.3194	33.1714	1.0135
3.5009	29.5322	209.5140	1.0000	0.5408	32.4053	86.2779	1.0000	5.0000	0.9892	0.6759	0.0414	83.8398	1.2121
70.2715	80.2010	-23.4516	1.0000	63.1766	95.5467	128.5908	1.0000	21.0000	0.2635	0.0445	0.4288	41.0207	1.2421
4.1297	15.5133	-15.6934	1.0000	47.7337	49.5197	75.6147	1.0000	62.0000	0.0453	0.5048	0.1598	52.5389	1.1212
82.5238	44.4355	123.7382	1.0000	52.3484	65.5035	118.5475	1.0000	39.0000	0.0470	0.3450	0.3172	44.8384	1.0597
8.1265	0.6946	163.2098	1.0000	7.0006	3.2738	88.5974	1.0000	3.0000	0.8600	0.9673	0.0156	105.8625	1.0660
58.5236	85.9939	231.2816	1.0000	52.3262	86.6085	131.2702	1.0000	7.0000	0.0465	0.1339	0.4586	43.4508	1.1240
74.5987	56.5992	159.0739	1.0000	52.2425	74.0265	118.3883	1.0000	30.0000	0.0448	0.2597	0.3154	38.5428	1.0583
30.2613	6.3216	233.3286	1.0000	26.2335	8.5582	91.5136	1.0000	6.0000	0.4753	0.9144	0.0168	94.4920	1.3023
14.4680	62.2304	54.4227	1.0000	40.1553	95.0409	60.0933	1.0000	42.0000	0.1969	0.0496	0.3323	31.8736	1.0079
80.3479	89.6226	-77.4447	1.0000	84.7525	91.2565	94.2111	1.0000	7.0000	0.6950	0.0874	0.0468	36.0821	1.4900
36.7522	35.6229	133.6081	1.0000	47.5628	73.9113	74.3838	1.0000	40.0000	0.0487	0.2609	0.1735	30.5029	1.0054
97.8136	38.1379	47.7687	1.0000	52.1325	64.1497	117.4480	1.0000	59.0000	0.0427	0.3585	0.3050	45.2016	1.1224
31.7753	58.3214	94.2466	1.0000	47.5262	93.9238	77.3131	1.0000	39.0000	0.0495	0.0608	0.1410	14.2828	1.0018
31.1329	80.3924	261.1437	1.0000	35.2083	95.8164	60.3451	1.0000	24.0000	0.2958	0.0418	0.3295	33.4022	1.5044
69.6030	36.3000	188.6776	1.0000	52.0651	52.2418	117.1775	1.0000	25.0000	0.0413	0.4776	0.3020	54.9884	1.0548
85.7351	70.5097	249.3266	1.0000	52.0982	79.3226	117.2962	1.0000	44.0000	0.0420	0.2068	0.3033	34.3080	1.2654
16.4266	33.1087	-2.0070	1.0000	47.5224	62.6965	70.4093	1.0000	47.0000	0.0496	0.3730	0.2177	42.2076	1.0950
42.1906	65.1098	33.8937	1.0000	47.6847	75.7103	73.1714	1.0000	12.0000	0.0463	0.2429	0.1870	29.6404	1.0051
80.7063	25.2798	237.5568	1.0000	52.3725	35.4142	118.4230	1.0000	37.0000	0.0474	0.6459	0.3158	70.6033	1.2296
86.9667	18.1919	89.3405	1.0000	52.4368	43.1540	118.3378	1.0000	46.0000	0.0487	0.5685	0.3149	63.5645	1.0796
89.3731	64.5110	113.7738	1.0000	52.2226	87.0413	118.6536	1.0000	47.0000	0.0445	0.1296	0.3184	31.5261	1.0817
27.8208	1.2427	216.0801	1.0000	47.7188	42.9900	72.5417	1.0000	51.0000	0.0456	0.5701	0.1940	59.6669	1.1028
22.7735	45.5163	142.2406	1.0000	22.2421	47.3977	93.6014	1.0000	2.0000	0.5552	0.5260	0.0400	59.5858	1.0230
49.7113	47.4026	263.6773	1.0000	49.3424	46.4731	248.3500	1.0000	1.0000	0.0132	0.5353	1.7594	167.1535	1.0000
4.0861	36.8095	55.1949	1.0000	47.7724	94.3905	73.0129	1.0000	73.0000	0.0446	0.0561	0.1887	18.0275	1.0100
34.4981	27.4900	-15.7836	1.0000	47.7110	47.5009	73.8926	1.0000	25.0000	0.0458	0.5250	0.1790	54.9622	1.0426
61.4845	77.2307	64.3563	1.0000	61.5933	79.2106	94.3563	1.0000	2.0000	0.2319	0.2079	0.0484	24.1988	1.0086
63.0109	45.1131	122.6883	1.0000	52.3853	59.5975	118.3629	1.0000	18.0000	0.0477	0.4040	0.3151	49.4217	1.0020
63.7130	64.0954	204.9810	1.0000	52.4836	72.4186	118.2747	1.0000	15.0000	0.0497	0.2758	0.3142	39.5772	1.0731
23.5419	6.4860	186.2790	1.0000	21.4564	9.3724	89.2393	1.0000	4.0000	0.5709	0.9063	0.0085	95.0194	1.1233
20.3788	82.2875	235.8925	1.0000	16.4626	84.5332	88.4904	1.0000	6.0000	0.6707	0.1547	0.0168	36.9629	1.3291
18.2175	95.7871	195.8372	1.0000	17.2285	95.9354	171.4744	1.0000	1.0000	0.6554	0.0406	0.9053	87.9123	1.0000
16.6280	97.7742	251.7290	1.0000	15.9493	97.0398	227.2567	1.0000	1.0000	0.6810	0.0296	1.5251	141.4483	1.0000
72.3634	87.8941	162.8153	1.0000	59.0157	95.4989	128.5991	1.0000	16.0000	0.1803	0.0450	0.4289	39.8928	1.0415
73.5270	37.3633	-86.4508	1.0000	52.1697	63.6205	117.6292	1.0000	45.0000	0.0434	0.3638	0.3070	45.7335	1.3295
86.2273	64.4517	83.1485	1.0000	52.1159	90.0860	117.3728	1.0000	46.0000	0.0423	0.0991	0.3041	29.1897	1.0780
36.6279	93.8814	-59.5143	1.0000	43.7046	95.6656	60.0389	1.0000	9.0000	0.1259	0.0433	0.3329	30.9206	1.2332
13.4752	11.5147	53.4932	1.0000	47.5195	59.0373	70.4355	1.0000	59.0000	0.0496	0.4096	0.2174	45.4628	1.0093
93.4070	76.2762	268.7112	1.0000	52.4248	80.6066	118.3261	1.0000	54.0000	0.0485	0.1939	0.3147	34.4144	1.3104
2.2832	43.7093	216.2311	1.0000	-0.4643	44.3514	142.3657	0.0000	3.0000	1.0093	0.5565	0.5818	91.5728	1.0633
33.1815	98.4527	54.1569	1.0000	33.6544	99.3339	61.7815	1.0000	1.0000	0.3269	0.0067	0.3135	32.6176	1.0000
68.9793	86.8589	150.6620	1.0000	59.6749	95.7061	128.5002	1.0000	13.0000	0.1935	0.0429	0.4278	39.9288	1.0125
54.0677	16.0623	250.7717	1.0000	51.8474	14.1477	205.7717	1.0000	3.0000	0.0369	0.8585	1.2864	144.1427	1.0232
65.0219	41.2764	194.0069	1.0000	52.2538	52.7492	118.2186	1.0000	18.0000	0.0451	0.4725	0.3135	55.0818	1.0486
6.7703	44.6522	0.8603	1.0000	47.5282	76.9508	70.2841	1.0000	57.0000	0.0494	0.2305	0.2191	30.4318	1.0961
80.3651	41.7547	240.7761	1.0000	52.3285	51.4257	118.6677	1.0000	37.0000	0.0466	0.4857	0.3185	56.4510	1.2476
78.7469	39.8957	-39.5707	1.0000	52.1123	67.9851	117.3570	1.0000	47.0000	0.0422	0.3201	0.3040	42.1642	1.2142
82.2921	33.0591	-89.6211	1.0000	52.3925	58.5764	118.3307	1.0000	53.0000	0.0479	0.4142	0.3148	50.2421	1.3483
82.5356	55.1109	63.2169	1.0000	82.5698	56.1103	88.0390	1.0000	1.0000	0.6514	0.4389	0.0218	54.6895	1.0000
5.4563	40.9760	207.6437	1.0000	42.9119	95.4235	60.4264	1.0000	71.0000	0.1418	0.0458	0.3286	30.7536	1.0743
11.4253	1.6635	94.2540	1.0000	47.5998	53.6562	70.8722	1.0000	64.0000	0.0480	0.4634	0.2125	50.1934	1.0104
33.1114	1.6565	91.7484	1.0000	47.5544	44.2484	77.5800	1.0000	45.0000	0.0489	0.5575	0.1380	57.1706	1.0006
24.5226	72.0613	211.5027	1.0000	21.3920	74.7791	90.3037	1.0000	5.0000	0.5722	0.2522	0.0034	38.1393	1.2060
44.2612	23.7904	252.5019	1.0000	47.6486	49.6087	75.0297	1.0000	32.0000	0.0470	0.5039	0.1663	52.6205	1.2289
12.8235	70.6182	17.9268	1.0000	43.2554	95.5806	60.0097	1.0000	42.0000	0.1349	0.0442	0.3332	31.0554	1.0671
96.2802	47.9813	-25.1742	1.0000	52.1262	75.0519	117.4192	1.0000	63.0000	0.0425	0.2495	0.3047	37.1314	1.2164
85.6721	52.0712	59.5336	1.0000	52.2663	78.1321	118.2571	1.0000	46.0000	0.0453	0.2187	0.3140	35.8023	1.0857
33.7167	78.8020	166.7567	1.0000	38.1752	95.0711	65.8035	1.0000	18.0000	0.2365	0.0493	0.2688	27.3786	1.0671
20.7965	32.6436	221.9168	1.0000	47.5862	81.2415	71.0315	1.0000	61.0000	0.0483	0.1876	0.2108	26.7864	1.0992
71.6070	30.3129	-5.1752	1.0000	73.7075	33.2131	89.8303	1.0000	4.0000	0.4742	0.6679	0.0019	70.8700	1.1170
87.4831	2.6249	55.0992	1.0000	52.2725	28.6026	118.4450	1.0000	48.0000	0.0454	0.7140	0.3161	76.8887	1.0970
94.9386	19.5511	17.8441	1.0000	96.0172	22.1509	92.4481	1.0000	3.0000	0.9203	0.7785	0.0272	90.4658	1.0659
81.8615	27.7210	165.3751	1.0000	52.2476	44.0720	118.3201	1.0000	37.0000	0.0450	0.5593	0.3147	62.7297	1.0938
25.6502	78.0658	-32.5067	1.0000	44.8102	95.5600	60.1361	1.0000	30.0000	0.1038	0.0444	0.3318	30.6350	1.1563
92.4574	34.4485	239.2645	1.0000	52.4368	44.2482	118.3378	1.0000	49.0000	0.0487	0.5575	0.3149	62.5878	1.1892
46.9715	64.0194	-87.7066	1.0000	47.8030	62.2192	-57.7066	1.0000	2.0000	0.0439	0.3778	1.6412	152.4777	1.0086
58.7777	38.0283	179.3166	1.0000	52.0914	43.3527	117.8829	1.0000	9.0000	0.0418	0.5665	0.3098	63.1723	1.0530
91.9302	65.4764	230.9318	1.0000	52.3274	76.7068	118.6748	1.0000	48.0000	0.0465	0.2329	0.3186	37.0167	1.1661
75.3524	22.0142	123.6291	1.0000	52.4210	42.9896	118.3225	1.0000	32.0000	0.0484	0.5701	0.3147	63.7041	1.0297
51.3721	88.0163	101.9616	1.0000	51.1177	88.9834	104.7341	1.0000	1.0000	0.0224	0.1102	0.1637	18.4312	1.0000
74.7852	96.3127	74.9939	1.0000	74.6288	97.3004	98.9981	1.0000	1.0000	0.4926	0.0270	0.1000	26.3597	1.0000
29.0923	94.3098	-13.8803	1.0000	34.6758	95.4806	41.5890	1.0000	6.0000	0.3065	0.0452	0.5379	50.9792	1.0517
84.1052	33.2703	179.4559	1.0000	52.3594	48.6935	118.4889	1.0000	39.0000	0.0472	0.5131	0.3165	58.7328	1.1050
83.0296	88.8529	22.0982	1.0000	82.1382	95.0787	124.2787	1.0000	7.0000	0.6428	0.0492	0.3809	47.2452	1.1130
57.4856	27.9480	11.4754	1.0000	59.0016	31.3815	91.0397	1.0000	4.0000	0.1800	0.6862	0.0116	69.2142	1.0657
59.7955	3.7096	36.6235	1.0000	60.4752	6.5616	91.5945	1.0000	3.0000	0.2095	0.9344	0.0177	94.0373	1.0232
98.9218	67.1801	48.4965	1.0000	52.1489	93.0478	117.5252	1.0000	60.0000	0.0430	0.0695	0.3058	28.4709	1.1226
98.4128	44.4763	-3.7764	1.0000	100.0603	45.5244	44.9469	0.0000	2.0000	1.0012	0.5448	0.5006	86.6222	1.0242
19.8913	95.5507	153.6657	1.0000	19.2611	96.3271	129.0659	1.0000	1.0000	0.6148	0.0367	0.4341	49.8449	1.0000
90.3377	81.2185	21.0905	1.0000	61.8405	95.2571	138.7903	1.0000	37.0000	0.2368	0.0474	0.5421	50.4300	1.1647
83.2205	97.8241	200.7765	1.0000	82.2582	97.5523	195.7700	1.0000	1.0000	0.6452	0.0245	1.1752	110.6068	1.0000
59.8834	24.1545	226.0646	1.0000	52.3123	26.4888	118.0981	1.0000	9.0000	0.0462	0.7351	0.3122	78.7321	1.1360
33.3923	55.4949	-50.2846	1.0000	47.7140	73.4596	75.7136	1.0000	26.0000	0.0457	0.2654	0.1587	30.2278	1.1317
0.4718	28.1192	266.0743	1.0000	-0.7865	26.6254	217.4681	0.0000	2.0000	1.0157	0.7337	1.4163	155.5995	1.0240
90.9749	33.0872	212.8914	1.0000	52.4553	46.3638	118.3606	1.0000	46.0000	0.0491	0.5364	0.3151	60.7223	1.1290
43.3833	2.6039	28.6840	1.0000	47.5256	10.5026	72.3912	1.0000	9.0000	0.0495	0.8950	0.1957	91.2468	1.0091
25.9257	0.3631	77.3478	1.0000	47.6608	37.2720	71.9763	1.0000	43.0000	0.0468	0.6273	0.2003	65.3080	1.0039
83.3729	5.3683	269.6836	1.0000	81.5535	-0.2791	239.6161	0.0000	6.0000	0.6311	1.0028	1.6624	182.8565	1.0112
69.6097	93.1979	22.1788	1.0000	70.6283	95.8435	92.3966	1.0000	3.0000	0.4126	0.0416	0.0266	21.1790	1.0582
38.4468	39.4893	-2.8963	1.0000	47.6315	54.2602	74.5837	1.0000	18.0000	0.0474	0.4574	0.1713	48.3260	1.0349
58.1947	27.8244	76.4870	1.0000	58.1688	28.8240	91.4870	1.0000	1.0000	0.1634	0.7118	0.0165	71.6586	1.0000
94.7299	9.8881	90.2393	1.0000	52.2929	34.6137	118.9257	1.0000	54.0000	0.0459	0.6539	0.3214	71.5355	1.0995
95.6866	0.3406	165.2161	1.0000	52.1907	16.3078	117.7413	1.0000	51.0000	0.0438	0.8369	0.3082	88.1973	1.1007
46.5570	32.2198	73.6331	1.0000	47.5593	36.0908	73.5668	1.0000	4.0000	0.0488	0.6391	0.1826	66.0333	1.0003
20.0644	90.3965	-57.5237	1.0000	38.9999	95.4547	61.5559	1.0000	26.0000	0.2200	0.0455	0.3160	30.8338	1.3266
34.7734	94.1848	-83.6900	1.0000	43.2094	95.7356	61.2969	1.0000	12.0000	0.1358	0.0426	0.3189	29.8021	1.3990
51.4478	81.9143	92.2132	1.0000	51.3271	82.9070	96.9291	1.0000	1.0000	0.0265	0.1709	0.0770	18.4918	1.0000
89.9618	40.9592	197.1945	1.0000	52.2973	55.5471	118.8918	1.0000	45.0000	0.0459	0.4445	0.3210	53.0667	1.1141
29.5560	46.7861	246.5388	1.0000	47.6518	86.7175	71.5747	1.0000	51.0000	0.0470	0.1328	0.2047	22.8349	1.1633
96.1454	25.6825	154.3079	1.0000	52.4581	41.9046	118.3644	1.0000	51.0000	0.0492	0.5810	0.3152	64.6966	1.0944
48.0992	88.3752	207.5229	1.0000	45.8139	95.2929	72.1704	1.0000	10.0000	0.0837	0.0471	0.1981	18.9097	1.3726
43.5293	93.3223	111.7453	1.0000	43.5809	94.3210	87.0431	1.0000	1.0000	0.1284	0.0568	0.0329	9.0663	1.0000
74.5130	97.2536	186.2315	1.0000	73.5168	97.1663	185.0044	1.0000	1.0000	0.4703	0.0283	1.0556	97.9128	1.0000
63.9053	6.0684	87.5709	1.0000	52.3397	23.4238	118.5980	1.0000	21.0000	0.0468	0.7658	0.3178	81.7755	1.0069
73.0195	13.9996	113.8606	1.0000	52.1309	39.2093	117.4405	1.0000	33.0000	0.0426	0.6079	0.3049	66.7310	1.0080
37.2062	64.4938	141.5436	1.0000	36.7236	66.3867	91.9198	1.0000	2.0000	0.2655	0.3361	0.0213	36.1912	1.0238
85.6894	45.1872	231.9640	1.0000	52.2405	56.6195	118.4143	1.0000	42.0000	0.0448	0.4338	0.3157	51.9063	1.1882
41.4091	61.0152	73.4087	1.0000	47.6990	83.1330	73.5846	1.0000	23.0000	0.0460	0.1687	0.1824	23.6486	1.0002
41.9080	23.1918	-7.9867	1.0000	47.6283	30.5675	73.0719	1.0000	10.0000	0.0474	0.6943	0.1881	71.5057	1.0714
28.2667	55.9632	131.1168	1.0000	47.5384	92.7795	70.3575	1.0000	42.0000	0.0492	0.0722	0.2183	21.0719	1.0107
72.6754	9.1315	241.9143	1.0000	52.1411	19.2427	117.4875	1.0000	29.0000	0.0428	0.8076	0.3054	85.3340	1.2670
20.2185	61.6896	-41.5660	1.0000	47.5073	85.4834	70.5656	1.0000	43.0000	0.0499	0.1452	0.2159	24.3853	1.1877
7.2177	43.5487	175.2515	1.0000	43.3396	95.4085	60.1076	1.0000	66.0000	0.1332	0.0459	0.3321	30.9678	1.0443
7.4394	33.4869	182.9800	1.0000	47.5789	94.0562	70.7836	1.0000	76.0000	0.0484	0.0594	0.2135	20.2598	1.0459
14.6637	68.6931	39.4730	1.0000	38.9994	95.8115	60.0465	1.0000	37.0000	0.2200	0.0419	0.3328	32.1833	1.0155
32.0156	60.5001	85.4167	1.0000	46.4555	95.6314	70.8344	1.0000	38.0000	0.0709	0.0437	0.2130	19.9742	1.0004
53.0644	68.3115	-89.6461	1.0000	58.0943	69.6455	94.3962	1.0000	9.0000	0.1619	0.3035	0.0488	31.7213	1.7295
60.4269	38.7749	266.3445	1.0000	52.0741	38.5252	117.8318	1.0000	11.0000	0.0415	0.6147	0.3092	67.5134	1.3163
18.1392	23.1128	-81.1908	1.0000	47.7287	42.0268	76.3344	1.0000	51.0000	0.0454	0.5797	0.1518	59.6054	1.4522
92.5083	9.5971	239.5865	1.0000	52.4739	19.2764	118.3864	1.0000	49.0000	0.0495	0.8072	0.3154	85.6050	1.1897
1.8000	65.1163	158.4450	1.0000	26.4996	95.5797	45.0000	1.0000	41.0000	0.4700	0.0442	0.5000	50.9589	1.0454
95.0311	49.4558	138.4905	1.0000	52.1367	67.9904	117.4675	1.0000	51.0000	0.0427	0.3201	0.3052	42.2332	1.0914
62.8674	21.7651	210.3335	1.0000	52.2401	29.0074	117.9582	1.0000	14.0000	0.0448	0.7099	0.3106	76.3323	1.0886
33.2840	32.5472	208.7227	1.0000	30.1440	35.3520	91.5950	1.0000	5.0000	0.3971	0.6465	0.0177	67.6474	1.1876
48.5943	79.4930	-35.0956	1.0000	49.5334	79.1494	-20.0956	1.0000	1.0000	0.0093	0.2085	1.2233	112.0536	1.0000
14.2850	37.1795	12.4757	1.0000	47.6685	70.3603	73.7607	1.0000	51.0000	0.0466	0.2964	0.1804	33.8771	1.0835
34.5973	64.5766	253.0624	1.0000	30.0823	66.4078	87.8151	1.0000	7.0000	0.3984	0.3359	0.0243	39.1142	1.4367
81.3048	6.2604	17.6659	1.0000	82.4047	8.8540	91.7510	1.0000	3.0000	0.6481	0.9115	0.0195	96.7508	1.0649
9.7612	92.0346	124.3314	1.0000	10.5530	95.8345	63.7312	1.0000	4.0000	0.7889	0.0417	0.2919	47.5759	1.0305
2.9629	16.2589	-76.2933	1.0000	47.5598	38.6960	71.9473	1.0000	65.0000	0.0488	0.6130	0.2006	63.9533	1.3020
1.6840	26.3343	-41.8705	1.0000	47.5231	56.5317	72.6960	1.0000	64.0000	0.0495	0.4347	0.1923	46.8514	1.1659
61.1963	1.5287	-39.9921	1.0000	64.7984	4.8067	88.9056	1.0000	6.0000	0.2960	0.9519	0.0122	96.3429	1.2319
10.7539	61.0849	176.3254	1.0000	35.3467	95.4839	60.3275	1.0000	45.0000	0.2931	0.0452	0.3297	33.4002	1.0642
75.2550	52.0483	-26.3698	1.0000	78.1524	55.0239	94.3219	1.0000	5.0000	0.5630	0.4498	0.0480	53.2362	1.2039
77.7410	64.3970	-74.9595	1.0000	52.3097	91.0912	118.7978	1.0000	48.0000	0.0462	0.0891	0.3200	30.2327	1.3019
72.9932	33.1904	-48.7219	1.0000	52.3546	60.8221	118.5142	1.0000	42.0000	0.0471	0.3918	0.3168	48.5131	1.2178
36.2877	59.5279	106.6078	1.0000	47.7752	95.7180	73.8684	1.0000	38.0000	0.0445	0.0428	0.1792	16.8379	1.0008
5.4127	70.8240	89.0634	1.0000	27.1770	95.2685	45.0000	1.0000	33.0000	0.4565	0.0473	0.5000	50.6782	1.0083
87.7256	38.9205	45.9092	1.0000	52.2076	65.5019	117.8418	1.0000	49.0000	0.0442	0.3450	0.3094	44.3865	1.1045
47.9230	54.8780	163.5673	1.0000	47.6784	62.2967	74.9145	1.0000	8.0000	0.0464	0.3770	0.1676	40.6756	1.0778
55.6458	21.8418	70.9999	1.0000	55.7156	22.8394	85.9999	1.0000	1.0000	0.1143	0.7716	0.0444	77.4754	1.0000
43.1621	18.6448	125.0444	1.0000	47.5258	34.9439	76.5969	1.0000	17.0000	0.0495	0.6506	0.1489	66.4685	1.0075
62.3773	89.2508	138.7257	1.0000	57.2940	95.4237	128.4984	1.0000	8.0000	0.1459	0.0458	0.4278	39.4496	1.0004
94.3512	22.1813	-30.3792	1.0000	97.3497	25.0122	92.9666	1.0000	5.0000	0.9470	0.7499	0.0330	88.7354	1.2125
11.4216	63.9824	44.2882	1.0000	38.3647	95.7504	60.0444	1.0000	42.0000	0.2327	0.0425	0.3328	32.4157	1.0083
86.0031	3.9249	140.1051	1.0000	52.1234	22.7523	117.4063	1.0000	42.0000	0.0425	0.7725	0.3045	81.9928	1.0836
86.3263	88.5898	55.5144	1.0000	83.0594	95.5022	136.1358	1.0000	8.0000	0.6612	0.0450	0.5126	56.9356	1.0464
92.9400	89.9891	-30.7859	1.0000	95.9564	92.7999	92.6167	1.0000	5.0000	0.9191	0.0720	0.0291	46.5905	1.2127
63.0278	67.7469	-32.2760	1.0000	52.0999	91.9275	117.3034	1.0000	31.0000	0.0420	0.0807	0.3034	28.5491	1.1683
39.0047	10.7386	-0.0717	1.0000	47.6002	23.6787	70.9437	1.0000	16.0000	0.0480	0.7632	0.2117	78.7010	1.0299
26.3635	85.0328	-59.3287	1.0000	43.3870	95.5750	61.0260	1.0000	27.0000	0.1323	0.0442	0.3219	30.0467	1.3484
88.0259	16.1914	238.9205	1.0000	52.2216	26.5918	117.9332	1.0000	45.0000	0.0444	0.7341	0.3104	78.5746	1.2069
11.0809	29.8303	-27.4482	1.0000	47.5263	59.8953	72.9194	1.0000	54.0000	0.0495	0.4010	0.1898	43.6606	1.1430
85.3990	62.7102	-2.8952	1.0000	52.3318	90.1317	118.6471	1.0000	50.0000	0.0466	0.0987	0.3183	30.3887	1.1639
31.4111	58.8224	-56.3140	1.0000	47.5696	78.2132	73.2647	1.0000	29.0000	0.0486	0.2179	0.1859	27.5797	1.1489
86.6783	64.7156	133.8715	1.0000	52.1162	84.4032	117.3740	1.0000	43.0000	0.0423	0.1560	0.3042	31.5765	1.0810
21.0181	58.2243	237.8255	1.0000	17.0302	60.3325	90.3917	1.0000	6.0000	0.6594	0.3967	0.0044	51.5817	1.3301
16.7508	45.6714	242.3229	1.0000	12.6452	47.5134	93.9379	1.0000	6.0000	0.7471	0.5249	0.0438	64.5425	1.3334
0.7588	53.3135	-40.8594	1.0000	47.6564	83.9222	73.6907	1.0000	65.0000	0.0469	0.1608	0.1812	23.0213	1.1607
90.6264	62.6734	195.1119	1.0000	52.1626	77.6564	117.5930	1.0000	46.0000	0.0433	0.2234	0.3066	35.5708	1.1144
48.1032	99.4544	240.6579	1.0000	47.3860	98.7575	224.1803	1.0000	1.0000	0.0523	0.0124	1.4909	134.2115	1.0000
7.3517	95.8240	153.7742	1.0000	6.7275	96.6053	128.6208	1.0000	1.0000	0.8654	0.0339	0.4291	58.0999	1.0000
46.7359	20.9383	194.5947	1.0000	47.6712	36.5929	73.5740	1.0000	18.0000	0.0466	0.6341	0.1825	65.5416	1.1478
59.2311	71.7603	172.0812	1.0000	52.1433	78.1850	116.8971	1.0000	10.0000	0.0429	0.2182	0.2989	34.6979	1.0453
27.9331	63.3822	-28.7450	1.0000	47.5960	86.9046	71.5277	1.0000	34.0000	0.0481	0.1310	0.2052	22.7705	1.1090
39.1781	35.2577	238.9191	1.0000	35.1690	37.3443	91.3552	1.0000	6.0000	0.2966	0.6266	0.0151	64.4014	1.3275
63.0071	3.1539	190.4479	1.0000	52.2023	12.4638	118.5017	1.0000	15.0000	0.0440	0.8754	0.3167	92.0857	1.0517
58.1214	8.7346	155.6743	1.0000	52.3283	15.3710	117.9060	1.0000	9.0000	0.0466	0.8463	0.3101	89.1416	1.0216
3.8502	94.6246	167.5908	1.0000	3.0518	95.2267	142.9793	1.0000	1.0000	0.9390	0.0477	0.5887	70.9487	1.0000
84.8969	8.1340	259.3636	1.0000	77.0512	-0.2204	199.2450	0.0000	12.0000	0.5410	1.0022	1.2138	150.6996	1.0470
90.1173	4.5237	-51.4066	1.0000	52.0862	31.5625	117.2512	1.0000	59.0000	0.0417	0.6844	0.3028	73.6931	1.2644
44.5281	36.2823	235.0424	1.0000	40.6470	38.5803	87.4745	1.0000	6.0000	0.1871	0.6142	0.0281	62.1790	1.3303
85.0384	38.8451	3.2542	1.0000	52.3290	66.0635	118.6645	1.0000	49.0000	0.0466	0.3394	0.3185	44.4832	1.1515
77.9050	15.3442	-81.6171	1.0000	82.4288	16.6141	89.6020	1.0000	7.0000	0.6486	0.8339	0.0044	89.4706	1.4898
7.2679	73.0940	242.3052	1.0000	3.1701	74.9469	93.7440	1.0000	6.0000	0.9366	0.2505	0.0416	53.2420	1.3342
47.6525	71.6139	-51.9460	1.0000	48.4517	71.0128	-36.9460	1.0000	1.0000	0.0310	0.2899	1.4105	130.2227	1.0000
40.8801	36.1593	104.0120	1.0000	47.7179	58.0935	74.3053	1.0000	23.0000	0.0456	0.4191	0.1744	44.8072	1.0011
28.4869	52.9127	-79.9185	1.0000	47.6523	69.2081	74.7050	1.0000	36.0000	0.0470	0.3079	0.1699	34.4614	1.4310
15.2576	46.3963	15.0843	1.0000	47.6093	79.5752	73.2417	1.0000	50.0000	0.0478	0.2042	0.1862	26.5278	1.0790
91.8109	82.7891	-19.8571	1.0000	64.0292	95.3339	152.9204	1.0000	39.0000	0.2806	0.0467	0.6991	64.6341	1.2794
90.2058	8.6629	243.9003	1.0000	52.0645	18.4691	117.1755	1.0000	48.0000	0.0413	0.8153	0.3020	85.9655	1.2188
30.0436	24.9381	-36.7683	1.0000	47.5568	46.8051	71.5581	1.0000	31.0000	0.0489	0.5319	0.2049	56.3540	1.1065
38.0047	23.3600	-9.4502	1.0000	47.6222	37.6613	73.1825	1.0000	18.0000	0.0476	0.6234	0.1869	64.6111	1.0444
56.4050	86.5498	-54.3279	1.0000	57.1843	95.0074	127.8259	1.0000	13.0000	0.1437	0.0499	0.4203	38.8245	1.5306
61.9811	48.6842	72.2976	1.0000	62.0283	49.6831	87.2976	1.0000	1.0000	0.2406	0.5032	0.0300	51.8051	1.0000
42.1115	62.0558	-88.1135	1.0000	48.3216	59.7200	31.8865	1.0000	8.0000	0.0336	0.4028	0.6457	70.7282	1.2057
92.5502	45.1361	9.2251	1.0000	52.3940	71.9244	118.3245	1.0000	56.0000	0.0479	0.2808	0.3147	39.9531	1.1601
60.5792	54.9512	-48.3680	1.0000	52.3938	75.8753	118.3256	1.0000	28.0000	0.0479	0.2412	0.3147	37.2837	1.2462
57.0295	1.1988	251.7006	1.0000	55.7339	-0.3023	221.7006	0.0000	2.0000	0.1147	1.0030	1.4633	165.6456	1.0086
24.5831	4.1341	191.5454	1.0000	47.6283	48.3059	71.8065	1.0000	53.0000	0.0474	0.5169	0.2022	54.8535	1.0638
85.0256	61.7269	225.3864	1.0000	52.2166	74.1805	118.4450	1.0000	41.0000	0.0443	0.2582	0.3161	38.4796	1.1683
27.8930	12.6236	101.3666	1.0000	47.7665	49.4469	73.5233	1.0000	42.0000	0.0447	0.5055	0.1831	53.2173	1.0037
36.6935	29.2576	61.2556	1.0000	47.6689	50.5558	73.9625	1.0000	24.0000	0.0466	0.4944	0.1782	52.0323	1.0017
78.1673	53.1125	-36.4193	1.0000	81.4693	55.5894	86.1593	1.0000	5.0000	0.6294	0.4441	0.0427	54.5653	1.2113
22.6918	98.5980	242.9003	1.0000	21.9102	97.9741	218.5978	1.0000	1.0000	0.5618	0.0203	1.4289	131.6454	1.0000
20.0593	90.9108	205.4299	1.0000	18.0210	95.8179	65.3083	1.0000	7.0000	0.6396	0.0418	0.2744	40.6180	1.3174
80.3769	36.0902	232.4109	1.0000	52.0976	47.7568	117.2937	1.0000	37.0000	0.0420	0.5224	0.3033	58.9805	1.2095
17.7573	87.5428	174.6591	1.0000	18.7994	95.0874	50.7706	1.0000	9.0000	0.6240	0.0491	0.4359	50.3643	1.1817
78.9357	30.3548	197.9838	1.0000	52.2759	45.2904	118.5568	1.0000	34.0000	0.0455	0.5471	0.3173	61.7561	1.1126
14.0595	60.1733	140.0942	1.0000	13.6270	62.0771	90.2549	1.0000	2.0000	0.7275	0.3792	0.0028	52.5472	1.0244
94.4450	86.6834	215.2096	1.0000	54.7512	95.6920	128.4911	1.0000	45.0000	0.0950	0.0431	0.4277	39.0218	1.1056
45.9064	88.8714	115.6807	1.0000	47.2564	95.6771	76.1028	1.0000	7.0000	0.0549	0.0432	0.1544	14.8104	1.0089
37.3636	86.2791	99.7288	1.0000	40.4825	95.7666	70.8326	1.0000	10.0000	0.1904	0.0423	0.2130	21.8150	1.0013
94.9126	29.4243	220.2572	1.0000	52.0828	42.5039	117.2393	1.0000	51.0000	0.0417	0.5750	0.3027	63.6562	1.1388
97.4567	70.6228	228.2237	1.0000	52.0635	82.6284	117.1720	1.0000	54.0000	0.0413	0.1737	0.3019	32.3164	1.1501
6.9749	56.7739	-34.2318	1.0000	47.6666	86.4493	73.0542	1.0000	58.0000	0.0467	0.1355	0.1883	21.8226	1.1516
45.3749	41.8265	71.7840	1.0000	47.7239	50.5117	74.7278	1.0000	9.0000	0.0455	0.4949	0.1697	51.8412	1.0003
80.3759	1.7570	62.1357	1.0000	80.4324	2.7554	86.7618	1.0000	1.0000	0.6086	0.9724	0.0360	101.9467	1.0000
3.3263	97.0366	60.7072	1.0000	3.8898	97.8627	55.7001	1.0000	1.0000	0.9222	0.0214	0.3811	57.5083	1.0000
25.2892	73.5558	-88.8603	1.0000	47.6917	86.4685	71.9848	1.0000	41.0000	0.0462	0.1353	0.2002	22.6490	1.5856
80.0236	18.0368	195.2623	1.0000	52.3170	33.0294	118.7454	1.0000	35.0000	0.0463	0.6697	0.3194	72.9159	1.1110
78.9994	28.9995	-2.9150	1.0000	80.9084	32.0011	94.3501	1.0000	4.0000	0.6182	0.6800	0.0483	74.8205	1.1245
33.7864	95.2169	8.2619	1.0000	34.7126	95.5939	22.1502	1.0000	1.0000	0.3057	0.0441	0.7539	69.6901	1.0000
72.4056	8.7872	-81.8701	1.0000	77.0473	9.9121	86.0683	1.0000	7.0000	0.5409	0.9009	0.0437	94.1427	1.4657
72.0488	7.0563	112.3898	1.0000	52.3646	32.1386	118.4624	1.0000	32.0000	0.0473	0.6786	0.3162	73.6265	1.0036
23.6107	36.6640	179.2074	1.0000	47.7051	81.0345	72.1572	1.0000	53.0000	0.0459	0.1897	0.1983	26.1405	1.0497
85.2475	6.2541	-86.8180	1.0000	52.2637	31.8677	118.1826	1.0000	56.0000	0.0453	0.6813	0.3131	73.7658	1.3410
95.8311	10.2255	268.2888	1.0000	86.5329	-0.1773	193.1460	0.0000	15.0000	0.7307	1.0018	1.1461	148.3551	1.0751
19.9205	1.6325	248.3650	1.0000	47.5557	50.7146	70.4455	1.0000	64.0000	0.0489	0.4929	0.2173	53.0793	1.1362
52.6924	97.8281	256.1829	1.0000	52.2104	96.9519	241.1829	1.0000	1.0000	0.0442	0.0305	1.6798	151.2298	1.0000
26.7741	54.2932	-26.1443	1.0000	47.5844	79.0706	72.5563	1.0000	36.0000	0.0483	0.2093	0.1938	27.3525	1.1126
20.2420	84.3570	21.3125	1.0000	35.8176	95.3647	60.3830	1.0000	20.0000	0.2836	0.0464	0.3291	33.1631	1.0486
81.0055	65.9249	-38.0193	1.0000	52.1659	93.9777	117.6096	1.0000	49.0000	0.0433	0.0602	0.3068	28.3417	1.2179
36.3127	96.2274	213.4200	1.0000	35.3244	96.0752	188.7548	1.0000	1.0000	0.2935	0.0392	1.0973	99.9164	1.0000
88.7537	4.1778	9.9274	1.0000	52.4887	31.0271	118.4088	1.0000	52.0000	0.0498	0.6897	0.3157	74.6359	1.1524
89.0026	75.8924	221.0387	1.0000	52.1203	88.9496	117.3924	1.0000	45.0000	0.0424	0.1105	0.3044	29.6133	1.1501
97.4847	53.5748	1.3977	1.0000	52.1204	80.5627	117.3926	1.0000	62.0000	0.0424	0.1944	0.3044	33.6550	1.1746
82.4064	5.1039	-58.2192	1.0000	86.3790	7.2241	90.0625	1.0000	6.0000	0.7276	0.9278	0.0007	99.6534	1.3325
67.0502	88.7367	46.9683	1.0000	65.3291	95.0903	125.8302	1.0000	7.0000	0.3066	0.0491	0.3981	39.2797	1.0634
67.9071	85.3440	259.7106	1.0000	52.2188	93.3963	118.0661	1.0000	22.0000	0.0444	0.0660	0.3118	28.9178	1.2476
81.8003	21.9496	216.8411	1.0000	52.3896	35.1297	118.3434	1.0000	37.0000	0.0478	0.6487	0.3149	70.8323	1.1480
83.9325	20.7505	198.3897	1.0000	52.2828	35.5187	118.7852	1.0000	39.0000	0.0457	0.6448	0.3198	70.6515	1.1167
99.5555	84.4344	-2.5742	1.0000	100.4883	84.7947	21.1168	0.0000	1.0000	1.0098	0.1521	0.7654	86.7477	1.0000
86.0294	99.5349	69.3632	1.0000	85.9521	100.5319	94.4313	1.0000	1.0000	0.7190	0.0053	0.0492	36.2281	1.0000
74.1511	64.0237	216.8581	1.0000	52.4606	77.1781	118.3677	1.0000	29.0000	0.0492	0.2282	0.3152	36.4914	1.1432
3.8965	76.4198	-52.4220	1.0000	43.7696	95.7444	60.9058	1.0000	53.0000	0.1246	0.0426	0.3233	30.0566	1.1961
9.2269	37.7733	-16.8288	1.0000	47.7623	69.4918	74.6120	1.0000	56.0000	0.0448	0.3051	0.1710	34.2425	1.1220
49.4068	31.1933	122.3228	1.0000	49.0108	32.1115	113.3279	1.0000	1.0000	0.0198	0.6789	0.2592	71.7915	1.0000
8.5870	99.3574	83.5066	1.0000	8.9228	100.2993	70.3790	1.0000	1.0000	0.8215	0.0030	0.2180	45.5237	1.0000
93.4366	84.1391	253.4413	1.0000	52.2175	91.7665	118.3774	1.0000	52.0000	0.0444	0.0823	0.3153	29.6308	1.2405
60.5163	61.6152	221.7010	1.0000	52.3280	64.9936	117.5642	1.0000	10.0000	0.0466	0.3501	0.3063	44.6167	1.1289
39.2805	23.7273	-5.2439	1.0000	47.6023	36.6081	74.4440	1.0000	16.0000	0.0480	0.6339	0.1728	65.3167	1.0434
64.2708	21.1614	242.5466	1.0000	52.0930	26.9592	118.3116	1.0000	16.0000	0.0419	0.7304	0.3146	78.3638	1.1863
83.5655	71.8083	-30.7999	1.0000	86.5859	74.6165	92.4748	1.0000	5.0000	0.7317	0.2538	0.0275	44.5979	1.2124
91.6377	54.2336	14.0839	1.0000	92.8843	56.7556	88.6932	1.0000	3.0000	0.8577	0.4324	0.0145	60.9168	1.0664
62.2796	12.1453	-13.1568	1.0000	64.8234	15.7543	90.1882	1.0000	5.0000	0.2965	0.8425	0.0021	85.5401	1.1324
47.9346	76.7494	54.0595	1.0000	48.3923	77.6386	62.7657	1.0000	1.0000	0.0322	0.2236	0.3026	35.2750	1.0000
79.9149	82.7832	144.0202	1.0000	56.3848	95.0998	128.4938	1.0000	28.0000	0.1277	0.0490	0.4277	39.3262	1.0543
75.7928	55.9429	51.8485	1.0000	52.4499	82.7894	118.3536	1.0000	37.0000	0.0490	0.1721	0.3150	33.2586	1.0400
80.3691	10.2792	-61.7684	1.0000	84.4749	12.1309	86.1669	1.0000	6.0000	0.6895	0.8787	0.0426	94.4679	1.3321
78.9719	81.0538	252.1847	1.0000	52.2471	88.9453	118.3266	1.0000	37.0000	0.0449	0.1105	0.3147	30.4902	1.3278
77.8049	34.3258	235.1672	1.0000	52.2799	45.1109	118.6914	1.0000	34.0000	0.0456	0.5489	0.3188	61.9775	1.2270
78.1314	86.0706	119.4536	1.0000	61.9551	95.0036	137.5005	1.0000	19.0000	0.2391	0.0500	0.5278	49.2360	1.0282
87.4880	82.8053	-55.6042	1.0000	91.3557	85.1187	92.8091	1.0000	6.0000	0.8271	0.1488	0.0312	44.0413	1.3313
41.7980	22.6156	254.6662	1.0000	47.7344	56.9089	74.8139	1.0000	41.0000	0.0453	0.4309	0.1687	45.7449	1.1781
19.5273	93.4044	-46.6171	1.0000	36.1044	95.4794	60.1651	1.0000	20.0000	0.2779	0.0452	0.3315	33.2212	1.1971
0.0199	93.2685	148.4222	1.0000	-0.5283	94.1048	123.2458	0.0000	1.0000	1.0106	0.0590	0.3694	60.7713	1.0000
95.5514	3.5745	146.8653	1.0000	52.2247	20.8963	118.6255	1.0000	51.0000	0.0445	0.7910	0.3181	84.1532	1.0930
37.8798	87.3613	111.9012	1.0000	37.9336	88.3598	86.9152	1.0000	1.0000	0.2413	0.1164	0.0343	17.0472	1.0000
74.6001	8.5963	263.3050	1.0000	52.0626	14.6842	117.1689	1.0000	34.0000	0.0413	0.8532	0.3019	89.5611	1.4564
95.0345	86.8425	244.8377	1.0000	52.4963	95.5061	118.4208	1.0000	52.0000	0.0499	0.0449	0.3158	28.8820	1.1978
5.6756	3.5435	193.8046	1.0000	47.7649	66.7300	72.9405	1.0000	80.0000	0.0447	0.3327	0.1895	37.4555	1.0537
93.2709	33.7076	-16.0112	1.0000	52.2710	60.7458	118.4005	1.0000	59.0000	0.0454	0.3925	0.3156	48.5040	1.2013
80.7591	88.9983	199.0097	1.0000	58.4855	95.0174	128.5953	1.0000	25.0000	0.1697	0.0498	0.4288	39.8300	1.0835
34.7853	26.5350	175.2883	1.0000	47.5055	72.4252	77.6815	1.0000	49.0000	0.0499	0.2757	0.1369	30.3041	1.0290
42.3717	83.7785	-32.1775	1.0000	47.8974	86.5552	63.5428	1.0000	7.0000	0.0421	0.1344	0.2940	29.7517	1.1319
49.1904	55.0723	190.6957	1.0000	48.1946	55.1637	174.7578	1.0000	1.0000	0.0361	0.4484	0.9418	95.9032	1.0000
25.9266	18.8266	-81.2946	1.0000	47.7098	34.4518	74.4722	1.0000	40.0000	0.0458	0.6555	0.1725	67.4012	1.4921
72.2265	51.7716	236.2010	1.0000	52.1829	62.7505	117.6982	1.0000	28.0000	0.0437	0.3725	0.3078	46.4702	1.2252
57.1878	87.8791	241.1091	1.0000	51.8626	87.1216	147.6492	1.0000	6.0000	0.0373	0.1288	0.6405	59.0996	1.1155
71.0310	4.6004	76.0988	1.0000	52.3536	31.5303	118.5194	1.0000	33.0000	0.0471	0.6847	0.3169	74.2091	1.0069
83.6037	11.5589	-2.8906	1.0000	52.4937	39.0439	118.4167	1.0000	48.0000	0.0499	0.6096	0.3157	67.3006	1.1563
36.3011	42.2578	185.9464	1.0000	34.2242	45.1566	89.3450	1.0000	4.0000	0.3155	0.5484	0.0073	57.0711	1.1217
53.0288	46.9997	121.8863	1.0000	52.1016	48.7717	117.0028	1.0000	2.0000	0.0420	0.5123	0.3000	57.9475	1.0001
38.4526	44.0667	-36.6882	1.0000	47.7267	54.6419	75.8004	1.0000	16.0000	0.0455	0.4536	0.1578	47.5831	1.1375
39.3665	14.8645	244.8583	1.0000	47.7093	54.4721	74.8956	1.0000	46.0000	0.0458	0.4553	0.1678	48.0228	1.1365
27.2639	74.2429	180.2514	1.0000	37.0886	95.8207	60.2461	1.0000	26.0000	0.2582	0.0418	0.3306	32.7027	1.0966
1.4156	16.2561	104.5233	1.0000	47.7810	79.0823	73.4075	1.0000	79.0000	0.0444	0.2092	0.1844	26.7915	1.0117
27.7813	10.4617	258.6887	1.0000	23.2033	11.8361	90.9106	1.0000	7.0000	0.5359	0.8816	0.0101	92.1508	1.4645
15.4601	48.6782	-38.0587	1.0000	47.6116	76.4635	74.2916	1.0000	50.0000	0.0478	0.2354	0.1745	28.3976	1.1766
31.7931	76.5952	47.9389	1.0000	42.7054	95.6945	60.2958	1.0000	22.0000	0.1459	0.0431	0.3300	30.8883	1.0001
39.8960	77.5902	9.5768	1.0000	47.6639	91.1933	75.1377	1.0000	16.0000	0.0467	0.0881	0.1651	17.4328	1.0214
15.2859	41.0944	47.6184	1.0000	47.5036	86.2746	69.9693	1.0000	56.0000	0.0499	0.1373	0.2226	24.4100	1.0092
30.9157	47.0779	-56.5734	1.0000	47.5216	67.0364	73.3125	1.0000	30.0000	0.0496	0.3296	0.1854	37.0299	1.1555
35.7896	65.0996	138.5541	1.0000	35.3897	67.0130	89.5887	1.0000	2.0000	0.2922	0.3299	0.0046	36.0800	1.0232
17.4610	18.6151	54.6383	1.0000	47.6796	62.7772	72.3912	1.0000	54.0000	0.0464	0.3722	0.1957	41.2430	1.0091
77.2600	2.0358	43.6312	1.0000	77.5962	3.9618	92.2677	1.0000	2.0000	0.5519	0.9604	0.0252	99.9502	1.0230
92.3587	34.3060	105.1977	1.0000	52.2531	58.2626	118.2489	1.0000	51.0000	0.0451	0.4174	0.3139	50.4488	1.0917
50.2358	91.0926	241.2794	1.0000	49.5447	90.3699	226.2794	1.0000	1.0000	0.0091	0.0963	1.5142	136.6200	1.0000
31.5142	97.2805	99.6851	1.0000	31.6591	98.2700	81.6669	1.0000	1.0000	0.3668	0.0173	0.0926	20.2194	1.0000
89.1999	96.3231	101.5531	1.0000	88.8263	97.2507	111.9405	1.0000	1.0000	0.7765	0.0275	0.2438	44.6814	1.0000
75.0639	5.3640	234.9993	1.0000	52.2842	16.1539	118.8329	1.0000	31.0000	0.0457	0.8385	0.3204	88.6946	1.2299
49.9896	16.7842	73.5094	1.0000	50.1888	17.7641	78.5070	1.0000	1.0000	0.0038	0.8224	0.1277	83.0353	1.0000
42.1506	90.7877	177.7418	1.0000	41.1999	95.8504	70.7456	1.0000	6.0000	0.1760	0.0415	0.2139	21.5730	1.1648
33.7941	88.0540	66.7592	1.0000	37.0709	95.3521	65.7389	1.0000	8.0000	0.2586	0.0465	0.2696	27.8813	1.0000
44.4574	25.5746	68.3746	1.0000	47.7471	36.0537	75.6652	1.0000	11.0000	0.0451	0.6395	0.1593	65.5720	1.0015
85.2219	17.4364	80.8390	1.0000	52.1630	43.1855	117.5948	1.0000	45.0000	0.0433	0.5681	0.3066	63.1984	1.0739
13.0427	26.4227	247.8545	1.0000	47.5706	82.7892	70.8873	1.0000	74.0000	0.0486	0.1721	0.2124	25.8343	1.1195
78.1192	29.1269	-2.9119	1.0000	80.0333	32.1272	94.1866	1.0000	4.0000	0.6007	0.6787	0.0465	74.3387	1.1239
15.5227	91.7916	-74.3804	1.0000	39.0212	95.0626	61.4110	1.0000	33.0000	0.2196	0.0494	0.3177	31.0200	1.3909
28.9893	51.4149	-11.1547	1.0000	47.6780	78.4613	75.3233	1.0000	35.0000	0.0464	0.2154	0.1631	26.1670	1.0646
30.3963	58.5522	102.0567	1.0000	47.7452	92.2005	73.2882	1.0000	38.0000	0.0451	0.0780	0.1857	18.5796	1.0038
86.2198	48.7476	159.0758	1.0000	52.4662	64.9778	118.3755	1.0000	41.0000	0.0493	0.3502	0.3153	45.1421	1.0947
58.6336	33.2518	261.9908	1.0000	52.1899	31.5246	141.9802	1.0000	8.0000	0.0438	0.6848	0.5776	85.9977	1.1992
69.6020	67.4192	223.6790	1.0000	52.2515	80.0900	118.2684	1.0000	24.0000	0.0450	0.1991	0.3141	34.6494	1.1171
7.1242	76.2636	258.6240	1.0000	2.7166	77.8370	86.1863	1.0000	7.0000	0.9457	0.2216	0.0424	52.3589	1.4957
25.8221	1.5999	-64.8494	1.0000	26.9004	-0.0822	-54.8322	0.0000	2.0000	0.4620	1.0008	1.6092	177.5568	1.0010
20.0148	36.2452	174.5984	1.0000	47.7146	84.4049	72.9268	1.0000	58.0000	0.0457	0.1560	0.1897	23.2363	1.0440
69.9246	64.5333	244.1955	1.0000	52.1741	74.9749	117.6515	1.0000	25.0000	0.0435	0.2503	0.3072	37.3576	1.2140
80.8557	14.5978	-26.2892	1.0000	52.1152	42.8631	117.3696	1.0000	48.0000	0.0423	0.5714	0.3041	63.3892	1.1908
63.0661	43.7597	215.0072	1.0000	52.3191	50.5798	117.4758	1.0000	14.0000	0.0464	0.4942	0.3053	56.5920	1.0999
98.2311	37.4038	110.0353	1.0000	52.3785	60.0108	118.3945	1.0000	56.0000	0.0476	0.3999	0.3155	49.1024	1.0954
55.6552	10.0534	123.4248	1.0000	52.4672	15.1230	118.6389	1.0000	6.0000	0.0493	0.8488	0.3182	89.6124	1.0019
57.5074	65.3370	37.6545	1.0000	58.1388	68.2000	92.5633	1.0000	3.0000	0.1628	0.3180	0.0285	32.9249	1.0232
43.3713	23.7265	31.2837	1.0000	47.6042	31.6022	71.1288	1.0000	9.0000	0.0479	0.6840	0.2097	70.9938	1.0066
24.7366	35.9804	-18.8079	1.0000	47.5220	61.8151	70.9124	1.0000	38.0000	0.0496	0.3818	0.2121	42.7617	1.1031
99.8567	43.3458	150.6084	1.0000	52.3315	59.9276	118.6485	1.0000	55.0000	0.0466	0.4007	0.3183	49.3150	1.0927
31.3079	7.0188	37.9900	1.0000	47.5495	35.6837	70.3233	1.0000	33.0000	0.0490	0.6432	0.2186	67.3035	1.0016
5.4575	40.1802	-6.6727	1.0000	47.5857	72.8088	72.0513	1.0000	59.0000	0.0483	0.2719	0.1994	32.6702	1.1072
78.4865	17.7767	97.7563	1.0000	52.4055	41.9557	118.3108	1.0000	37.0000	0.0481	0.5804	0.3146	64.6253	1.0404
91.1206	23.3643	202.2040	1.0000	52.4279	37.5122	118.3290	1.0000	46.0000	0.0486	0.6249	0.3148	68.6524	1.1166
65.3356	38.9844	-51.9944	1.0000	69.3466	41.3903	86.6912	1.0000	6.0000	0.3869	0.5861	0.0368	61.8089	1.2828
4.5838	30.4894	-69.6586	1.0000	47.5442	54.5734	72.5639	1.0000	63.0000	0.0491	0.4543	0.1937	48.7199	1.2792
33.2739	74.7593	100.8026	1.0000	40.3234	95.5796	70.6620	1.0000	22.0000	0.1935	0.0442	0.2149	22.0711	1.0008
21.7154	61.6265	7.4283	1.0000	47.5256	92.3155	72.5114	1.0000	43.0000	0.0495	0.0768	0.1943	19.2620	1.0723
34.0221	81.1034	9.3920	1.0000	42.9345	95.2654	61.7933	1.0000	17.0000	0.1413	0.0473	0.3134	29.4611	1.0160
84.2677	82.6621	197.3111	1.0000	53.4329	95.4746	118.8543	1.0000	37.0000	0.0687	0.0453	0.3206	29.4081	1.1081
42.4050	46.7507	246.1271	1.0000	47.7203	77.7836	74.6375	1.0000	37.0000	0.0456	0.2222	0.1707	27.1067	1.1752
68.6166	66.0451	192.5299	1.0000	52.3827	80.7932	118.3746	1.0000	23.0000	0.0477	0.1921	0.3153	34.3467	1.0487
96.2117	39.4456	26.4550	1.0000	52.4758	65.4277	118.3892	1.0000	58.0000	0.0495	0.3457	0.3154	44.8031	1.1401
49.8358	70.2432	231.8341	1.0000	49.0343	69.6453	216.7220	1.0000	1.0000	0.0193	0.3035	1.4080	130.3104	1.0000
84.1322	41.5981	169.8047	1.0000	52.3835	57.4528	118.3712	1.0000	39.0000	0.0477	0.4255	0.3152	51.1944	1.0990
96.8065	50.9399	249.5155	1.0000	52.1657	59.2844	117.6084	1.0000	55.0000	0.0433	0.4072	0.3068	49.2410	1.2111
7.9085	1.1741	20.6315	1.0000	47.7677	39.5671	74.4166	1.0000	59.0000	0.0446	0.6043	0.1731	62.4497	1.0661
75.2684	94.1235	247.3000	1.0000	57.5075	95.2626	128.5734	1.0000	23.0000	0.1501	0.0474	0.4286	39.5817	1.2923
52.5104	43.5802	199.4846	1.0000	51.5135	43.5020	184.4846	1.0000	1.0000	0.0303	0.5650	1.0498	110.0984	1.0000
1.5454	80.1593	153.3532	1.0000	11.0707	95.0382	45.0117	1.0000	19.0000	0.7786	0.0496	0.4999	59.6997	1.0755
15.6961	38.1927	210.0160	1.0000	12.7126	41.0414	86.7731	1.0000	5.0000	0.7457	0.5896	0.0359	69.8347	1.2121
22.2121	12.9101	-38.8046	1.0000	47.5319	37.9524	73.3027	1.0000	42.0000	0.0494	0.6205	0.1855	64.3024	1.1794
1.8501	13.2942	265.3087	1.0000	-0.4092	11.6186	191.5406	0.0000	3.0000	1.0082	0.8838	1.1282	143.7458	1.0665
36.2291	35.0967	37.2501	1.0000	47.6781	57.2533	74.6216	1.0000	25.0000	0.0464	0.4275	0.1709	45.4881	1.0024
30.2428	92.9398	111.3344	1.0000	30.2779	93.9392	87.9895	1.0000	1.0000	0.3944	0.0606	0.0223	20.7301	1.0000
90.9836	62.2601	54.3263	1.0000	52.0922	88.5303	117.2734	1.0000	52.0000	0.0418	0.1147	0.3030	29.6609	1.1080
68.3131	80.5213	-59.4447	1.0000	62.4734	95.6545	128.5080	1.0000	23.0000	0.2495	0.0435	0.4279	40.7104	1.4179
89.8564	46.4119	-40.7609	1.0000	52.0854	73.7559	117.2485	1.0000	58.0000	0.0417	0.2624	0.3028	37.8891	1.2438
70.6297	10.5033	242.3159	1.0000	52.2077	20.8227	117.8424	1.0000	26.0000	0.0442	0.7918	0.3094	83.9590	1.2313
95.4177	21.2032	114.4192	1.0000	52.2167	43.3832	118.5015	1.0000	53.0000	0.0443	0.5662	0.3167	63.4249	1.0914
21.7989	13.7196	74.8760	1.0000	47.6541	54.9564	71.5787	1.0000	49.0000	0.0469	0.4504	0.2047	48.7213	1.0067
34.4205	69.5550	89.8606	1.0000	41.4765	95.6167	74.8444	1.0000	27.0000	0.1705	0.0438	0.1684	17.9319	1.0000
19.2832	74.9340	117.3729	1.0000	19.2359	75.9329	92.7139	1.0000	1.0000	0.6153	0.2407	0.0302	39.1538	1.0000
75.5771	68.2795	52.5510	1.0000	52.4146	95.3788	118.3170	1.0000	37.0000	0.0483	0.0462	0.3146	28.7930	1.0379
5.7136	46.9305	121.1412	1.0000	42.4063	95.7906	60.2100	1.0000	62.0000	0.1519	0.0421	0.3310	31.0295	1.0147
76.4734	33.2217	258.0138	1.0000	52.2649	40.0105	118.2170	1.0000	35.0000	0.0453	0.5999	0.3135	66.3330	1.3921
64.1134	76.9312	-4.4826	1.0000	55.5684	95.3551	128.4905	1.0000	23.0000	0.1114	0.0464	0.4277	39.1677	1.1325
67.2307	72.7433	32.5250	1.0000	68.0723	75.5310	90.2885	1.0000	3.0000	0.3614	0.2447	0.0032	30.4208	1.0302
91.4696	13.7695	-29.8648	1.0000	94.4455	16.6255	93.4031	1.0000	5.0000	0.8889	0.8337	0.0378	94.5425	1.2122
30.3703	53.2100	57.3215	1.0000	47.7081	84.7119	72.6660	1.0000	36.0000	0.0458	0.1529	0.1926	23.2259	1.0012
24.2616	45.0571	-58.7041	1.0000	47.5078	65.6357	73.1320	1.0000	40.0000	0.0498	0.3436	0.1874	38.3621	1.2884
1.4313	84.5297	210.5908	1.0000	-0.5137	84.7436	161.7964	0.0000	2.0000	1.0103	0.1526	0.7977	89.1018	1.0221
10.8833	30.4381	0.1921	1.0000	47.7443	64.0286	75.4009	1.0000	55.0000	0.0451	0.3597	0.1622	38.8865	1.1029
73.0409	54.4062	153.3991	1.0000	52.0694	72.5242	117.1921	1.0000	29.0000	0.0414	0.2748	0.3021	38.7119	1.0464
55.6599	86.7963	23.5610	1.0000	53.7007	95.6691	118.8536	1.0000	10.0000	0.0740	0.0433	0.3206	29.4106	1.1005
7.8088	78.4393	251.3925	1.0000	16.6628	95.5573	45.0012	1.0000	27.0000	0.6667	0.0444	0.5000	56.1783	1.4010
54.5237	43.0308	245.3471	1.0000	52.1323	41.3347	200.3471	1.0000	3.0000	0.0426	0.5867	1.2261	124.9906	1.0232
48.3253	53.2813	78.7163	1.0000	48.5844	54.2471	74.9832	1.0000	1.0000	0.0283	0.4575	0.1669	48.1751	1.0000
39.2280	59.2742	172.3334	1.0000	47.5553	92.0431	76.7115	1.0000	35.0000	0.0489	0.0796	0.1477	15.6803	1.0352
9.0154	79.6029	246.6342	1.0000	16.6112	95.6675	45.0037	1.0000	25.0000	0.6678	0.0433	0.5000	56.1983	1.4069
28.7612	51.7922	155.2887	1.0000	47.7208	90.2656	72.4666	1.0000	44.0000	0.0456	0.0973	0.1948	20.1835	1.0258
72.0776	58.5247	74.1754	1.0000	52.3324	85.8952	118.6431	1.0000	34.0000	0.0466	0.1410	0.3183	32.0127	1.0074
64.9956	6.1340	125.1743	1.0000	52.4665	22.9391	118.3760	1.0000	21.0000	0.0493	0.7706	0.3153	82.1563	1.0018
82.4678	78.9370	169.0723	1.0000	52.0975	95.4985	117.2932	1.0000	38.0000	0.0420	0.0450	0.3033	27.7414	1.0985
80.4013	53.9437	-18.5438	1.0000	52.0691	82.2818	117.1913	1.0000	47.0000	0.0414	0.1772	0.3021	32.5205	1.1729
42.7516	19.5669	224.1330	1.0000	47.6230	48.2801	73.8078	1.0000	33.0000	0.0475	0.5172	0.1799	54.2474	1.1331
95.6219	97.5181	51.9271	1.0000	95.8691	98.4871	75.6886	1.0000	1.0000	0.9174	0.0151	0.1590	48.0737	1.0000
72.1516	31.2955	14.4644	1.0000	73.4836	33.7923	85.7332	1.0000	3.0000	0.4697	0.6621	0.0474	70.3786	1.0601
64.6642	24.7709	51.3674	1.0000	52.3705	45.6490	118.4329	1.0000	25.0000	0.0474	0.5435	0.3159	61.3847	1.0318
67.2168	25.1727	128.0866	1.0000	52.2264	45.1278	118.6033	1.0000	25.0000	0.0445	0.5487	0.3178	61.9198	1.0017
79.0415	55.0895	81.1051	1.0000	52.1065	80.8474	117.3316	1.0000	39.0000	0.0421	0.1915	0.3037	33.4406	1.0465
90.3785	83.9144	79.2691	1.0000	62.2988	95.4752	142.4325	1.0000	33.0000	0.2460	0.0452	0.5826	54.0454	1.0867
89.5008	95.1182	24.2903	1.0000	90.1516	95.8775	49.3989	1.0000	1.0000	0.8030	0.0412	0.4511	57.2503	1.0000
21.8164	8.0931	234.2366	1.0000	17.9387	10.4281	87.5455	1.0000	6.0000	0.6412	0.8957	0.0273	95.1687	1.3255
39.6004	95.2717	43.7924	1.0000	40.1185	96.1270	58.7924	1.0000	1.0000	0.1976	0.0387	0.3468	32.9630	1.0000
27.2472	10.8036	105.6242	1.0000	47.5853	47.3666	71.0771	1.0000	42.0000	0.0483	0.5263	0.2103	55.9838	1.0039
36.2112	31.5246	-70.3060	1.0000	47.6513	41.0595	73.1618	1.0000	19.0000	0.0470	0.5894	0.1871	61.3435	1.2758
49.6116	22.5262	265.2213	1.0000	49.2657	21.5879	249.7592	1.0000	1.0000	0.0147	0.7841	1.7751	177.9663	1.0000
15.7332	5.9309	248.4564	1.0000	47.5699	59.3132	70.5746	1.0000	70.0000	0.0486	0.4069	0.2158	45.1516	1.1262
23.0525	6.8839	-64.8668	1.0000	47.6291	25.4373	71.7348	1.0000	41.0000	0.0474	0.7456	0.2029	76.8039	1.3315
53.4336	2.0885	-57.3332	1.0000	57.9426	4.5648	87.0071	1.0000	7.0000	0.1589	0.9544	0.0333	95.8119	1.3608
1.6121	60.3034	33.0259	1.0000	40.6785	95.6623	60.2553	1.0000	54.0000	0.1864	0.0434	0.3305	31.4714	1.0248
15.3076	39.4260	64.6611	1.0000	47.5713	85.8307	70.6673	1.0000	57.0000	0.0486	0.1417	0.2148	24.0919	1.0085
94.3313	37.8965	185.3032	1.0000	52.4893	52.4923	118.4098	1.0000	49.0000	0.0498	0.4751	0.3157	55.4102	1.1057
10.3006	83.3068	179.5384	1.0000	15.2403	95.0563	45.2189	1.0000	15.0000	0.6952	0.0494	0.4976	56.9036	1.1769
68.5547	67.8893	230.2480	1.0000	52.4848	79.0353	118.4008	1.0000	22.0000	0.0497	0.2096	0.3156	35.3879	1.1249
2.8736	40.6422	100.4947	1.0000	44.9804	95.6774	60.0069	1.0000	70.0000	0.1004	0.0432	0.3333	30.7160	1.0102
39.6166	86.5882	-11.4773	1.0000	46.8528	95.3081	65.4784	1.0000	12.0000	0.0629	0.0469	0.2725	25.1640	1.0590
68.9816	94.5463	168.1451	1.0000	67.0580	95.0932	163.5603	1.0000	2.0000	0.3412	0.0491	0.8173	75.6714	1.0000
20.0782	96.5381	-15.8815	1.0000	21.0603	96.3495	-10.8721	1.0000	1.0000	0.5788	0.0365	1.1208	105.0048	1.0000
85.7375	46.8175	208.3222	1.0000	52.2649	60.9531	118.2176	1.0000	41.0000	0.0453	0.3905	0.3135	48.2289	1.1284
86.7697	24.6744	250.7339	1.0000	52.2216	33.0593	117.9331	1.0000	45.0000	0.0444	0.6694	0.3104	72.5689	1.2658
8.9033	23.4641	245.4021	1.0000	47.6752	84.3033	72.3653	1.0000	80.0000	0.0465	0.1570	0.1959	23.7229	1.1089
34.5778	88.3675	-43.4232	1.0000	43.4095	95.2827	60.1883	1.0000	13.0000	0.1318	0.0472	0.3312	30.8938	1.1590
14.1794	79.7545	29.2650	1.0000	35.2020	95.5835	60.3874	1.0000	27.0000	0.2960	0.0442	0.3290	33.3975	1.0260
55.2048	12.3511	-53.2657	1.0000	52.2158	26.7365	117.8972	1.0000	20.0000	0.0443	0.7326	0.3100	78.4264	1.3612
11.3876	57.1165	5.0199	1.0000	47.5520	89.3824	71.7668	1.0000	53.0000	0.0490	0.1062	0.2026	21.2409	1.0936
32.4741	60.7888	21.5318	1.0000	47.5084	86.5695	70.2848	1.0000	30.0000	0.0498	0.1343	0.2191	23.9849	1.0052
37.1835	43.9768	237.2929	1.0000	33.1578	46.1320	91.9617	1.0000	6.0000	0.3368	0.5387	0.0218	56.4736	1.3140
45.0641	71.2196	31.0658	1.0000	47.5358	75.5174	67.6001	1.0000	5.0000	0.0493	0.2448	0.2489	33.2750	1.0085
31.6913	94.9849	53.2902	1.0000	32.1739	95.8607	61.1440	1.0000	1.0000	0.3565	0.0414	0.3206	34.1698	1.0000
57.0822	48.3691	252.3236	1.0000	51.9966	46.5649	160.4090	1.0000	6.0000	0.0399	0.5344	0.7823	88.4122	1.1119
47.7738	35.8433	224.9207	1.0000	47.7549	52.1683	74.3385	1.0000	21.0000	0.0449	0.4783	0.1740	50.3805	1.2864
78.5311	18.1152	103.2129	1.0000	52.3375	42.2246	118.6114	1.0000	37.0000	0.0467	0.5778	0.3179	64.5141	1.0393
98.8162	88.3056	84.9999	1.0000	93.6288	95.3358	147.0248	1.0000	9.0000	0.8726	0.0466	0.6336	71.9517	1.0301
32.2057	30.9004	200.6224	1.0000	47.6467	67.4050	71.5597	1.0000	43.0000	0.0471	0.3259	0.2049	37.5235	1.0849
95.6629	55.0641	140.0246	1.0000	52.4099	72.8978	118.3137	1.0000	51.0000	0.0482	0.2710	0.3146	39.2683	1.0901
16.2605	90.9261	-67.3438	1.0000	39.0171	95.0574	60.0720	1.0000	31.0000	0.2197	0.0494	0.3325	32.2605	1.3403
23.4219	72.0627	-28.8342	1.0000	46.8461	95.8029	66.3741	1.0000	38.0000	0.0631	0.0420	0.2625	24.2022	1.1394
75.8781	67.8734	40.6879	1.0000	76.3207	69.7783	89.0110	1.0000	2.0000	0.5264	0.3022	0.0110	40.0888	1.0227
56.6145	90.1193	-58.7847	1.0000	60.7057	93.1774	94.4105	1.0000	7.0000	0.2141	0.0682	0.0490	13.4392	1.3705
14.3686	81.7974	-74.6259	1.0000	44.6761	95.6059	61.1448	1.0000	46.0000	0.1065	0.0439	0.3206	29.6694	1.3812
23.0520	13.4360	49.4531	1.0000	47.7005	51.8539	72.6556	1.0000	46.0000	0.0460	0.4815	0.1927	51.2266	1.0078
3.5919	51.2902	188.3936	1.0000	1.4496	54.1141	89.7896	1.0000	4.0000	0.9710	0.4589	0.0023	66.8034	1.1285
73.6060	52.4568	31.9702	1.0000	52.1057	81.8447	117.3283	1.0000	38.0000	0.0421	0.1816	0.3036	32.8768	1.0436
72.8798	7.6998	-23.6825	1.0000	52.1281	36.9842	117.4275	1.0000	41.0000	0.0426	0.6302	0.3048	68.7590	1.1423
35.8093	97.6015	236.1104	1.0000	34.9573	97.0779	211.5693	1.0000	1.0000	0.3009	0.0292	1.3508	122.5312	1.0000
93.1960	55.7210	206.7525	1.0000	52.4957	69.3620	118.4199	1.0000	48.0000	0.0499	0.3064	0.3158	41.8641	1.1182
75.9492	8.1164	-45.2067	1.0000	52.3325	35.2605	118.6423	1.0000	44.0000	0.0467	0.6474	0.3182	70.8309	1.2229
30.9813	31.9890	91.5257	1.0000	47.6386	67.1618	76.1329	1.0000	39.0000	0.0472	0.3284	0.1541	35.7242	1.0021
47.3590	91.1640	244.6844	1.0000	42.6776	92.6361	89.8803	1.0000	7.0000	0.1464	0.0736	0.0013	10.3855	1.4264
10.9773	73.0747	227.4228	1.0000	24.7515	95.1253	45.0000	1.0000	32.0000	0.5050	0.0487	0.5000	51.8290	1.2308
87.2150	0.7195	-1.2629	1.0000	52.1684	28.2717	117.6223	1.0000	52.0000	0.0434	0.7173	0.3069	76.8937	1.1664
79.1747	90.4605	-13.7506	1.0000	80.5574	95.8759	116.8982	1.0000	7.0000	0.6111	0.0412	0.2989	40.9179	1.2524
70.4210	46.4626	225.6751	1.0000	52.2837	58.7097	118.8184	1.0000	25.0000	0.0457	0.4129	0.3202	50.4044	1.1423
71.3445	42.8285	63.8113	1.0000	71.3903	43.8275	87.3728	1.0000	1.0000	0.4278	0.5617	0.0292	60.1648	1.0000
30.4252	92.9091	93.2604	1.0000	31.4568	95.7170	65.3597	1.0000	3.0000	0.3709	0.0428	0.2738	31.1342	1.0028
6.8770	49.2925	-46.2946	1.0000	47.6850	77.5077	74.0639	1.0000	59.0000	0.0463	0.2249	0.1771	27.6626	1.1892
99.7767	55.0703	69.2533	1.0000	99.7002	56.0674	94.3926	1.0000	1.0000	0.9940	0.4393	0.0488	66.4791	1.0000
2.4970	24.7185	160.6323	1.0000	1.4860	27.3465	86.1128	1.0000	3.0000	0.9703	0.7265	0.0432	87.4486	1.0654
68.5048	63.1168	195.5430	1.0000	52.2826	77.8641	118.7808	1.0000	23.0000	0.0457	0.2214	0.3198	36.3805	1.0491
99.0064	42.0702	265.9340	1.0000	52.4742	46.6713	118.3869	1.0000	59.0000	0.0495	0.5333	0.3154	60.4640	1.2618
8.9100	23.8133	179.8499	1.0000	47.7659	83.0814	73.1707	1.0000	74.0000	0.0447	0.1692	0.1870	23.9678	1.0442
14.3900	10.7270	-26.7399	1.0000	47.5218	38.3167	70.3850	1.0000	49.0000	0.0496	0.6168	0.2179	64.7744	1.1365
76.8124	20.2742	-71.4374	1.0000	52.2171	47.0972	117.9033	1.0000	47.0000	0.0443	0.5290	0.3100	59.8516	1.2915
71.1993	9.5412	155.1112	1.0000	52.1315	27.1877	117.4435	1.0000	27.0000	0.0426	0.7281	0.3049	77.8416	1.0392
71.8858	98.9373	263.1728	1.0000	71.6806	97.9585	258.1580	1.0000	1.0000	0.4336	0.0204	1.8684	169.5622	1.0000
36.7175	36.9960	-6.3148	1.0000	47.5336	54.1837	73.3037	1.0000	21.0000	0.0493	0.4582	0.1855	48.8260	1.0341
0.0040	13.0774	63.1060	1.0000	47.7132	75.0886	72.3401	1.0000	79.0000	0.0457	0.2491	0.1962	30.6216	1.0097
27.6794	1.3454	164.1135	1.0000	26.4117	3.8753	92.7844	1.0000	3.0000	0.4718	0.9612	0.0309	99.0158	1.0602
75.8935	35.2360	15.9677	1.0000	77.1157	37.7813	88.6115	1.0000	3.0000	0.5423	0.6222	0.0154	67.8849	1.0625
83.4739	63.2747	52.8444	1.0000	52.3368	89.5348	118.6156	1.0000	44.0000	0.0467	0.1047	0.3180	30.5587	1.0802
93.8206	19.7675	193.5969	1.0000	52.2328	34.4997	118.5173	1.0000	49.0000	0.0447	0.6550	0.3169	71.4739	1.1106
13.5254	26.0436	48.5732	1.0000	47.5651	73.5390	70.7522	1.0000	59.0000	0.0487	0.2646	0.2139	32.8114	1.0097
61.8017	17.7333	-38.5721	1.0000	65.3425	21.0903	89.9033	1.0000	6.0000	0.3068	0.7891	0.0011	80.3875	1.2297
3.4398	63.7696	109.3168	1.0000	31.7320	95.6000	57.4636	1.0000	43.0000	0.3654	0.0440	0.3615	37.5726	1.0097
60.1094	40.1452	89.0622	1.0000	52.2914	52.8210	118.9488	1.0000	15.0000	0.0458	0.4718	0.3217	55.3998	1.0072
68.4780	61.0063	228.1084	1.0000	52.4102	72.3745	118.3119	1.0000	22.0000	0.0482	0.2763	0.3146	39.6300	1.1177
0.2075	59.8722	252.7475	1.0000	-0.4575	59.1253	228.3201	0.0000	1.0000	1.0091	0.4087	1.5369	152.8043	1.0000
59.3035	88.4897	45.3817	1.0000	57.0982	95.7068	127.0622	1.0000	8.0000	0.1420	0.0429	0.4118	37.9792	1.0601
20.0368	59.1187	25.9220	1.0000	47.5774	93.7357	71.9060	1.0000	46.0000	0.0485	0.0626	0.2010	19.3004	1.0399
10.4527	21.7198	32.1985	1.0000	47.6466	63.8825	71.5991	1.0000	58.0000	0.0471	0.3612	0.2045	40.6030	1.0316
9.5833	13.9288	188.0368	1.0000	7.4580	16.7655	89.4461	1.0000	4.0000	0.8508	0.8323	0.0062	93.4779	1.1285
36.4479	22.7026	264.8104	1.0000	47.6094	59.2128	76.5063	1.0000	46.0000	0.0478	0.4079	0.1499	43.0278	1.2049
47.2378	32.1825	73.7378	1.0000	47.7356	34.1191	74.3673	1.0000	2.0000	0.0453	0.6588	0.1737	67.7481	1.0002
47.2484	14.8074	-89.7389	1.0000	47.5116	13.8427	-74.7389	1.0000	1.0000	0.0498	0.8616	1.8304	185.9252	1.0000
6.7934	70.6933	40.0030	1.0000	33.7749	95.6398	59.7364	1.0000	37.0000	0.3245	0.0436	0.3363	34.6143	1.0069
81.1823	46.4966	202.5842	1.0000	52.4387	60.8981	118.3398	1.0000	36.0000	0.0488	0.3910	0.3149	48.3534	1.1198
86.7927	88.0239	88.5480	1.0000	81.6356	95.1026	146.3566	1.0000	9.0000	0.6327	0.0490	0.6262	64.8141	1.0276
13.9364	13.0560	154.5848	1.0000	47.5679	65.4816	70.8583	1.0000	64.0000	0.0486	0.3452	0.2127	39.5454	1.0275
50.5014	12.8605	20.6736	1.0000	51.3101	13.4487	36.0260	1.0000	1.0000	0.0262	0.8655	0.5997	102.0100	1.0000
92.4060	32.5698	-40.6433	1.0000	52.2867	59.2804	118.9172	1.0000	60.0000	0.0457	0.4072	0.3213	49.9952	1.2449
86.1862	93.8963	109.9276	1.0000	85.2655	95.6696	119.9423	1.0000	2.0000	0.7053	0.0433	0.3327	46.4644	1.0010
7.4630	13.9866	83.7389	1.0000	47.5365	69.3246	70.4563	1.0000	69.0000	0.0493	0.3068	0.2172	36.4555	1.0099
11.8286	87.0168	66.3729	1.0000	18.9963	95.3023	45.0882	1.0000	11.0000	0.6201	0.0470	0.4990	54.7756	1.0041
79.0426	20.2637	58.5565	1.0000	52.1422	46.9243	117.4931	1.0000	40.0000	0.0428	0.5308	0.3055	59.8121	1.0561
86.2857	15.9310	193.4854	1.0000	52.4751	30.5729	118.3882	1.0000	41.0000	0.0495	0.6943	0.3154	75.0476	1.1128
78.7207	95.3350	-37.7801	1.0000	79.6938	95.1046	-13.3226	1.0000	1.0000	0.5939	0.0490	1.1480	107.6162	1.0000
70.5911	41.3114	229.4692	1.0000	52.4570	52.8655	118.3623	1.0000	25.0000	0.0491	0.4713	0.3151	55.0647	1.1627
30.3292	56.1820	-31.3272	1.0000	47.6823	80.0655	74.5224	1.0000	32.0000	0.0464	0.1993	0.1720	25.3439	1.0839
34.7425	63.0146	123.5690	1.0000	45.2724	95.2069	70.7965	1.0000	34.0000	0.0946	0.0479	0.2134	20.3494	1.0038
85.7765	16.7638	56.0426	1.0000	52.4452	42.7277	118.3476	1.0000	46.0000	0.0489	0.5727	0.3150	63.9507	1.0887
78.3399	56.3660	241.8436	1.0000	52.3541	65.9728	118.5166	1.0000	35.0000	0.0471	0.3403	0.3169	44.4589	1.2633
59.5807	60.1775	184.9989	1.0000	52.1059	65.9644	117.1394	1.0000	10.0000	0.0421	0.3404	0.3015	43.5822	1.0579
40.9007	6.4676	130.0746	1.0000	47.7144	30.3286	73.8774	1.0000	25.0000	0.0457	0.6967	0.1791	71.5491	1.0075
71.3116	50.5034	82.7942	1.0000	52.2465	77.2254	118.3357	1.0000	33.0000	0.0449	0.2277	0.3148	36.4231	1.0053
81.7183	79.6578	251.5990	1.0000	52.2032	87.8339	117.8137	1.0000	40.0000	0.0441	0.1217	0.3090	30.4379	1.3061
78.6731	91.0941	-50.2240	1.0000	81.6450	95.5513	114.3522	1.0000	8.0000	0.6329	0.0445	0.2706	40.1774	1.4933
55.7512	90.1931	-29.9831	1.0000	58.0173	95.8494	115.3285	1.0000	8.0000	0.1603	0.0415	0.2814	26.8894	1.3129
1.0386	12.0908	125.0080	1.0000	47.5280	75.7135	70.4664	1.0000	80.0000	0.0494	0.2429	0.2170	31.2651	1.0153
94.4200	70.3496	169.1181	1.0000	52.0714	86.4753	117.1991	1.0000	50.0000	0.0414	0.1352	0.3022	30.4466	1.1034
32.5372	35.2972	179.3399	1.0000	30.6887	38.3858	85.9972	1.0000	4.0000	0.3862	0.6161	0.0445	64.6936	1.1113
69.0643	49.1865	205.3303	1.0000	52.1148	63.9874	117.3676	1.0000	24.0000	0.0423	0.3601	0.3041	45.2810	1.0666
16.9191	29.2237	144.1591	1.0000	47.5657	78.1408	70.6722	1.0000	59.0000	0.0487	0.2186	0.2148	29.2799	1.0221
42.0077	31.9391	21.6999	1.0000	47.6497	42.3559	74.0465	1.0000	12.0000	0.0470	0.5764	0.1773	59.8572	1.0130
13.4987	69.0074	206.3342	1.0000	31.8144	95.7942	58.5917	1.0000	37.0000	0.3637	0.0421	0.3490	36.5361	1.1402
63.8354	30.3961	67.5211	1.0000	52.1001	49.6786	117.3044	1.0000	23.0000	0.0420	0.5032	0.3034	57.2903	1.0189
9.8104	21.9749	246.3862	1.0000	47.7383	82.0970	73.0632	1.0000	79.0000	0.0452	0.1790	0.1882	24.7485	1.1113
74.5082	96.4594	160.9123	1.0000	73.5383	96.7027	165.9209	1.0000	1.0000	0.4708	0.0330	0.8436	79.5545	1.0000
13.3147	82.0887	251.6349	1.0000	18.6327	95.6442	45.0208	1.0000	22.0000	0.6273	0.0436	0.4998	55.0092	1.5108
57.3641	61.5342	102.5634	1.0000	52.2697	70.1056	118.4516	1.0000	10.0000	0.0454	0.2989	0.3161	41.3318	1.0029
81.9344	92.4980	255.5760	1.0000	55.1578	95.0369	128.4918	1.0000	35.0000	0.1032	0.0496	0.4277	39.1517	1.3013
50.6845	3.2234	151.0328	1.0000	50.0754	4.0164	127.5252	1.0000	1.0000	0.0015	0.9598	0.4169	103.0582	1.0000
49.1147	51.1548	195.5561	1.0000	48.1147	51.1587	179.7781	1.0000	1.0000	0.0377	0.4884	0.9975	102.2210	1.0000
23.1659	76.4146	253.2939	1.0000	32.5291	95.2851	60.9156	1.0000	29.0000	0.3494	0.0471	0.3232	34.2544	1.3766
22.1304	37.6519	142.4787	1.0000	21.5947	39.5319	93.6969	1.0000	2.0000	0.5681	0.6047	0.0411	66.9098	1.0231
97.0742	6.0723	74.9542	1.0000	52.4656	30.3114	118.3746	1.0000	56.0000	0.0493	0.6969	0.3153	75.2841	1.1030
95.6463	19.3107	-86.7605	1.0000	100.1422	19.2230	60.7066	0.0000	6.0000	1.0028	0.8078	0.3255	99.4850	1.3343
71.3640	80.6389	-18.8319	1.0000	63.2230	95.4356	129.0217	1.0000	21.0000	0.2645	0.0456	0.4336	41.4533	1.2435
77.5636	99.1047	100.4674	1.0000	77.1947	100.0341	111.6525	1.0000	1.0000	0.5439	0.0003	0.2406	34.7618	1.0000
75.1498	16.4690	263.4843	1.0000	52.3910	22.0111	118.3369	1.0000	34.0000	0.0478	0.7799	0.3149	83.0119	1.4515
61.9228	34.9432	97.4866	1.0000	52.0642	49.9000	117.1749	1.0000	18.0000	0.0413	0.5010	0.3019	57.0328	1.0048
45.0271	28.6164	107.2764	1.0000	47.5389	38.2824	73.9208	1.0000	10.0000	0.0492	0.6172	0.1787	63.8253	1.0013
50.6335	29.8870	141.7890	1.0000	50.1568	30.7661	118.4651	1.0000	1.0000	0.0031	0.6923	0.3163	74.8573	1.0000
11.0145	84.9094	-88.1438	1.0000	44.0953	95.1802	60.1397	1.0000	50.0000	0.1181	0.0482	0.3318	30.8178	1.4435
23.3764	75.0406	202.1164	1.0000	33.9864	95.5601	59.7069	1.0000	27.0000	0.3203	0.0444	0.3366	34.5517	1.1688
56.6780	19.2062	138.5563	1.0000	52.2051	25.7909	118.0725	1.0000	8.0000	0.0441	0.7421	0.3119	79.3721	1.0050
96.2006	34.5517	227.5912	1.0000	52.3696	46.0438	118.4373	1.0000	52.0000	0.0474	0.5396	0.3160	61.0374	1.1476
27.7935	42.3155	249.8326	1.0000	47.7309	84.3035	72.9853	1.0000	54.0000	0.0454	0.1570	0.1891	23.2601	1.1618
19.1192	28.7704	127.7358	1.0000	47.7418	74.7784	72.6001	1.0000	55.0000	0.0452	0.2522	0.1933	30.7243	1.0150
67.3511	88.3629	-43.2624	1.0000	68.5726	95.6158	126.1415	1.0000	11.0000	0.3715	0.0438	0.4016	40.8702	1.4956
57.3320	5.2298	228.3999	1.0000	51.9447	5.6070	135.9302	1.0000	6.0000	0.0389	0.9439	0.5103	104.9924	1.1110
3.7160	55.5904	-16.8645	1.0000	47.5500	86.9655	70.3514	1.0000	60.0000	0.0490	0.1303	0.2183	23.7059	1.1131
90.2427	75.0460	184.9847	1.0000	52.4466	89.8887	118.3494	1.0000	45.0000	0.0489	0.1011	0.3150	30.1979	1.1082
90.7678	3.3438	5.5140	1.0000	52.1625	30.6354	117.5923	1.0000	55.0000	0.0432	0.6936	0.3066	74.6824	1.1633
31.1422	1.4641	61.4176	1.0000	47.6430	31.1534	71.4296	1.0000	34.0000	0.0471	0.6885	0.2063	71.3461	1.0010
18.9569	43.6208	227.3590	1.0000	47.6475	94.0220	71.7204	1.0000	64.0000	0.0471	0.0598	0.2031	19.3756	1.1035
50.9479	8.6060	164.0655	1.0000	50.1650	9.2281	141.5322	1.0000	1.0000	0.0033	0.9077	0.5726	104.3798	1.0000
76.1541	63.0810	263.3126	1.0000	52.4705	68.3981	118.3814	1.0000	35.0000	0.0494	0.3160	0.3153	42.5474	1.4419
77.7622	84.4324	45.9033	1.0000	66.9371	95.1602	163.2394	1.0000	17.0000	0.3387	0.0484	0.8138	75.3279	1.1155
27.2659	54.5002	192.1156	1.0000	47.5777	95.6893	70.7804	1.0000	49.0000	0.0484	0.0431	0.2136	19.8455	1.0670
34.6237	16.3367	-20.5060	1.0000	47.6741	36.1722	75.2072	1.0000	25.0000	0.0465	0.6383	0.1644	65.5608	1.0529
20.2133	70.4124	79.6301	1.0000	38.0651	95.4465	60.2672	1.0000	31.0000	0.2387	0.0455	0.3304	32.3607	1.0082
94.9572	89.8433	38.7692	1.0000	95.4248	91.7388	88.6783	1.0000	2.0000	0.9085	0.0826	0.0147	46.1888	1.0244
29.3711	92.7489	-16.6878	1.0000	35.8895	95.7349	61.2423	1.0000	8.0000	0.2822	0.0427	0.3195	32.3157	1.1158
43.9172	45.8247	81.3795	1.0000	47.6243	58.2754	75.1101	1.0000	13.0000	0.0475	0.4172	0.1654	44.3655	1.0007
52.3903	51.1817	245.7483	1.0000	51.7576	50.4073	230.7483	1.0000	1.0000	0.0352	0.4959	1.5639	149.2401	1.0000
2.4313	11.5541	147.2514	1.0000	47.6000	75.4144	71.4694	1.0000	80.0000	0.0480	0.2459	0.2059	30.8803	1.0228
10.7555	21.9715	-6.3911	1.0000	47.5712	53.8838	72.5348	1.0000	54.0000	0.0486	0.4612	0.1941	49.3724	1.1083
82.2086	81.6384	-69.6524	1.0000	61.7157	95.3302	137.8052	1.0000	36.0000	0.2343	0.0467	0.5312	49.4409	1.4607
63.7531	63.6369	155.4143	1.0000	52.3394	77.3126	118.5993	1.0000	18.0000	0.0468	0.2269	0.3178	36.5802	1.0105
16.9461	60.9870	255.8493	1.0000	38.0509	95.6876	60.2619	1.0000	49.0000	0.2390	0.0431	0.3304	32.3378	1.2065
2.0173	74.8119	-84.8086	1.0000	47.1886	95.6555	69.4685	1.0000	67.0000	0.0562	0.0434	0.2281	21.1736	1.3468
27.5556	80.3734	-47.3321	1.0000	44.6606	95.5137	61.5879	1.0000	28.0000	0.1068	0.0449	0.3157	29.2555	1.2258
12.2256	20.2347	238.3165	1.0000	8.2615	22.3663	89.7301	1.0000	6.0000	0.8348	0.7763	0.0030	88.1429	1.3331
61.9822	72.1138	70.5540	1.0000	62.0597	73.1108	85.5540	1.0000	1.0000	0.2412	0.2689	0.0494	29.8033	1.0000
96.4710	93.9170	24.7206	1.0000	97.3970	95.6410	73.6800	1.0000	2.0000	0.9479	0.0436	0.1813	50.3172	1.0220
62.3898	75.4962	230.3065	1.0000	52.1150	80.2182	117.7264	1.0000	13.0000	0.0423	0.1978	0.3081	34.1255	1.1496
45.7726	74.9091	157.2427	1.0000	47.7114	88.1925	74.4325	1.0000	14.0000	0.0458	0.1181	0.1730	19.6724	1.0429
25.8552	74.8923	143.5372	1.0000	36.9257	95.2004	60.0749	1.0000	24.0000	0.2615	0.0480	0.3325	33.0074	1.0376
61.4229	73.1485	188.3098	1.0000	52.4762	80.1710	117.9925	1.0000	12.0000	0.0495	0.1983	0.3110	34.3933	1.0551
93.9087	76.7415	187.7029	1.0000	52.2669	91.5881	118.2762	1.0000	49.0000	0.0453	0.0841	0.3142	29.5879	1.1084
59.7529	96.9175	-82.9157	1.0000	60.2682	96.0604	-58.9842	1.0000	1.0000	0.2054	0.0394	1.6554	149.3896	1.0000
77.4422	13.2610	-41.6543	1.0000	52.0766	41.4015	117.2172	1.0000	46.0000	0.0415	0.5860	0.3024	64.6442	1.2142
12.2140	49.8412	77.8920	1.0000	45.4754	95.5585	60.1073	1.0000	57.0000	0.0905	0.0444	0.3321	30.5577	1.0082
96.1356	33.4408	198.6646	1.0000	52.4185	47.6092	118.3202	1.0000	51.0000	0.0484	0.5239	0.3147	59.6043	1.1098
67.5980	84.5983	101.4688	1.0000	60.0021	95.0997	128.4894	1.0000	13.0000	0.2000	0.0490	0.4277	40.0686	1.0030
94.5477	80.6275	32.7015	1.0000	60.7482	95.3708	130.8744	1.0000	42.0000	0.2150	0.0463	0.4542	42.5167	1.1390
86.2810	41.9545	-81.4193	1.0000	90.7514	43.3049	91.1682	1.0000	7.0000	0.8150	0.5670	0.0130	69.8310	1.4990
65.3905	30.4722	215.7445	1.0000	52.1950	40.3779	117.7552	1.0000	18.0000	0.0439	0.5962	0.3084	65.8024	1.0909
43.3306	71.1472	-68.2117	1.0000	47.6170	69.3090	6.7883	1.0000	5.0000	0.0477	0.3069	0.9246	88.7232	1.0721
72.9730	33.8948	16.9085	1.0000	74.1875	36.4493	88.4810	1.0000	3.0000	0.4838	0.6355	0.0169	68.0150	1.0606
66.3571	72.9293	248.0082	1.0000	52.2621	80.2926	118.5011	1.0000	19.0000	0.0452	0.1971	0.3167	34.7249	1.1948
62.7532	98.4199	89.1633	1.0000	62.5085	99.3895	104.1633	1.0000	1.0000	0.2502	0.0061	0.1574	18.9059	1.0000
3.8401	81.6119	116.4830	1.0000	3.8145	82.6115	91.4688	1.0000	1.0000	0.9237	0.1739	0.0163	49.3722	1.0000
17.0033	50.2433	-0.1769	1.0000	47.6201	81.5604	73.6371	1.0000	48.0000	0.0476	0.1844	0.1818	24.7675	1.0960
1.5641	52.5556	67.8558	1.0000	38.1846	95.7284	60.0572	1.0000	57.0000	0.2363	0.0427	0.3327	32.4719	1.0068
3.2126	55.7053	-45.3166	1.0000	47.5077	83.1579	70.1563	1.0000	61.0000	0.0498	0.1684	0.2205	26.1466	1.1705
79.3911	77.1017	57.5977	1.0000	57.9698	95.2692	128.5183	1.0000	30.0000	0.1594	0.0473	0.4280	39.6177	1.0681
57.1972	8.4001	212.4473	1.0000	52.0047	10.0615	122.7904	1.0000	6.0000	0.0401	0.8994	0.3643	95.7506	1.1005
74.5522	53.9120	-68.9990	1.0000	52.0648	80.9234	117.1766	1.0000	45.0000	0.0413	0.1908	0.3020	33.2678	1.2803
67.9521	31.1391	107.3746	1.0000	52.2660	53.0145	118.2479	1.0000	27.0000	0.0453	0.4699	0.3139	54.8700	1.0030
88.6905	17.2784	102.2408	1.0000	52.2869	40.9794	118.9248	1.0000	47.0000	0.0457	0.5902	0.3214	65.7670	1.0820
73.8791	51.7471	249.6137	1.0000	52.2193	60.2776	117.9175	1.0000	31.0000	0.0444	0.3972	0.3102	48.6023	1.3317
86.9683	19.4184	222.6682	1.0000	52.1352	32.3021	117.4606	1.0000	43.0000	0.0427	0.6770	0.3051	73.0866	1.1578
41.6825	83.6518	-24.1296	1.0000	47.7305	88.9323	69.3436	1.0000	9.0000	0.0454	0.1107	0.2295	23.5443	1.1210
47.7182	32.4431	23.7725	1.0000	48.4978	33.0694	38.7725	1.0000	1.0000	0.0300	0.6693	0.5692	84.2984	1.0000
19.1171	48.1409	106.8159	1.0000	47.7375	93.3152	73.0416	1.0000	54.0000	0.0453	0.0668	0.1884	18.3682	1.0098
29.2196	24.3070	-75.0426	1.0000	47.7141	40.3532	72.3626	1.0000	33.0000	0.0457	0.5965	0.1960	62.2419	1.3477
42.1125	70.2834	108.9434	1.0000	47.6350	89.4814	74.1740	1.0000	20.0000	0.0473	0.1052	0.1758	19.1493	1.0012
87.0155	61.5304	96.4554	1.0000	52.2032	86.2071	117.8138	1.0000	46.0000	0.0441	0.1379	0.3090	31.1241	1.0780
56.0367	48.8071	212.3021	1.0000	52.2320	49.1673	150.8195	1.0000	4.0000	0.0446	0.5083	0.6758	79.2966	1.0467
63.3219	7.8416	248.4004	1.0000	52.3626	11.3914	118.5136	1.0000	14.0000	0.0473	0.8861	0.3168	93.1133	1.2153
80.8725	34.1553	-46.8280	1.0000	52.2674	61.4277	118.2903	1.0000	49.0000	0.0453	0.3857	0.3143	47.8885	1.2398
7.5422	57.9218	94.4280	1.0000	37.8363	95.8060	60.3329	1.0000	49.0000	0.2433	0.0419	0.3296	32.3370	1.0102
87.0510	28.5239	-81.6241	1.0000	91.5258	29.8578	90.9660	1.0000	7.0000	0.8305	0.7014	0.0107	81.5184	1.4991
74.7934	76.4406	151.6908	1.0000	52.4004	94.0972	118.3076	1.0000	30.0000	0.0480	0.0590	0.3145	29.0159	1.0520
46.9196	3.5718	-40.0542	1.0000	47.8255	3.1484	-25.0542	1.0000	1.0000	0.0435	0.9685	1.2784	150.4076	1.0000
9.0764	66.3353	25.3812	1.0000	42.1906	95.2409	60.5853	1.0000	46.0000	0.1562	0.0476	0.3268	30.8035	1.0465
90.6464	71.4572	237.4962	1.0000	52.4507	81.5686	118.3547	1.0000	47.0000	0.0490	0.1843	0.3151	33.9074	1.1895
45.2552	38.4762	-64.7300	1.0000	47.6648	36.8059	-19.7300	1.0000	3.0000	0.0467	0.6319	1.2192	126.6477	1.0232
41.6528	53.9774	217.5849	1.0000	38.3414	56.4287	93.9237	1.0000	5.0000	0.2332	0.4357	0.0436	45.2745	1.2136
94.0187	10.2810	101.9392	1.0000	52.4790	33.5054	118.3940	1.0000	52.0000	0.0496	0.6649	0.3155	72.3457	1.0926
88.0111	7.5029	57.9484	1.0000	52.0556	33.9954	117.1459	1.0000	49.0000	0.0411	0.6600	0.3016	71.3984	1.0971
14.1182	69.3500	-19.6561	1.0000	45.9343	95.0134	62.0223	1.0000	46.0000	0.0813	0.0499	0.3109	28.7080	1.1253
44.0526	35.7425	11.5201	1.0000	47.8078	41.3621	71.5738	1.0000	7.0000	0.0438	0.5864	0.2047	61.5039	1.0357
84.7770	47.2516	99.5876	1.0000	52.4351	71.2938	118.3361	1.0000	43.0000	0.0487	0.2871	0.3148	40.4093	1.0670
42.7479	75.5469	205.7615	1.0000	45.5882	95.6997	72.3020	1.0000	23.0000	0.0882	0.0430	0.1966	18.7397	1.1301
40.9335	85.3931	-78.5978	1.0000	47.9977	84.9490	56.4022	1.0000	9.0000	0.0400	0.1505	0.3733	36.8695	1.2715
81.6227	93.2471	37.2816	1.0000	82.1474	95.1287	86.8089	1.0000	2.0000	0.6429	0.0487	0.0355	32.6706	1.0239
6.4208	20.8474	243.5173	1.0000	47.5620	83.8489	70.7596	1.0000	83.0000	0.0488	0.1615	0.2138	25.2387	1.1031
81.9494	69.9587	-62.2106	1.0000	86.0568	71.7979	86.0651	1.0000	6.0000	0.7211	0.2820	0.0437	45.9449	1.3332
53.7156	99.9548	252.7336	1.0000	53.1817	99.1092	237.7336	1.0000	1.0000	0.0636	0.0089	1.6415	147.7705	1.0000
62.2186	61.9761	10.8582	1.0000	63.7831	65.3896	90.1951	1.0000	4.0000	0.2757	0.3461	0.0022	37.2544	1.0652
64.8958	46.5978	-77.0407	1.0000	69.5414	48.1412	86.4138	1.0000	7.0000	0.3908	0.5186	0.0398	55.5344	1.4299
36.0923	69.6678	-79.3043	1.0000	47.6831	79.1206	75.5325	1.0000	20.0000	0.0463	0.2088	0.1607	25.5074	1.3372
50.6543	72.0374	122.7502	1.0000	50.2361	72.9458	114.7207	1.0000	1.0000	0.0047	0.2705	0.2747	36.6483	1.0000
16.9563	90.4543	32.4606	1.0000	24.5502	95.2848	32.4606	1.0000	9.0000	0.5090	0.0472	0.6393	63.0928	1.0000
21.8222	44.7221	29.1468	1.0000	47.5458	78.8570	70.6380	1.0000	44.0000	0.0491	0.2114	0.2151	28.7739	1.0294
20.5112	93.3681	-15.0685	1.0000	33.7371	95.7693	50.7215	1.0000	14.0000	0.3253	0.0423	0.4364	42.7222	1.0415
1.4790	20.8314	126.7002	1.0000	47.7723	84.5356	72.9413	1.0000	80.0000	0.0446	0.1546	0.1895	23.1324	1.0159
4.9067	33.7166	1.7698	1.0000	47.7356	67.6759	73.2517	1.0000	60.0000	0.0453	0.3232	0.1861	36.4758	1.0977
47.4502	73.2997	220.9904	1.0000	43.3960	75.6433	90.1083	1.0000	6.0000	0.1321	0.2436	0.0012	25.2363	1.2813
1.9139	39.5537	151.3685	1.0000	43.1843	95.1370	60.0419	1.0000	71.0000	0.1363	0.0486	0.3329	31.1061	1.0256
14.8027	5.4099	14.8483	1.0000	47.7844	38.0620	73.4417	1.0000	50.0000	0.0443	0.6194	0.1840	64.1514	1.0773
23.8859	4.3302	94.5256	1.0000	47.5476	43.4559	70.2945	1.0000	46.0000	0.0490	0.5654	0.2190	59.9296	1.0060
95.3582	2.2603	-89.1127	1.0000	52.3778	27.1601	118.3974	1.0000	66.0000	0.0476	0.7284	0.3155	78.2159	1.3287
18.1039	6.0419	13.3281	1.0000	47.5701	38.2936	73.0024	1.0000	47.0000	0.0486	0.6171	0.1889	64.0508	1.0759
31.5633	26.0804	139.9707	1.0000	31.0517	27.9715	93.5255	1.0000	2.0000	0.3790	0.7203	0.0392	74.5625	1.0209
57.6674	89.3860	123.3051	1.0000	53.5731	95.0497	118.6432	1.0000	7.0000	0.0715	0.0495	0.3183	29.2866	1.0016
70.7736	43.8099	208.2923	1.0000	52.1050	58.5060	117.3250	1.0000	26.0000	0.0421	0.4149	0.3036	49.7276	1.0943
10.9104	42.7591	-83.9538	1.0000	47.5816	62.8914	74.0208	1.0000	59.0000	0.0484	0.3711	0.1775	40.4750	1.4103
16.6603	74.5409	46.9798	1.0000	34.8773	95.5748	59.7495	1.0000	28.0000	0.3025	0.0443	0.3361	34.1082	1.0063
36.8915	71.4505	32.4779	1.0000	47.5366	90.6429	70.7700	1.0000	22.0000	0.0493	0.0936	0.2137	21.5271	1.0024
7.8525	91.4132	263.1339	1.0000	3.3455	92.6240	90.6063	1.0000	7.0000	0.9331	0.0738	0.0067	47.2378	1.5000
10.3589	82.9372	203.3108	1.0000	15.0866	95.4282	45.1184	1.0000	17.0000	0.6983	0.0457	0.4987	57.0457	1.2729
81.8001	66.9627	162.4527	1.0000	52.2226	83.5272	118.6542	1.0000	37.0000	0.0445	0.1647	0.3184	33.1264	1.0914
85.7672	12.0826	187.9926	1.0000	52.2211	27.3682	118.1021	1.0000	41.0000	0.0444	0.7263	0.3122	77.9105	1.1122
42.2582	10.3813	77.2660	1.0000	47.5764	27.5645	73.4984	1.0000	18.0000	0.0485	0.7244	0.1834	74.3309	1.0007
49.7155	38.7228	101.5301	1.0000	49.6042	39.7166	96.3899	1.0000	1.0000	0.0079	0.6028	0.0710	60.6224	1.0000
28.5266	69.0698	241.8821	1.0000	39.5334	95.1015	60.2183	1.0000	35.0000	0.2093	0.0490	0.3309	31.9452	1.2384
40.9386	98.9495	92.3484	1.0000	41.1702	99.9223	76.6078	1.0000	1.0000	0.1766	0.0008	0.1488	16.0413	1.0000
29.9124	51.8931	56.0262	1.0000	47.5268	83.2429	70.6303	1.0000	36.0000	0.0495	0.1676	0.2152	25.7314	1.0011
15.8882	38.9459	31.2855	1.0000	47.5060	76.9980	69.9950	1.0000	51.0000	0.0499	0.2300	0.2223	30.5861	1.0308
14.1199	99.9391	263.3983	1.0000	13.6123	99.0776	239.4934	1.0000	1.0000	0.7278	0.0092	1.6610	153.8610	1.0000
38.7020	95.1127	21.3393	1.0000	39.5075	95.7053	36.3393	1.0000	1.0000	0.2098	0.0429	0.5962	54.8453	1.0000
98.1358	97.0003	9.7916	1.0000	98.9623	97.5631	34.2546	1.0000	1.0000	0.9792	0.0244	0.6194	74.2348	1.0000
91.2867	6.6248	157.3439	1.0000	52.0473	23.5977	117.1187	1.0000	47.0000	0.0409	0.7640	0.3013	81.0982	1.0993
4.0608	96.5940	-52.2919	1.0000	4.7392	95.8593	-47.2841	1.0000	1.0000	0.9052	0.0414	1.5254	144.6119	1.0000
91.6572	59.1924	23.2109	1.0000	52.3367	85.7292	118.6160	1.0000	54.0000	0.0467	0.1427	0.3180	32.0623	1.1383
93.7265	39.8077	-52.7193	1.0000	52.4391	66.0846	118.3401	1.0000	62.0000	0.0488	0.3392	0.3149	44.2648	1.2669
54.6328	12.3577	-37.2792	1.0000	58.2159	15.6493	89.2195	1.0000	6.0000	0.1643	0.8435	0.0087	84.7535	1.2332
20.0997	10.7607	134.1557	1.0000	47.6389	56.1659	71.5194	1.0000	54.0000	0.0472	0.4383	0.2053	47.6292	1.0169
67.4806	46.1083	-46.9685	1.0000	71.2839	48.7643	93.6142	1.0000	6.0000	0.4257	0.5124	0.0402	55.5982	1.2934
25.9127	77.6447	-63.9670	1.0000	47.3555	95.5503	70.5119	1.0000	37.0000	0.0529	0.0445	0.2165	20.1638	1.3245
15.8341	14.7784	142.7276	1.0000	15.3176	16.6617	92.8797	1.0000	2.0000	0.6936	0.8334	0.0320	90.3130	1.0241
49.2765	60.8738	24.1351	1.0000	50.0521	61.5049	39.1351	1.0000	1.0000	0.0010	0.3850	0.5652	63.7896	1.0000
94.0720	9.7341	218.6880	1.0000	52.1167	22.9060	117.3763	1.0000	50.0000	0.0423	0.7709	0.3042	81.8378	1.1370
6.9318	5.9865	176.9967	1.0000	47.5769	66.6287	70.7763	1.0000	76.0000	0.0485	0.3337	0.2136	38.5884	1.0410
46.9120	36.5388	251.0009	1.0000	42.2043	37.6890	93.0311	1.0000	7.0000	0.1559	0.6231	0.0337	62.8699	1.4444
4.2866	65.5154	-48.8458	1.0000	47.6580	93.0017	72.6000	1.0000	61.0000	0.0468	0.0700	0.1933	18.9003	1.1880
0.8514	39.7854	153.4750	1.0000	-0.0212	41.5376	104.6327	0.0000	2.0000	1.0004	0.5846	0.1626	78.3204	1.0217
35.4562	70.6258	147.3003	1.0000	42.5293	95.1505	70.7233	1.0000	26.0000	0.1494	0.0485	0.2142	21.2349	1.0186
7.3379	11.3920	82.7359	1.0000	47.7558	67.6511	73.2898	1.0000	70.0000	0.0449	0.3235	0.1857	36.4790	1.0105
75.7576	6.1882	226.0239	1.0000	52.4759	18.1771	118.3893	1.0000	31.0000	0.0495	0.8182	0.3154	86.6434	1.1838
72.2615	91.8088	185.0569	1.0000	61.2539	95.0926	136.1198	1.0000	12.0000	0.2251	0.0491	0.5124	47.7259	1.0447
58.4148	41.2499	260.9735	1.0000	51.9772	39.6973	138.7309	1.0000	8.0000	0.0395	0.6030	0.5415	77.5566	1.2080
31.1808	26.0894	-65.5729	1.0000	47.7516	44.0004	73.0728	1.0000	29.0000	0.0450	0.5600	0.1881	58.5452	1.1885
53.7738	89.2763	130.4997	1.0000	52.2914	91.8844	118.9411	1.0000	3.0000	0.0458	0.0812	0.3216	30.1447	1.0000
78.4857	97.7593	174.0333	1.0000	77.4879	97.8248	176.2406	1.0000	1.0000	0.5498	0.0218	0.9582	90.5415	1.0000
89.6318	70.5179	175.1271	1.0000	52.1418	86.3295	117.4913	1.0000	45.0000	0.0428	0.1367	0.3055	30.7773	1.1060
63.1644	99.1668	-61.1405	1.0000	63.9697	98.5740	-36.3563	1.0000	1.0000	0.2794	0.0143	1.4040	127.1342	1.0000
74.3000	65.3621	206.7973	1.0000	52.4370	79.3995	118.3380	1.0000	29.0000	0.0487	0.2060	0.3149	35.1193	1.1162
75.8811	31.4102	84.0262	1.0000	52.2814	57.3961	118.7394	1.0000	36.0000	0.0456	0.4260	0.3193	51.4417	1.0256
97.3203	18.5731	191.5873	1.0000	52.4935	32.8240	118.4164	1.0000	52.0000	0.0499	0.6718	0.3157	72.9817	1.1055
32.3800	29.6873	182.9440	1.0000	30.3373	32.6507	89.6391	1.0000	4.0000	0.3933	0.6735	0.0040	70.1618	1.1114
96.0256	0.8412	46.0440	1.0000	52.2918	26.7425	118.9346	1.0000	57.0000	0.0458	0.7326	0.3215	78.7980	1.1214
26.9149	84.2214	43.5868	1.0000	35.1714	95.3604	60.3511	1.0000	14.0000	0.2966	0.0464	0.3294	33.4734	1.0097
95.7271	80.9838	202.4984	1.0000	52.2172	95.2523	118.7246	1.0000	51.0000	0.0443	0.0475	0.3192	29.1986	1.1138
37.6100	3.4016	254.5712	1.0000	47.7181	52.0451	77.3988	1.0000	56.0000	0.0456	0.4795	0.1400	49.6354	1.1272
67.9767	62.4787	36.1715	1.0000	52.0937	88.9847	117.2788	1.0000	32.0000	0.0419	0.1102	0.3031	29.4932	1.0356
8.3697	88.1268	187.4394	1.0000	6.2725	90.9846	88.8763	1.0000	4.0000	0.8746	0.0902	0.0125	44.6613	1.1284
11.2188	76.1895	257.7432	1.0000	21.7658	95.0684	45.0003	1.0000	30.0000	0.5647	0.0493	0.5000	53.3523	1.3873
11.8242	15.2144	139.9019	1.0000	11.3979	17.1195	90.0671	1.0000	2.0000	0.7720	0.8288	0.0007	91.4293	1.0245
66.9084	28.5613	78.6697	1.0000	52.1572	50.8640	117.5660	1.0000	27.0000	0.0431	0.4914	0.3063	56.3816	1.0097
2.2407	6.5913	34.4363	1.0000	47.6278	56.0535	71.7925	1.0000	69.0000	0.0474	0.4395	0.2023	47.6281	1.0278
47.5839	62.0573	-64.5618	1.0000	48.2325	61.2962	-49.5618	1.0000	1.0000	0.0353	0.3870	1.5507	144.8399	1.0000
31.9899	97.1218	23.0071	1.0000	32.8150	97.6869	34.4073	1.0000	1.0000	0.3437	0.0231	0.6177	58.2342	1.0000
69.3063	45.1442	12.4790	1.0000	52.4604	73.6228	118.3675	1.0000	35.0000	0.0492	0.2638	0.3152	38.8140	1.0578
74.9047	36.7183	79.2366	1.0000	52.2167	63.7744	118.5165	1.0000	36.0000	0.0443	0.3623	0.3168	46.1563	1.0195
86.6887	8.1716	115.6500	1.0000	52.2782	30.4009	118.6315	1.0000	44.0000	0.0456	0.6960	0.3181	75.2927	1.0741
35.5370	32.5861	173.4096	1.0000	47.5895	76.6879	76.4944	1.0000	47.0000	0.0482	0.2331	0.1501	27.0494	1.0280
57.9017	21.1202	39.5696	1.0000	58.4436	24.0016	94.3483	1.0000	3.0000	0.1689	0.7600	0.0483	76.5896	1.0232
47.1998	95.9008	34.6562	1.0000	47.8471	96.6630	49.6562	1.0000	1.0000	0.0431	0.0334	0.4483	40.5388	1.0000
70.8089	64.1488	-58.0053	1.0000	52.1128	93.0067	117.3590	1.0000	42.0000	0.0423	0.0699	0.3040	28.3176	1.2215
40.3510	40.4218	153.3683	1.0000	47.6567	67.8808	74.5023	1.0000	29.0000	0.0469	0.3212	0.1722	35.7395	1.0206
52.5987	48.3612	37.1481	1.0000	53.6848	52.0906	91.4278	1.0000	4.0000	0.0737	0.4791	0.0159	48.0721	1.0298
59.8214	5.4912	192.8273	1.0000	52.1344	10.8728	118.2747	1.0000	10.0000	0.0427	0.8913	0.3142	93.5289	1.0657
50.5989	25.8785	-37.3614	1.0000	51.5264	25.5047	-21.9498	1.0000	1.0000	0.0305	0.7450	1.2439	134.4791	1.0000
36.0464	78.4586	100.7929	1.0000	41.7671	95.5104	70.9056	1.0000	18.0000	0.1647	0.0449	0.2122	21.2728	1.0008
82.3449	65.4369	171.4119	1.0000	52.4982	81.1254	118.4240	1.0000	37.0000	0.0500	0.1887	0.3158	34.2114	1.0973
55.2992	56.2863	265.5675	1.0000	51.7563	53.2531	190.5675	1.0000	5.0000	0.0351	0.4675	1.1174	110.9152	1.0721
43.5469	55.2492	-89.1336	1.0000	47.8941	52.0167	0.8664	1.0000	6.0000	0.0421	0.4798	0.9904	101.2504	1.1076
89.6173	50.8632	217.0556	1.0000	52.3192	63.9345	118.7293	1.0000	45.0000	0.0464	0.3607	0.3192	46.1678	1.1386
35.5384	85.4197	-26.4146	1.0000	44.8633	95.6210	60.6313	1.0000	15.0000	0.1027	0.0438	0.3263	30.1344	1.0853
4.8798	26.2413	-57.9798	1.0000	47.5839	51.8868	72.1514	1.0000	61.0000	0.0483	0.4811	0.1983	51.3740	1.2246
70.0442	41.0532	136.7108	1.0000	52.2340	62.4158	118.5012	1.0000	28.0000	0.0447	0.3758	0.3167	47.2216	1.0067
40.9615	16.0518	-43.0159	1.0000	47.6735	19.6113	65.7696	1.0000	9.0000	0.0465	0.8039	0.2692	83.9933	1.1846
78.4838	18.1266	-78.2594	1.0000	82.9308	19.6731	92.8871	1.0000	7.0000	0.6586	0.8033	0.0321	86.8631	1.4867
50.5422	94.1950	-81.7121	1.0000	50.9467	93.2805	-66.1372	1.0000	1.0000	0.0189	0.0672	1.7349	156.2846	1.0000
29.1909	7.2863	68.4312	1.0000	47.6081	40.4824	71.4652	1.0000	38.0000	0.0478	0.5952	0.2059	62.3828	1.0010
12.6351	29.7634	150.6578	1.0000	47.7087	83.7136	72.5616	1.0000	66.0000	0.0458	0.1629	0.1938	23.9707	1.0257
84.5223	57.5749	202.2023	1.0000	52.1303	72.4554	117.4380	1.0000	40.0000	0.0426	0.2754	0.3049	38.9370	1.1221
6.6110	51.2736	249.6694	1.0000	37.5198	95.3828	60.1879	1.0000	62.0000	0.2496	0.0462	0.3312	32.6471	1.1511
96.7394	17.0753	24.7592	1.0000	52.2809	43.3511	118.7241	1.0000	59.0000	0.0456	0.5665	0.3192	63.5561	1.1425
13.0152	91.6076	46.9694	1.0000	16.5209	95.1726	45.1134	1.0000	5.0000	0.6696	0.0483	0.4987	56.2047	1.0000
59.4107	49.3536	-34.9300	1.0000	62.7164	52.9308	93.7324	1.0000	6.0000	0.2543	0.4707	0.0415	48.8993	1.2319
72.8651	14.7400	192.8200	1.0000	52.2182	30.0238	117.9102	1.0000	28.0000	0.0444	0.6998	0.3101	75.3695	1.0900
15.3286	91.5111	200.8135	1.0000	13.1365	95.7353	68.8192	1.0000	6.0000	0.7373	0.0426	0.2353	42.7286	1.2607
93.2557	9.7954	8.3370	1.0000	52.2702	36.7317	118.3756	1.0000	57.0000	0.0454	0.6327	0.3153	69.3773	1.1622
63.7285	27.4905	-76.1436	1.0000	52.2908	51.9213	118.9425	1.0000	35.0000	0.0458	0.4808	0.3216	56.1648	1.2975
39.6291	64.6915	232.5546	1.0000	44.5968	95.8972	73.0560	1.0000	36.0000	0.1081	0.0410	0.1883	18.2517	1.1393
22.4913	57.8202	23.8890	1.0000	47.5078	89.6331	69.9372	1.0000	42.0000	0.0498	0.1037	0.2229	22.7201	1.0378
7.1859	87.4398	247.6909	1.0000	6.9824	95.6246	47.0106	1.0000	14.0000	0.8604	0.0438	0.4777	60.9734	1.7100
76.3290	70.7935	-32.3891	1.0000	79.4858	73.4724	89.2282	1.0000	5.0000	0.5897	0.2653	0.0086	39.6702	1.2077
57.5085	24.1499	17.7656	1.0000	52.3770	37.9007	118.4463	1.0000	16.0000	0.0475	0.6210	0.3161	68.3459	1.0901
47.6494	36.1191	93.7486	1.0000	47.7559	37.1134	83.8868	1.0000	1.0000	0.0449	0.6289	0.0679	63.2228	1.0000
36.2137	76.0987	67.5965	1.0000	44.2174	95.5137	67.5965	1.0000	21.0000	0.1157	0.0449	0.2489	23.5687	1.0000
86.0231	31.8872	224.1878	1.0000	52.2100	44.5266	117.8569	1.0000	42.0000	0.0442	0.5547	0.3095	62.1144	1.1635
44.5527	28.5001	51.7146	1.0000	47.7380	35.8082	75.1691	1.0000	8.0000	0.0452	0.6419	0.1648	65.9216	1.0035
9.3432	72.4008	118.0948	1.0000	9.2873	73.3992	93.2049	1.0000	1.0000	0.8143	0.2660	0.0356	48.7381	1.0000
99.1286	23.2763	-42.5497	1.0000	100.0830	22.9778	-17.3651	0.0000	1.0000	1.0017	0.7702	1.1929	141.3082	1.0000
26.6800	4.0873	163.3527	1.0000	25.4582	6.6376	91.6456	1.0000	3.0000	0.4908	0.9336	0.0183	96.5482	1.0609
19.7550	85.6689	256.2684	1.0000	21.1652	95.4068	45.4776	1.0000	17.0000	0.5767	0.0459	0.4947	53.2427	1.7277
92.3422	55.7626	-31.7340	1.0000	95.4001	58.5260	91.7815	1.0000	5.0000	0.9080	0.4147	0.0198	61.5178	1.2131
9.7243	21.1179	62.3660	1.0000	47.6227	73.1768	71.3187	1.0000	65.0000	0.0475	0.2682	0.2076	32.7738	1.0094
26.5760	57.6679	94.5617	1.0000	47.7404	94.8927	72.9523	1.0000	43.0000	0.0452	0.0511	0.1894	17.9392	1.0042
13.0350	49.5759	219.6467	1.0000	42.2664	95.4853	60.2732	1.0000	60.0000	0.1547	0.0451	0.3303	31.0464	1.1024
88.1289	7.7409	179.4139	1.0000	52.3747	22.9940	118.4122	1.0000	43.0000	0.0475	0.7701	0.3157	82.1146	1.1062
31.9298	91.5220	239.2700	1.0000	28.1959	95.2094	68.0303	1.0000	8.0000	0.4361	0.0479	0.2441	31.3216	1.5245
61.4550	10.0992	65.4669	1.0000	52.2646	26.2341	118.2051	1.0000	19.0000	0.0453	0.7377	0.3134	79.0068	1.0232
88.3730	68.0723	268.1185	1.0000	52.3223	72.7720	118.7080	1.0000	49.0000	0.0464	0.2723	0.3190	39.6347	1.3478
31.6139	73.6200	22.4401	1.0000	44.2863	95.0007	61.1574	1.0000	25.0000	0.1143	0.0500	0.3205	29.8251	1.0059
28.7896	25.2033	147.5717	1.0000	47.6199	62.8917	71.4131	1.0000	43.0000	0.0476	0.3711	0.2065	41.5712	1.0206
48.3092	84.4143	43.5956	1.0000	48.8303	85.2678	58.5956	1.0000	1.0000	0.0234	0.1473	0.3489	34.7080	1.0000
42.8897	1.3770	235.6706	1.0000	39.0117	3.6732	87.4798	1.0000	6.0000	0.2198	0.9633	0.0280	96.9842	1.3313
94.5727	26.3267	146.9558	1.0000	52.2351	43.6600	118.4863	1.0000	50.0000	0.0447	0.5634	0.3165	63.1716	1.0929
76.4393	83.8303	-5.3206	1.0000	78.4791	86.7494	91.6579	1.0000	4.0000	0.5696	0.1325	0.0184	31.4545	1.1232
84.7819	63.5260	23.1051	1.0000	52.4625	90.4326	118.3704	1.0000	47.0000	0.0493	0.0957	0.3152	30.0413	1.1176
31.3728	63.5865	126.8945	1.0000	45.2370	95.4046	63.8517	1.0000	35.0000	0.0953	0.0460	0.2905	26.9729	1.0084
42.0673	79.3017	234.9985	1.0000	38.2166	81.6511	86.8622	1.0000	6.0000	0.2357	0.1835	0.0349	22.0312	1.3302
11.0056	15.1745	80.9148	1.0000	47.5887	66.9515	70.8240	1.0000	64.0000	0.0482	0.3305	0.2131	38.2849	1.0095
61.3366	15.1505	85.9852	1.0000	52.2941	29.3862	118.9183	1.0000	17.0000	0.0459	0.7061	0.3213	76.3403	1.0080
99.9881	64.2437	92.3688	1.0000	52.3134	88.4624	118.7711	1.0000	59.0000	0.0463	0.1154	0.3197	31.0845	1.1033
39.5209	2.9286	160.4933	1.0000	38.5140	5.5591	86.0974	1.0000	3.0000	0.2297	0.9444	0.0434	95.2168	1.0651
55.4054	33.9317	189.4649	1.0000	51.9756	35.6037	128.9260	1.0000	4.0000	0.0395	0.6440	0.4325	75.2730	1.0483
39.3348	33.5707	222.6727	1.0000	47.5613	71.8250	77.7283	1.0000	43.0000	0.0488	0.2818	0.1364	30.8281	1.0989
50.9524	11.6660	-1.0527	1.0000	51.9178	11.9268	15.1225	1.0000	1.0000	0.0384	0.8807	0.8320	115.6166	1.0000
56.4810	97.5813	267.6673	1.0000	56.1831	96.6267	252.6673	1.0000	1.0000	0.1237	0.0337	1.8074	162.8197	1.0000
19.0856	64.6708	93.0930	1.0000	40.5012	95.6316	60.1233	1.0000	38.0000	0.1900	0.0437	0.3320	31.6532	1.0094
79.3509	72.5114	257.7897	1.0000	52.3288	79.2297	118.6655	1.0000	38.0000	0.0466	0.2077	0.3185	35.4759	1.3647
86.3943	70.6628	257.0374	1.0000	52.4100	77.4051	118.3137	1.0000	45.0000	0.0482	0.2259	0.3146	36.3043	1.2988
1.8932	91.8930	-43.0164	1.0000	33.8194	95.3530	58.5966	1.0000	34.0000	0.3236	0.0465	0.3489	35.6312	1.0588
38.3880	34.5081	237.1868	1.0000	34.4165	36.7039	90.3983	1.0000	6.0000	0.3117	0.6330	0.0044	65.1874	1.3221
83.6071	61.5651	61.2136	1.0000	83.6750	62.5628	86.1073	1.0000	1.0000	0.6735	0.3744	0.0433	50.5045	1.0000
9.4084	42.2086	99.1567	1.0000	47.2552	95.4344	67.7301	1.0000	66.0000	0.0549	0.0457	0.2474	22.8982	1.0106
32.7523	60.6818	119.7371	1.0000	46.7389	95.8603	72.8886	1.0000	38.0000	0.0652	0.0414	0.1901	17.9045	1.0038
8.7191	41.8127	44.8507	1.0000	47.7038	94.2050	72.4961	1.0000	66.0000	0.0459	0.0580	0.1945	18.5807	1.0106
38.3803	28.6759	191.8250	1.0000	36.0657	31.3692	93.6913	1.0000	4.0000	0.2787	0.6863	0.0410	70.1283	1.1264
46.9534	37.9881	90.5735	1.0000	47.5785	40.9194	78.0503	1.0000	3.0000	0.0484	0.5908	0.1328	60.3256	1.0009
36.4701	22.6857	102.9319	1.0000	47.5438	56.9088	76.9920	1.0000	36.0000	0.0491	0.4309	0.1445	45.0787	1.0008
92.3265	7.3253	220.0569	1.0000	52.2379	20.1389	118.4481	1.0000	48.0000	0.0448	0.7986	0.3161	84.8062	1.1405
87.8991	23.7701	142.0987	1.0000	52.4955	41.5440	118.4197	1.0000	43.0000	0.0499	0.5846	0.3158	65.0462	1.0855
92.4471	13.2487	159.0502	1.0000	52.1022	29.9040	117.3132	1.0000	48.0000	0.0420	0.7010	0.3035	75.2588	1.0997
51.9918	78.9327	40.0137	1.0000	53.0905	82.6841	89.2779	1.0000	4.0000	0.0618	0.1732	0.0080	17.6043	1.0233
91.6447	15.8596	-60.0513	1.0000	95.6673	17.8716	88.6179	1.0000	6.0000	0.9133	0.8213	0.0154	93.9813	1.3340
58.3476	75.0929	194.0987	1.0000	52.1115	79.1389	116.6525	1.0000	8.0000	0.0422	0.2086	0.2961	33.9116	1.0762
5.9699	9.7910	1.1631	1.0000	47.5554	43.6444	72.3463	1.0000	59.0000	0.0489	0.5636	0.1962	59.1066	1.1003
53.7624	22.9125	126.2941	1.0000	52.3461	25.5571	117.5595	1.0000	3.0000	0.0469	0.7444	0.3062	79.4153	1.0000
16.1251	49.4522	39.2409	1.0000	47.5842	91.0056	70.5896	1.0000	53.0000	0.0483	0.0899	0.2157	21.5290	1.0169
34.4997	99.9586	8.5956	1.0000	35.4191	100.3520	23.1693	1.0000	1.0000	0.2916	0.0035	0.7426	68.4037	1.0000
65.4624	54.7562	-16.8976	1.0000	68.1911	58.1717	89.7822	1.0000	5.0000	0.3638	0.4183	0.0024	45.6133	1.1437
45.3155	72.1328	59.3034	1.0000	47.6999	77.6213	73.2883	1.0000	6.0000	0.0460	0.2238	0.1857	28.0246	1.0027
54.3329	38.9050	84.3947	1.0000	52.3805	45.6108	106.8241	1.0000	7.0000	0.0476	0.5439	0.1869	56.9816	1.0023
45.0009	45.5562	196.6694	1.0000	47.6791	65.2475	75.0455	1.0000	22.0000	0.0464	0.3475	0.1662	37.9046	1.1071
48.9072	27.4056	-11.9285	1.0000	49.9058	27.4591	3.0715	1.0000	1.0000	0.0019	0.7254	0.9659	113.2199	1.0000
88.9402	4.2187	89.3572	1.0000	52.4072	29.0339	118.3119	1.0000	48.0000	0.0481	0.7097	0.3146	76.4431	1.0869
87.7939	46.8627	244.4613	1.0000	52.3320	56.0512	118.6456	1.0000	45.0000	0.0466	0.4395	0.3183	52.5120	1.2284
95.9060	48.1075	239.2680	1.0000	52.1760	58.2378	117.6620	1.0000	53.0000	0.0435	0.4176	0.3074	50.1398	1.1807
28.8399	28.3614	248.3098	1.0000	47.5858	68.9075	71.0294	1.0000	52.0000	0.0483	0.3109	0.2108	36.5028	1.1641
51.0230	34.0223	25.3271	1.0000	51.7771	34.6790	41.0478	1.0000	1.0000	0.0355	0.6532	0.5439	81.6475	1.0000
18.9721	74.6144	76.6428	1.0000	35.2602	95.8611	59.9394	1.0000	27.0000	0.2948	0.0414	0.3340	33.7348	1.0085
4.7106	89.2204	23.1128	1.0000	18.5066	95.1085	23.1128	1.0000	15.0000	0.6299	0.0489	0.7432	74.0922	1.0000
34.5860	89.3880	63.4511	1.0000	37.7328	95.6408	63.2861	1.0000	7.0000	0.2453	0.0436	0.2968	29.7174	1.0000
59.6826	47.5188	-35.0418	1.0000	62.9946	51.0899	93.6311	1.0000	6.0000	0.2599	0.4891	0.0403	50.7370	1.2319
18.8253	5.0143	167.8881	1.0000	17.4816	7.4886	93.7034	1.0000	3.0000	0.6504	0.9251	0.0411	98.1302	1.0655
16.6227	9.1360	77.5592	1.0000	47.5640	55.2455	70.7532	1.0000	56.0000	0.0487	0.4475	0.2139	48.7784	1.0085
79.8279	45.0117	26.7830	1.0000	52.3805	72.0474	118.3851	1.0000	42.0000	0.0476	0.2795	0.3154	39.9090	1.0902
35.1434	99.8572	42.4526	1.0000	35.6814	100.7002	57.4526	1.0000	1.0000	0.2864	0.0070	0.3616	35.5646	1.0000
83.7244	62.3021	-15.1876	1.0000	52.0881	90.5281	117.2584	1.0000	50.0000	0.0418	0.0947	0.3029	28.9327	1.1793
46.3150	46.5646	158.3099	1.0000	45.2827	49.2118	88.4248	1.0000	3.0000	0.0943	0.5079	0.0175	51.0312	1.0558
89.6210	36.0080	190.4404	1.0000	52.1503	51.1696	117.5322	1.0000	45.0000	0.0430	0.4883	0.3059	56.0987	1.1133
15.6505	72.7508	266.9799	1.0000	30.0383	95.2068	45.0000	1.0000	36.0000	0.3992	0.0479	0.5000	49.4615	1.3498
48.2043	55.3945	128.5165	1.0000	47.8269	56.3205	112.1717	1.0000	1.0000	0.0435	0.4368	0.2464	49.0327	1.0000
65.4986	6.9073	25.6206	1.0000	52.0630	30.9582	117.1707	1.0000	29.0000	0.0413	0.6904	0.3019	74.2245	1.0527
33.3708	3.1454	242.2119	1.0000	47.7477	39.9323	72.9629	1.0000	46.0000	0.0450	0.6007	0.1893	62.4777	1.1647
92.9815	89.2914	197.8568	1.0000	58.0243	95.5463	128.5359	1.0000	38.0000	0.1605	0.0445	0.4282	39.6137	1.0701
60.6502	54.2887	-78.6807	1.0000	52.1019	75.6870	117.3118	1.0000	31.0000	0.0420	0.2431	0.3035	36.6261	1.3453
99.5729	58.2050	157.2949	1.0000	52.1625	74.5705	117.5922	1.0000	55.0000	0.0432	0.2543	0.3066	37.5855	1.0966
59.4257	5.7672	7.5733	1.0000	61.1493	9.0900	87.8893	1.0000	4.0000	0.2230	0.9091	0.0235	91.6154	1.0686
45.8848	64.8800	158.3842	1.0000	44.8871	67.5274	86.6151	1.0000	3.0000	0.1023	0.3247	0.0376	33.0465	1.0604
74.4898	87.9670	35.0539	1.0000	71.5514	95.6720	137.3264	1.0000	9.0000	0.4310	0.0433	0.5258	52.1822	1.0914
63.9602	34.8930	25.7376	1.0000	52.3299	56.5476	118.6587	1.0000	26.0000	0.0466	0.4345	0.3184	52.1043	1.0578
11.0575	74.6471	65.9951	1.0000	30.9277	95.6889	48.5134	1.0000	29.0000	0.3814	0.0431	0.4610	45.8637	1.0020
47.6516	88.3329	32.0187	1.0000	48.3334	89.0645	47.0187	1.0000	1.0000	0.0333	0.1094	0.4776	44.3820	1.0000
29.3548	99.4845	113.6975	1.0000	29.3507	100.4845	90.2301	1.0000	1.0000	0.4130	0.0048	0.0026	20.6562	1.0000
91.5910	52.0453	-56.0296	1.0000	95.4739	54.3305	92.4331	1.0000	6.0000	0.9095	0.4567	0.0270	64.4942	1.3317
53.9339	66.8165	-12.9683	1.0000	56.7163	70.2264	86.8601	1.0000	5.0000	0.1343	0.2977	0.0349	30.6828	1.1361
68.9885	72.3206	153.2755	1.0000	52.0651	91.5247	117.1776	1.0000	26.0000	0.0413	0.0848	0.3020	28.5433	1.0158
60.3590	22.5456	127.1738	1.0000	52.2217	33.8964	118.6671	1.0000	14.0000	0.0444	0.6610	0.3185	72.0863	1.0024
97.5728	59.8046	-58.3716	1.0000	100.3600	59.3773	15.6119	0.0000	3.0000	1.0072	0.4062	0.8265	98.5897	1.0639
17.2791	92.1958	22.0937	1.0000	24.6917	95.2048	22.0937	1.0000	8.0000	0.5062	0.0480	0.7545	72.6276	1.0000
96.5577	4.3141	34.7464	1.0000	52.4533	30.3188	118.3580	1.0000	58.0000	0.0491	0.6968	0.3151	75.2706	1.1328
52.5616	68.2878	237.2018	1.0000	51.8208	67.6160	222.2018	1.0000	1.0000	0.0364	0.3238	1.4689	136.1226	1.0000
92.5444	25.0628	-76.5052	1.0000	52.1337	51.0663	117.4536	1.0000	63.0000	0.0427	0.4893	0.3050	56.1495	1.3110
24.3797	82.7818	244.8872	1.0000	28.3984	95.3270	45.0178	1.0000	20.0000	0.4320	0.0467	0.4998	50.1185	1.5182
64.7594	27.4690	105.2864	1.0000	52.2749	45.4745	118.5219	1.0000	22.0000	0.0455	0.5453	0.3169	61.5768	1.0041
55.3111	55.5531	33.3594	1.0000	56.1589	58.3568	88.3757	1.0000	3.0000	0.1232	0.4164	0.0180	42.1275	1.0242
15.8433	67.5303	-24.1223	1.0000	47.2750	95.8569	70.0772	1.0000	48.0000	0.0545	0.0414	0.2214	20.5307	1.1344
37.1649	9.8428	257.3310	1.0000	32.6637	11.4562	88.8508	1.0000	7.0000	0.3467	0.8854	0.0128	90.2324	1.4639
30.7464	43.7699	134.7512	1.0000	30.4126	45.7000	88.1489	1.0000	2.0000	0.3917	0.5430	0.0206	57.7545	1.0211
89.7692	27.1615	242.3591	1.0000	52.2209	36.8501	118.6771	1.0000	47.0000	0.0444	0.6315	0.3186	69.3918	1.2120
4.7012	55.8919	180.1923	1.0000	34.9073	95.7082	60.2610	1.0000	53.0000	0.3019	0.0429	0.3304	33.6246	1.0605
67.4262	94.1323	26.7807	1.0000	68.4310	95.8326	68.4822	1.0000	2.0000	0.3686	0.0417	0.2391	28.6372	1.0126
34.7836	48.7623	252.4436	1.0000	30.2968	50.6542	87.0444	1.0000	7.0000	0.3941	0.4935	0.0328	53.2161	1.4376
19.9717	19.6719	10.1409	1.0000	47.5271	51.1819	72.7612	1.0000	45.0000	0.0495	0.4882	0.1915	51.8315	1.0750
88.2638	41.7862	55.1365	1.0000	52.1992	67.9328	117.7887	1.0000	49.0000	0.0440	0.3207	0.3088	42.4894	1.1000
71.7713	39.7194	249.4394	1.0000	52.2619	48.5211	118.1366	1.0000	28.0000	0.0452	0.5148	0.3126	58.7100	1.3082
3.8321	3.0415	-26.4400	1.0000	47.7777	34.3819	73.4921	1.0000	61.0000	0.0444	0.6562	0.1834	67.6992	1.1301
9.1084	80.4709	169.8446	1.0000	17.4484	95.2804	45.0193	1.0000	19.0000	0.6510	0.0472	0.4998	55.7238	1.1179
67.5352	68.9185	-74.2503	1.0000	72.1329	70.5362	90.0212	1.0000	7.0000	0.4427	0.2946	0.0002	36.8508	1.4362
23.1250	14.7534	88.1354	1.0000	47.5181	54.5942	70.0680	1.0000	47.0000	0.0496	0.4541	0.2215	49.6501	1.0061
58.7228	3.5393	197.9866	1.0000	52.2714	7.2483	118.7586	1.0000	8.0000	0.0454	0.9275	0.3195	97.1344	1.0751
92.8442	30.0415	186.3406	1.0000	52.2337	45.0458	118.5045	1.0000	48.0000	0.0447	0.5495	0.3167	61.9472	1.1087
71.4997	63.6258	56.4129	1.0000	52.1599	92.1677	117.5796	1.0000	35.0000	0.0432	0.0783	0.3064	28.7514	1.0152
59.0279	32.4307	143.0445	1.0000	52.4709	41.1868	118.3731	1.0000	11.0000	0.0494	0.5881	0.3153	65.3462	1.0056
49.7420	87.4189	47.2332	1.0000	50.2262	88.2938	61.0409	1.0000	1.0000	0.0045	0.1171	0.3218	31.2365	1.0000
25.0968	14.4622	57.9360	1.0000	47.5891	50.8393	71.0565	1.0000	43.0000	0.0482	0.4916	0.2105	52.7394	1.0054
50.8124	25.3192	-63.2639	1.0000	51.4859	24.5800	-47.6598	1.0000	1.0000	0.0297	0.7542	1.5296	156.9733	1.0000
86.4001	13.1342	74.1041	1.0000	52.2209	38.5873	118.1168	1.0000	46.0000	0.0444	0.6141	0.3124	67.5796	1.0794
13.1936	58.9126	266.6896	1.0000	8.6203	59.8278	94.4313	1.0000	7.0000	0.8276	0.4017	0.0492	57.8422	1.5009
61.1876	28.7596	-62.3878	1.0000	65.4636	31.5671	90.9053	1.0000	7.0000	0.3093	0.6843	0.0101	70.1642	1.3684
28.4587	75.7901	33.5907	1.0000	41.6372	95.4946	60.2803	1.0000	24.0000	0.1673	0.0451	0.3302	31.2008	1.0124
55.1461	41.5528	222.6939	1.0000	52.2860	40.9098	177.6198	1.0000	3.0000	0.0457	0.5909	0.9736	105.7076	1.0234
27.4136	11.5283	18.5654	1.0000	47.6746	42.3173	73.9813	1.0000	38.0000	0.0465	0.5768	0.1780	59.9108	1.0310
84.0491	33.8401	152.3604	1.0000	52.4351	50.7955	118.3361	1.0000	39.0000	0.0487	0.4920	0.3148	56.8326	1.0871
63.6958	32.6594	69.6439	1.0000	52.3087	51.0406	118.8055	1.0000	22.0000	0.0462	0.4896	0.3201	56.8517	1.0175
3.1325	72.0265	130.4677	1.0000	22.3650	95.3342	45.0000	1.0000	31.0000	0.5527	0.0467	0.5000	53.0138	1.0259
18.9625	67.1399	-83.6337	1.0000	47.5943	83.7324	73.0276	1.0000	49.0000	0.0481	0.1627	0.1886	23.6323	1.4807
13.1626	11.3550	-55.0911	1.0000	47.6588	36.4880	74.0313	1.0000	53.0000	0.0468	0.6351	0.1774	65.5305	1.2418
80.4204	6.3540	102.5612	1.0000	52.2641	30.6994	118.1930	1.0000	39.0000	0.0453	0.6930	0.3133	74.8502	1.0478
41.0269	5.1186	80.8056	1.0000	47.6925	26.0696	74.5137	1.0000	22.0000	0.0462	0.7393	0.1721	75.5702	1.0006
54.1536	85.9883	260.0575	1.0000	52.2713	83.7405	215.0575	1.0000	3.0000	0.0454	0.1626	1.3895	126.1305	1.0232
44.3389	60.5140	139.1929	1.0000	43.9198	62.4225	90.0817	1.0000	2.0000	0.1216	0.3758	0.0009	38.0663	1.0235
77.6701	29.7065	71.6737	1.0000	52.0932	55.6485	117.2771	1.0000	38.0000	0.0419	0.4435	0.3031	52.1102	1.0431
21.9577	15.9210	260.5752	1.0000	17.4556	17.2767	89.3849	1.0000	7.0000	0.6509	0.8272	0.0068	88.8969	1.4888
29.3019	95.3442	233.6484	1.0000	26.4884	95.0216	162.8612	1.0000	3.0000	0.4702	0.0498	0.8096	76.7225	1.0593
20.7899	92.1998	212.1421	1.0000	17.6819	94.9158	89.4995	1.0000	5.0000	0.6464	0.0508	0.0056	32.7194	1.2114
88.9917	50.4910	-85.6882	1.0000	93.5465	51.4904	86.7353	1.0000	7.0000	0.8709	0.4851	0.0363	65.2697	1.5012
74.2073	72.4740	-52.6955	1.0000	78.0954	74.8485	92.0993	1.0000	6.0000	0.5619	0.2515	0.0233	37.7672	1.3170
95.1345	75.6487	205.2562	1.0000	52.4563	89.4166	118.3620	1.0000	50.0000	0.0491	0.1058	0.3151	30.3717	1.1150
2.6974	19.9036	-39.9793	1.0000	47.6801	50.1880	73.9182	1.0000	63.0000	0.0464	0.4981	0.1787	52.3950	1.1618
73.5598	6.1575	29.4553	1.0000	52.1818	35.5349	117.6930	1.0000	38.0000	0.0436	0.6447	0.3077	70.1955	1.0459
79.8276	14.0275	-53.4847	1.0000	83.6566	16.4330	93.6553	1.0000	6.0000	0.6731	0.8357	0.0406	90.1641	1.3269
66.3842	44.8150	79.8301	1.0000	52.1772	66.2995	117.6682	1.0000	26.0000	0.0435	0.3370	0.3074	43.6576	1.0094
31.6971	22.2409	-51.6218	1.0000	47.6148	41.2221	72.1746	1.0000	28.0000	0.0477	0.5878	0.1981	61.4676	1.1303
6.4207	30.4828	77.2021	1.0000	47.7419	87.3282	73.0456	1.0000	71.0000	0.0452	0.1267	0.1884	21.2868	1.0103
92.8557	8.3394	62.7908	1.0000	92.8939	9.3387	87.8105	1.0000	1.0000	0.8579	0.9066	0.0243	100.3203	1.0000
39.0582	86.5362	-39.3452	1.0000	47.6482	95.0248	73.5472	1.0000	14.0000	0.0470	0.0498	0.1828	17.3487	1.1593
24.1555	97.8532	70.9639	1.0000	24.5631	98.7664	65.9466	1.0000	1.0000	0.5087	0.0123	0.2673	35.0303	1.0000
81.9165	27.1944	90.5485	1.0000	52.4859	52.4502	118.4044	1.0000	41.0000	0.0497	0.4755	0.3156	55.4434	1.0572
22.5180	12.0702	-17.8866	1.0000	47.7530	39.1884	72.8842	1.0000	41.0000	0.0449	0.6081	0.1902	63.2143	1.1068
36.2789	51.4365	10.8940	1.0000	47.7008	72.1771	75.8486	1.0000	24.0000	0.0460	0.2782	0.1572	31.2996	1.0136
3.0992	36.5466	-38.7931	1.0000	47.5299	65.2846	70.3391	1.0000	61.0000	0.0494	0.3472	0.2185	39.9726	1.1528
25.6409	58.9744	214.4830	1.0000	22.3615	61.5187	93.6587	1.0000	5.0000	0.5528	0.3848	0.0407	47.5193	1.2046
50.1349	47.4919	80.2672	1.0000	50.2472	48.4856	83.5506	1.0000	1.0000	0.0049	0.5151	0.0717	51.9172	1.0000
87.2798	44.4038	25.4546	1.0000	52.1119	71.6170	117.3549	1.0000	50.0000	0.0422	0.2838	0.3039	39.4759	1.1244
8.0431	55.7612	135.7676	1.0000	7.7452	57.6902	86.1835	1.0000	2.0000	0.8451	0.4231	0.0424	59.9179	1.0247
4.6165	64.2233	144.9932	1.0000	30.7566	95.4480	45.9591	1.0000	42.0000	0.3849	0.0455	0.4893	48.2766	1.0314
46.2318	42.7429	97.7680	1.0000	47.6107	48.5727	74.2391	1.0000	6.0000	0.0478	0.5143	0.1751	53.8413	1.0016
62.7967	37.5399	-45.2985	1.0000	66.6346	40.4658	85.8576	1.0000	6.0000	0.3327	0.5953	0.0460	61.9531	1.2433
72.7986	68.0465	63.3595	1.0000	72.8490	69.0452	87.1120	1.0000	1.0000	0.4570	0.3095	0.0321	38.5826	1.0000
63.0769	80.0562	-45.0623	1.0000	66.9081	82.9923	86.0846	1.0000	6.0000	0.3382	0.1701	0.0435	24.2997	1.2430
60.4022	14.7489	29.7663	1.0000	61.3542	17.5142	86.5192	1.0000	3.0000	0.2271	0.8249	0.0387	83.3363	1.0258
49.0910	45.2743	93.4807	1.0000	49.1316	46.2735	87.6699	1.0000	1.0000	0.0174	0.5373	0.0259	53.7840	1.0000
40.4586	22.6688	68.2419	1.0000	47.5831	42.3931	73.5714	1.0000	21.0000	0.0483	0.5761	0.1825	59.9525	1.0014
70.7961	49.5616	257.5172	1.0000	52.3614	57.2210	118.4761	1.0000	27.0000	0.0472	0.4278	0.3164	51.4442	1.3525
95.6425	99.3784	70.6209	1.0000	95.5433	100.3734	95.6909	1.0000	1.0000	0.9109	0.0037	0.0632	45.8990	1.0000
71.3702	27.3669	-0.9060	1.0000	73.2546	30.4137	93.9416	1.0000	4.0000	0.4651	0.6959	0.0438	73.4749	1.1165
43.5899	50.4555	-11.1633	1.0000	47.5151	53.0254	60.5159	1.0000	5.0000	0.0497	0.4697	0.3276	55.5166	1.0657
32.5454	91.3476	243.2424	1.0000	29.0144	95.6828	65.7528	1.0000	9.0000	0.4197	0.0432	0.2694	32.3568	1.6097
4.4655	92.5983	114.5447	1.0000	4.4756	93.5983	89.4181	1.0000	1.0000	0.9105	0.0640	0.0065	45.9760	1.0000
51.7171	34.0923	203.5464	1.0000	50.7282	33.9437	188.5464	1.0000	1.0000	0.0146	0.6606	1.0950	118.6396	1.0000
20.2026	37.0035	71.2876	1.0000	47.7036	79.5072	72.1388	1.0000	51.0000	0.0459	0.2049	0.1985	27.2810	1.0074
98.7110	48.6234	264.9642	1.0000	52.2268	53.8103	118.5966	1.0000	59.0000	0.0445	0.4619	0.3177	54.3710	1.2614
25.5913	41.5086	247.6968	1.0000	47.5240	84.8576	70.2077	1.0000	56.0000	0.0495	0.1514	0.2199	25.0431	1.1527
58.5100	25.8651	192.1082	1.0000	52.2379	29.9312	117.2051	1.0000	8.0000	0.0448	0.7007	0.3023	75.1982	1.0703
41.6767	87.0429	44.6912	1.0000	46.5582	95.7685	63.5844	1.0000	10.0000	0.0688	0.0423	0.2935	26.9729	1.0002
70.6538	76.9979	-61.1293	1.0000	59.6397	95.1111	128.4986	1.0000	29.0000	0.1928	0.0489	0.4278	39.9871	1.3680
70.2139	30.8163	203.4353	1.0000	52.2402	45.4713	118.4172	1.0000	25.0000	0.0448	0.5453	0.3157	61.5300	1.0780
20.8146	50.2606	181.8905	1.0000	46.9037	95.5138	65.0676	1.0000	55.0000	0.0619	0.0449	0.2770	25.5213	1.0529
23.4586	26.8478	248.1784	1.0000	47.5140	72.3481	70.1926	1.0000	59.0000	0.0497	0.2765	0.2201	34.1049	1.1463
75.7868	75.7915	218.3531	1.0000	52.2907	88.8319	118.9429	1.0000	31.0000	0.0458	0.1117	0.3216	31.1073	1.1536
28.9336	88.9240	151.0939	1.0000	30.0363	95.2176	55.2331	1.0000	7.0000	0.3993	0.0478	0.3863	40.3752	1.0956
21.8029	17.0035	-76.5132	1.0000	47.6766	34.7670	74.4153	1.0000	45.0000	0.0465	0.6523	0.1732	67.1091	1.4338
39.5026	46.0617	-77.2633	1.0000	47.7889	48.5226	69.2179	1.0000	12.0000	0.0442	0.5148	0.2309	55.5581	1.3882
58.9134	99.4588	145.9773	1.0000	58.1366	100.0886	140.9698	1.0000	1.0000	0.1627	0.0009	0.5663	51.6152	1.0000
34.8854	62.6710	36.2663	1.0000	47.5432	86.4654	72.4322	1.0000	27.0000	0.0491	0.1353	0.1952	22.3125	1.0018
52.6729	73.0838	86.5939	1.0000	52.3884	75.0603	101.3722	1.0000	2.0000	0.0478	0.2494	0.1264	27.5140	1.0015
65.2256	59.0771	-73.8762	1.0000	69.7750	60.8572	90.5332	1.0000	7.0000	0.3955	0.3914	0.0059	43.8577	1.4329
49.4913	96.2127	139.5209	1.0000	49.0717	97.1204	114.8103	1.0000	1.0000	0.0186	0.0288	0.2757	24.9941	1.0000
2.7035	52.9938	59.1174	1.0000	38.7787	95.3416	60.2047	1.0000	56.0000	0.2244	0.0466	0.3311	32.1773	1.0066
66.9266	13.2080	254.2058	1.0000	52.3082	20.6195	118.7103	1.0000	20.0000	0.0462	0.7938	0.3190	84.4445	1.2203
69.3233	9.3643	216.6401	1.0000	52.1685	23.0796	117.6227	1.0000	24.0000	0.0434	0.7692	0.3069	81.7585	1.0927
34.1850	32.5950	-40.8760	1.0000	47.7271	49.6244	73.6612	1.0000	24.0000	0.0455	0.5038	0.1815	53.0078	1.1031
77.7005	55.5720	185.6099	1.0000	52.1835	71.3013	117.7019	1.0000	33.0000	0.0437	0.2870	0.3078	39.9472	1.1009
55.0611	9.3834	115.5225	1.0000	52.0783	14.5877	117.9752	1.0000	6.0000	0.0416	0.8541	0.3108	89.9010	1.0002
82.9253	24.9413	-40.6854	1.0000	52.1859	52.6848	117.7148	1.0000	51.0000	0.0437	0.4732	0.3079	54.8782	1.2316
17.7089	14.1138	98.3061	1.0000	47.5126	59.7290	70.3553	1.0000	55.0000	0.0497	0.4027	0.2183	44.8760	1.0094
93.9551	26.8857	175.9951	1.0000	52.2758	42.2035	118.5514	1.0000	49.0000	0.0455	0.5780	0.3172	64.5042	1.1035
77.8719	91.0972	71.0229	1.0000	76.0244	95.6666	123.6483	1.0000	5.0000	0.5205	0.0433	0.3739	42.7581	1.0144
67.8607	62.7914	41.9537	1.0000	52.4746	87.5111	118.3875	1.0000	30.0000	0.0495	0.1249	0.3154	31.1119	1.0303
14.0739	41.5744	57.8473	1.0000	47.7891	89.3162	73.1710	1.0000	59.0000	0.0442	0.1068	0.1870	20.0561	1.0095
59.7117	28.3734	107.4208	1.0000	52.1847	40.1127	117.7109	1.0000	14.0000	0.0437	0.5989	0.3079	66.0239	1.0039
78.0198	86.8511	194.6198	1.0000	56.7610	95.2962	128.4985	1.0000	25.0000	0.1352	0.0470	0.4278	39.3696	1.0929
44.1112	45.0666	255.9008	1.0000	47.5938	72.6541	73.4830	1.0000	34.0000	0.0481	0.2735	0.1835	32.0374	1.2227
28.5924	15.3164	-75.1414	1.0000	47.7079	32.2008	74.3159	1.0000	35.0000	0.0458	0.6780	0.1743	69.6274	1.3723
13.0557	69.1766	267.7283	1.0000	30.9148	95.1544	48.3524	1.0000	41.0000	0.3817	0.0485	0.4628	46.0679	1.3006
99.4120	59.3118	-37.1087	1.0000	100.3901	59.1038	-12.0059	0.0000	1.0000	1.0078	0.4090	1.1334	120.9003	1.0000
20.3688	19.7401	41.8823	1.0000	47.6811	59.6778	72.6920	1.0000	49.0000	0.0464	0.4032	0.1923	43.9412	1.0127
95.5385	51.9588	164.9840	1.0000	52.1187	68.0731	117.3850	1.0000	51.0000	0.0424	0.3193	0.3043	42.1160	1.1012
81.8657	68.6333	230.8471	1.0000	52.2550	80.1438	118.2235	1.0000	38.0000	0.0451	0.1986	0.3136	34.5820	1.1961
73.4393	90.9825	154.2106	1.0000	62.3675	95.1705	140.2189	1.0000	12.0000	0.2474	0.0483	0.5580	51.9444	1.0137
45.4140	46.0995	44.8445	1.0000	47.5784	50.5966	69.5836	1.0000	5.0000	0.0484	0.4940	0.2268	53.5106	1.0018
41.4925	49.3308	5.8007	1.0000	47.6550	59.1829	73.6912	1.0000	12.0000	0.0469	0.4082	0.1812	44.0172	1.0326
64.2807	7.6032	55.7086	1.0000	64.6423	9.5529	86.9924	1.0000	2.0000	0.2928	0.9045	0.0334	91.6740	1.0086
12.3929	77.3092	111.7617	1.0000	12.4519	78.3075	86.6202	1.0000	1.0000	0.7510	0.2169	0.0376	43.4954	1.0000
1.7108	86.4647	-65.3723	1.0000	39.3484	95.5277	60.4803	1.0000	47.0000	0.2130	0.0447	0.3280	31.6997	1.2141
66.1136	39.8568	254.8376	1.0000	52.1938	46.5718	118.3296	1.0000	19.0000	0.0439	0.5343	0.3148	60.5140	1.2294
32.8551	92.1891	44.5749	1.0000	34.8174	95.6723	61.3189	1.0000	4.0000	0.3037	0.0433	0.3187	32.7390	1.0005
12.5031	27.9218	133.4060	1.0000	47.7010	81.1960	72.8031	1.0000	65.0000	0.0460	0.1880	0.1911	25.5853	1.0180
16.8134	80.3616	5.7481	1.0000	38.8654	95.1849	61.5101	1.0000	29.0000	0.2227	0.0482	0.3166	30.9651	1.0914
99.0733	39.2318	-53.4140	1.0000	100.9518	38.6970	-3.4575	0.0000	2.0000	1.0190	0.6130	1.0384	122.8351	1.0240
26.4897	61.1152	8.1433	1.0000	47.5361	89.4844	70.8323	1.0000	37.0000	0.0493	0.1052	0.2130	22.0012	1.0475
94.0766	55.1506	207.8114	1.0000	52.4501	68.7640	118.3538	1.0000	49.0000	0.0490	0.3124	0.3150	42.2567	1.1188
54.0194	45.3790	143.7023	1.0000	52.4311	47.9063	117.7256	1.0000	3.0000	0.0486	0.5209	0.3081	59.0624	1.0051
32.7241	24.5052	112.2298	1.0000	32.7485	25.5049	88.6072	1.0000	1.0000	0.3450	0.7450	0.0155	76.4793	1.0000
56.9514	62.9135	87.7403	1.0000	52.2870	71.6920	118.4705	1.0000	10.0000	0.0457	0.2831	0.3163	40.2137	1.0060
42.5100	87.4323	32.3904	1.0000	46.9741	95.2097	66.0775	1.0000	9.0000	0.0605	0.0479	0.2658	24.5843	1.0036
30.0233	72.9214	40.1778	1.0000	43.4329	95.1050	60.0774	1.0000	26.0000	0.1313	0.0489	0.3325	31.0234	1.0030
7.6703	5.3041	158.6036	1.0000	47.7305	65.0198	73.2864	1.0000	74.0000	0.0454	0.3498	0.1857	38.8344	1.0291
54.9040	57.4312	14.8909	1.0000	56.2823	60.9269	93.2281	1.0000	4.0000	0.1256	0.3907	0.0359	39.7064	1.0645
56.7124	60.2002	123.0112	1.0000	52.3070	66.8583	118.9289	1.0000	8.0000	0.0461	0.3314	0.3214	44.0519	1.0021
21.1445	79.1961	-13.4325	1.0000	41.2922	95.2572	61.2800	1.0000	29.0000	0.1742	0.0474	0.3191	30.3835	1.1255
67.8158	87.7436	192.9081	1.0000	56.8348	95.4166	128.5337	1.0000	14.0000	0.1367	0.0458	0.4282	39.4027	1.0451
89.5392	53.8816	-84.5503	1.0000	94.0729	54.9759	87.9627	1.0000	7.0000	0.8815	0.4502	0.0226	63.0376	1.5009
46.2530	97.7826	113.1833	1.0000	46.1611	98.7784	95.2689	1.0000	1.0000	0.0768	0.0122	0.0585	6.6326	1.0000
12.9252	47.4823	188.0285	1.0000	10.8002	50.3193	89.4382	1.0000	4.0000	0.7840	0.4968	0.0062	63.2860	1.1285
20.8754	31.3833	-45.6256	1.0000	47.7086	54.7588	73.0516	1.0000	43.0000	0.0458	0.4524	0.1883	48.3660	1.2083
21.6591	21.1869	-83.5132	1.0000	47.5798	36.2798	71.5213	1.0000	45.0000	0.0484	0.6372	0.2053	66.3896	1.5003
46.5285	13.7292	18.7637	1.0000	48.0190	15.0370	48.7637	1.0000	2.0000	0.0396	0.8496	0.4582	94.4620	1.0086
51.8983	77.4385	70.6266	1.0000	52.0675	78.4240	80.2569	1.0000	1.0000	0.0414	0.2158	0.1083	23.7640	1.0000
19.4175	63.2336	194.3165	1.0000	38.4756	95.4623	60.3826	1.0000	41.0000	0.2305	0.0454	0.3291	32.1029	1.0950
39.4265	76.4606	-9.3085	1.0000	47.6018	88.1392	72.9798	1.0000	15.0000	0.0480	0.1186	0.1891	20.8834	1.0522
58.3737	29.4706	211.3118	1.0000	52.4160	31.7229	118.0309	1.0000	7.0000	0.0483	0.6828	0.3115	73.8467	1.0990
25.3317	13.1118	194.9220	1.0000	47.5752	56.3738	70.7703	1.0000	52.0000	0.0485	0.4363	0.2137	47.7379	1.0690
59.7054	28.0852	96.5372	1.0000	52.2624	39.8634	118.1473	1.0000	14.0000	0.0452	0.6014	0.3127	66.4364	1.0048
18.5489	91.2353	30.9592	1.0000	25.4092	95.3507	30.9592	1.0000	8.0000	0.4918	0.0465	0.6560	64.1260	1.0000
53.5779	12.4048	-2.4772	1.0000	55.9605	16.1588	92.5104	1.0000	5.0000	0.1192	0.8384	0.0279	84.0903	1.1245
31.1519	74.9728	-66.6888	1.0000	47.7691	92.7002	72.9314	1.0000	29.0000	0.0446	0.0730	0.1897	18.6976	1.1935
16.1250	22.8354	-54.9839	1.0000	47.6450	46.2872	72.6821	1.0000	49.0000	0.0471	0.5371	0.1924	56.4847	1.2472
15.3468	93.1191	-36.1895	1.0000	34.4258	95.3744	62.1129	1.0000	21.0000	0.3115	0.0463	0.3099	32.2745	1.0931
26.6589	31.3699	203.8417	1.0000	47.6107	73.5702	70.9223	1.0000	51.0000	0.0478	0.2643	0.2120	32.6834	1.0825
24.7241	94.6676	-12.9066	1.0000	32.6000	95.1716	23.0728	1.0000	8.0000	0.3480	0.0483	0.7436	69.3204	1.0137
49.9251	50.2173	117.0551	1.0000	49.5564	51.1468	111.6353	1.0000	1.0000	0.0089	0.4885	0.2404	53.4314	1.0000
18.3138	96.5060	245.8675	1.0000	17.5608	95.8479	221.1534	1.0000	1.0000	0.6488	0.0415	1.4573	135.1694	1.0000
62.7382	6.7318	169.5895	1.0000	52.4626	17.0768	118.3521	1.0000	15.0000	0.0493	0.8292	0.3150	87.6707	1.0287
33.4714	65.8786	251.2002	1.0000	28.9770	67.7839	86.7162	1.0000	7.0000	0.4205	0.3222	0.0365	38.6086	1.4340
8.3786	36.9227	98.4074	1.0000	47.7568	92.6279	73.1502	1.0000	69.0000	0.0449	0.0737	0.1872	18.5282	1.0115
56.2336	90.5246	121.3314	1.0000	52.9288	95.5187	119.1874	1.0000	6.0000	0.0586	0.0448	0.3243	29.6743	1.0019
63.3959	85.7085	252.1455	1.0000	52.4967	88.8773	117.5647	1.0000	14.0000	0.0499	0.1112	0.3063	29.8288	1.2334
40.7406	23.9031	198.3806	1.0000	47.5858	55.8163	76.7512	1.0000	35.0000	0.0483	0.4418	0.1472	46.1905	1.0723
52.6614	15.5393	207.9733	1.0000	51.6869	15.3148	192.9733	1.0000	1.0000	0.0337	0.8469	1.1441	133.3339	1.0000
7.7497	42.3642	192.4011	1.0000	5.4203	45.0372	93.7948	1.0000	4.0000	0.8916	0.5496	0.0422	70.8707	1.1281
54.1863	22.0322	38.1277	1.0000	55.0031	24.8489	88.7555	1.0000	3.0000	0.1001	0.7515	0.0138	75.3277	1.0229
78.7017	66.1148	52.3361	1.0000	52.0688	92.9111	117.1902	1.0000	40.0000	0.0414	0.0709	0.3021	28.1751	1.0588
11.8785	76.3214	161.3848	1.0000	10.8340	78.9357	86.8253	1.0000	3.0000	0.7833	0.2106	0.0353	44.5843	1.0656
29.0429	68.8108	-30.2636	1.0000	47.7319	93.2890	75.2962	1.0000	34.0000	0.0454	0.0671	0.1634	16.3213	1.1040
23.6567	8.0646	203.7319	1.0000	47.5677	53.0745	70.6565	1.0000	55.0000	0.0486	0.4693	0.2149	50.8143	1.0791
46.3979	88.1464	-49.0692	1.0000	48.1713	87.2595	-19.0692	1.0000	2.0000	0.0366	0.1274	1.2119	109.8260	1.0086
27.9384	10.2040	-32.0185	1.0000	47.5791	33.3563	71.6164	1.0000	34.0000	0.0484	0.6664	0.2043	69.1752	1.1199
99.7383	51.1741	206.4367	1.0000	52.2559	64.9664	118.2116	1.0000	55.0000	0.0451	0.3503	0.3135	45.0370	1.1123
48.8269	99.7125	245.2423	1.0000	48.1754	98.9538	229.3502	1.0000	1.0000	0.0365	0.0105	1.5483	139.3661	1.0000
46.9022	32.0448	219.6382	1.0000	47.6306	50.0588	74.7481	1.0000	22.0000	0.0474	0.4994	0.1695	52.2720	1.2203
87.9569	9.0266	161.2062	1.0000	52.2900	25.2420	118.9486	1.0000	43.0000	0.0458	0.7476	0.3217	80.1999	1.0975
87.8927	50.0478	237.1934	1.0000	52.0796	60.9723	117.2277	1.0000	45.0000	0.0416	0.3903	0.3025	47.6323	1.2018
79.5497	76.5711	192.7966	1.0000	52.1037	92.0687	117.3196	1.0000	35.0000	0.0421	0.0793	0.3036	28.5252	1.1104
56.3807	5.1825	123.5455	1.0000	52.1064	11.9202	117.3980	1.0000	8.0000	0.0421	0.8808	0.3044	92.2667	1.0026
91.7727	95.2793	40.4354	1.0000	92.1929	96.1867	65.1493	1.0000	1.0000	0.8439	0.0381	0.2761	49.1156	1.0000
21.5600	62.7887	-16.9761	1.0000	47.7242	90.2302	72.5703	1.0000	42.0000	0.0455	0.0977	0.1937	20.1102	1.1077
53.1810	32.3938	138.4298	1.0000	52.1897	34.1297	117.9692	1.0000	2.0000	0.0438	0.6587	0.3108	71.5958	1.0005
53.0559	43.6654	230.7343	1.0000	52.2442	43.0814	215.7343	1.0000	1.0000	0.0449	0.5692	1.3970	138.0357	1.0000
35.7612	72.8402	147.7505	1.0000	42.1503	95.4768	70.7543	1.0000	24.0000	0.1570	0.0452	0.2138	21.2714	1.0204
87.6352	69.9875	-83.2070	1.0000	92.1428	71.1924	89.3664	1.0000	7.0000	0.8429	0.2881	0.0070	51.0519	1.5003
56.9359	32.1140	164.0126	1.0000	52.0631	36.7325	117.2576	1.0000	7.0000	0.0413	0.6327	0.3029	68.9203	1.0426
69.0962	57.4012	-30.6628	1.0000	72.3289	60.0738	86.8019	1.0000	5.0000	0.4466	0.3993	0.0355	45.8575	1.1921
76.2343	70.3233	51.3191	1.0000	53.0353	95.8099	119.0403	1.0000	36.0000	0.0607	0.0419	0.3227	29.4976	1.0446
2.6032	6.2267	206.2610	1.0000	-0.0002	7.3146	132.7025	0.0000	3.0000	1.0000	0.9269	0.4745	113.6403	1.0632
2.7475	71.0583	207.8891	1.0000	-0.2286	73.0130	110.0679	0.0000	4.0000	1.0046	0.2699	0.2230	60.4477	1.1234
71.9361	41.8951	154.5948	1.0000	52.4337	58.9757	118.3347	1.0000	27.0000	0.0487	0.4102	0.3148	49.9177	1.0415
41.5049	79.0277	237.4099	1.0000	37.5687	81.2207	89.0838	1.0000	6.0000	0.2486	0.1878	0.0102	22.5397	1.3316
69.2883	81.4129	214.9865	1.0000	52.1427	95.2455	117.4955	1.0000	24.0000	0.0429	0.0475	0.3055	27.9857	1.0894
75.1755	12.1388	219.1987	1.0000	52.0848	25.7613	117.2463	1.0000	31.0000	0.0417	0.7424	0.3027	79.1081	1.1563
85.7017	47.2957	194.5620	1.0000	52.2037	62.4258	117.8172	1.0000	41.0000	0.0441	0.3757	0.3091	46.8025	1.1155
26.9055	62.2732	-25.8358	1.0000	47.5301	87.2399	72.5847	1.0000	36.0000	0.0494	0.1276	0.1935	21.7304	1.1117
65.6730	41.1175	-20.0673	1.0000	68.5731	44.3734	87.4201	1.0000	5.0000	0.3715	0.5563	0.0287	58.7021	1.1467
32.7710	68.0678	194.6202	1.0000	43.3926	95.1411	60.0828	1.0000	32.0000	0.1321	0.0486	0.3324	31.0210	1.1003
54.3196	27.5763	264.8706	1.0000	51.7253	24.7579	204.8706	1.0000	4.0000	0.0345	0.7524	1.2763	137.3303	1.0442
86.9463	37.5796	136.4309	1.0000	52.1562	56.7329	117.5612	1.0000	43.0000	0.0431	0.4327	0.3062	51.3450	1.0827
63.3238	38.2503	150.2577	1.0000	52.2170	52.2585	118.6431	1.0000	18.0000	0.0443	0.4774	0.3183	55.7189	1.0069
55.0327	55.9856	-89.1358	1.0000	59.8564	57.6062	88.1350	1.0000	8.0000	0.1971	0.4239	0.0207	43.5644	1.5721
75.8563	71.4037	141.2419	1.0000	52.1505	90.6972	117.5332	1.0000	32.0000	0.0430	0.0930	0.3059	29.1418	1.0470
18.5522	91.1250	-66.8114	1.0000	39.4448	95.0251	60.0762	1.0000	29.0000	0.2111	0.0497	0.3325	32.1185	1.3645
64.4055	55.8583	133.3205	1.0000	52.4307	71.8261	118.3318	1.0000	20.0000	0.0486	0.2817	0.3148	40.0296	1.0020
73.4223	82.2483	49.1265	1.0000	63.8546	95.2802	129.1064	1.0000	17.0000	0.2771	0.0472	0.4345	41.7557	1.0515
10.0631	37.7611	-39.9280	1.0000	47.7693	65.7729	73.7375	1.0000	55.0000	0.0446	0.3423	0.1807	37.9597	1.1709
87.4689	86.5861	198.6495	1.0000	55.8066	95.7449	128.4932	1.0000	36.0000	0.1161	0.0426	0.4277	39.1605	1.0922
94.6293	30.6644	-88.7154	1.0000	52.0508	56.2953	117.1299	1.0000	66.0000	0.0410	0.4370	0.3014	51.4814	1.3280
86.8867	1.4154	133.9863	1.0000	52.1814	20.8404	117.6905	1.0000	43.0000	0.0436	0.7916	0.3077	83.8914	1.0812
62.2831	62.2040	241.6690	1.0000	52.0757	65.8802	117.5833	1.0000	13.0000	0.0415	0.3412	0.3065	43.9239	1.1982
12.3621	74.5832	-60.5974	1.0000	46.9483	95.5575	65.6467	1.0000	51.0000	0.0610	0.0444	0.2706	24.9426	1.2608
62.4011	13.2340	-64.1265	1.0000	66.7704	15.8862	89.6579	1.0000	7.0000	0.3354	0.8411	0.0038	85.7700	1.3695
30.5768	81.1788	157.9280	1.0000	29.5507	83.8219	87.7878	1.0000	3.0000	0.4090	0.1618	0.0246	26.1687	1.0581
1.9657	93.1360	94.2950	1.0000	2.5515	95.0405	67.9406	1.0000	2.0000	0.9490	0.0496	0.2451	52.5602	1.0038
58.8493	38.5784	50.0025	1.0000	52.2311	52.4482	118.5765	1.0000	16.0000	0.0446	0.4755	0.3175	55.5227	1.0411
64.5657	47.4574	73.0713	1.0000	64.5994	48.4569	88.0713	1.0000	1.0000	0.2920	0.5154	0.0214	53.6056	1.0000
83.4983	94.2345	94.5380	1.0000	83.1852	95.1843	108.2468	1.0000	1.0000	0.6637	0.0482	0.2027	38.1758	1.0000
7.1196	77.7040	133.9241	1.0000	20.4455	95.4335	45.0009	1.0000	23.0000	0.5911	0.0457	0.5000	54.0300	1.0370
61.6438	55.3439	104.7942	1.0000	52.2721	69.4367	118.4319	1.0000	17.0000	0.0454	0.3056	0.3159	41.8049	1.0045
63.2978	24.9986	-30.1391	1.0000	52.1342	49.2263	117.4557	1.0000	31.0000	0.0427	0.5077	0.3051	57.7611	1.1621
85.2010	15.1471	237.1278	1.0000	52.2216	25.8959	118.0600	1.0000	42.0000	0.0444	0.7410	0.3118	79.2699	1.2108
80.3757	94.1139	-14.1093	1.0000	82.6908	95.7204	59.4496	1.0000	3.0000	0.6538	0.0428	0.3394	44.9481	1.0646
13.3272	70.5001	262.4248	1.0000	8.8349	71.7690	89.8765	1.0000	7.0000	0.8233	0.2823	0.0014	49.9157	1.4995
0.5232	28.3283	235.9450	1.0000	-0.3347	27.8146	210.9118	0.0000	1.0000	1.0067	0.7219	1.3435	149.5460	1.0000
25.8568	23.5999	116.6241	1.0000	25.8096	24.5988	92.7002	1.0000	1.0000	0.4838	0.7540	0.0300	79.2326	1.0000
10.3884	89.2783	-61.5899	1.0000	38.5881	95.5548	60.0422	1.0000	36.0000	0.2282	0.0445	0.3329	32.3645	1.2461
77.0032	47.6131	240.4456	1.0000	52.1185	57.9700	117.3844	1.0000	34.0000	0.0424	0.4203	0.3043	50.2087	1.2614
94.9347	60.7644	56.5238	1.0000	52.4805	86.0567	118.3963	1.0000	55.0000	0.0496	0.1394	0.3155	31.7320	1.1130
76.0273	80.2678	-50.5726	1.0000	61.6847	95.0574	135.3624	1.0000	29.0000	0.2337	0.0494	0.5040	47.1032	1.4076
63.5013	64.9296	12.3163	1.0000	64.9883	68.3804	91.4404	1.0000	4.0000	0.2998	0.3162	0.0160	35.0218	1.0645
44.5506	26.3612	-36.6349	1.0000	48.3808	26.4191	23.3651	1.0000	4.0000	0.0324	0.7358	0.7404	99.2824	1.0442
62.4717	8.1108	233.3708	1.0000	52.1417	12.4948	118.4188	1.0000	13.0000	0.0428	0.8751	0.3158	92.0292	1.1585
87.2634	81.6065	-2.8248	1.0000	62.5037	95.5395	143.2937	1.0000	35.0000	0.2501	0.0446	0.5922	54.9223	1.2319
97.7607	65.8255	-61.6946	1.0000	100.5168	65.2380	12.4336	0.0000	3.0000	1.0103	0.3476	0.8618	98.8782	1.0646
13.6555	17.7070	267.1621	1.0000	47.5046	72.6074	70.1097	1.0000	74.0000	0.0499	0.2739	0.2210	33.9442	1.1473
75.5569	43.4928	24.3995	1.0000	52.2209	71.4978	117.9288	1.0000	39.0000	0.0444	0.2850	0.3103	39.9665	1.0699
17.7081	65.8112	-58.6928	1.0000	47.7535	88.4788	74.3940	1.0000	48.0000	0.0449	0.1152	0.1734	19.5277	1.2753
25.1697	26.9609	-6.1370	1.0000	47.6880	56.3951	75.5598	1.0000	40.0000	0.0462	0.4360	0.1604	45.9918	1.0793
51.2347	47.2098	94.7676	1.0000	51.0915	48.1995	98.2325	1.0000	1.0000	0.0218	0.5180	0.0915	52.4619	1.0000
71.9124	71.5276	73.1578	1.0000	54.3112	95.5282	127.3952	1.0000	30.0000	0.0862	0.0447	0.4155	37.9075	1.0080
21.9753	43.6644	6.2687	1.0000	47.6181	74.4230	73.7006	1.0000	43.0000	0.0476	0.2558	0.1811	30.4225	1.0738
29.4456	64.3268	121.7874	1.0000	46.2619	95.8530	61.9357	1.0000	36.0000	0.0748	0.0415	0.3118	28.6143	1.0075
60.9698	44.2691	50.7382	1.0000	52.4198	60.4478	118.3223	1.0000	19.0000	0.0484	0.3955	0.3147	48.7071	1.0383
91.0270	64.9851	160.6039	1.0000	52.3451	81.0737	118.5657	1.0000	46.0000	0.0469	0.1893	0.3174	34.3468	1.0980
8.4467	66.0287	-12.0126	1.0000	47.1649	95.5530	67.1247	1.0000	54.0000	0.0567	0.0445	0.2542	23.4754	1.1090
71.6143	87.2556	132.9659	1.0000	61.8451	95.6429	128.6073	1.0000	13.0000	0.2369	0.0436	0.4290	40.6179	1.0097
31.1518	63.7248	30.7346	1.0000	47.5516	92.2397	70.6820	1.0000	33.0000	0.0490	0.0776	0.2146	20.9619	1.0032
94.8156	90.1400	-20.9991	1.0000	96.5767	95.2562	116.0564	1.0000	7.0000	0.9315	0.0474	0.2895	53.5801	1.2937
98.6390	87.5471	236.4196	1.0000	53.3636	95.8587	119.0207	1.0000	53.0000	0.0673	0.0414	0.3225	29.5071	1.1514
0.8659	63.6937	217.8668	1.0000	-0.1094	63.4730	192.7484	0.0000	1.0000	1.0022	0.3653	1.1416	120.0101	1.0000
90.5691	87.6102	147.2838	1.0000	59.1368	95.3037	128.7440	1.0000	34.0000	0.1827	0.0470	0.4305	40.0829	1.0507
49.5478	33.0556	-39.3439	1.0000	50.4589	32.6434	-24.3439	1.0000	1.0000	0.0092	0.6736	1.2705	132.7089	1.0000
1.8875	25.9557	235.9913	1.0000	-0.9163	25.6433	162.1358	0.0000	3.0000	1.0183	0.7436	0.8015	115.4338	1.0634
59.5550	12.4707	-82.9331	1.0000	64.1582	14.6774	94.4383	1.0000	8.0000	0.2832	0.8532	0.0493	86.6031	1.5671
67.2316	80.4584	18.5762	1.0000	60.1184	95.3166	128.4899	1.0000	18.0000	0.2024	0.0468	0.4277	40.0723	1.0927
3.7282	33.6380	-11.5216	1.0000	47.5555	65.4945	70.3641	1.0000	60.0000	0.0489	0.3451	0.2182	39.7766	1.1074
45.6120	15.1461	-28.6968	1.0000	47.5833	14.9321	1.3032	1.0000	2.0000	0.0483	0.8507	0.9855	122.9208	1.0086
48.3361	54.9733	163.6314	1.0000	47.5828	55.6309	138.8833	1.0000	1.0000	0.0483	0.4437	0.5431	66.0609	1.0000
86.0212	63.3913	-32.5311	1.0000	89.1138	66.1144	91.0625	1.0000	5.0000	0.7823	0.3389	0.0118	51.7615	1.2134
36.0692	2.8931	87.1468	1.0000	47.7370	44.2752	73.6022	1.0000	43.0000	0.0453	0.5572	0.1822	58.1314	1.0001
82.8080	50.1541	218.6165	1.0000	52.4325	63.0641	118.3335	1.0000	38.0000	0.0487	0.3694	0.3148	46.6150	1.1513
70.4508	9.0217	-59.3905	1.0000	52.0497	38.0439	117.1264	1.0000	42.0000	0.0410	0.6196	0.3014	67.6654	1.2222
59.3346	27.7643	149.5467	1.0000	52.0825	37.1630	117.2202	1.0000	12.0000	0.0416	0.6284	0.3024	68.5111	1.0108
67.3441	35.9582	228.7616	1.0000	52.1112	46.8898	117.3465	1.0000	21.0000	0.0422	0.5311	0.3038	59.7744	1.1200
58.4832	15.3264	13.9004	1.0000	59.8524	18.8226	93.4388	1.0000	4.0000	0.1970	0.8118	0.0382	81.8454	1.0653
58.5876	50.8484	19.0513	1.0000	52.2057	66.2415	117.8308	1.0000	18.0000	0.0441	0.3376	0.3092	43.8070	1.0802
63.8720	35.7927	-64.8771	1.0000	68.2774	38.3339	90.5490	1.0000	7.0000	0.3655	0.6167	0.0061	64.3201	1.3764
49.7256	12.9764	240.2630	1.0000	49.0193	12.2685	225.0666	1.0000	1.0000	0.0196	0.8773	1.5007	161.0613	1.0000
15.6103	53.8961	54.2002	1.0000	45.8993	95.6608	61.1034	1.0000	52.0000	0.0820	0.0434	0.3211	29.5069	1.0079
69.9062	85.3210	56.0213	1.0000	64.5690	95.6396	128.3440	1.0000	12.0000	0.2914	0.0436	0.4260	41.2496	1.0329
48.3030	93.0187	127.2485	1.0000	47.9238	93.9440	112.2825	1.0000	1.0000	0.0415	0.0606	0.2476	23.1839	1.0000
45.6714	47.5825	80.0038	1.0000	47.5053	54.3357	75.8759	1.0000	7.0000	0.0499	0.4566	0.1569	47.8638	1.0003
61.2138	31.5910	-24.8374	1.0000	52.2172	52.8774	118.7065	1.0000	27.0000	0.0443	0.4712	0.3190	55.2224	1.1683
67.7681	80.5397	52.1300	1.0000	68.1485	82.4803	87.4984	1.0000	2.0000	0.3630	0.1752	0.0278	25.3489	1.0113
0.7387	54.0150	118.6874	1.0000	0.6716	55.0127	93.8490	1.0000	1.0000	0.9866	0.4499	0.0428	66.8727	1.0000
85.5051	33.0001	47.8769	1.0000	52.0604	60.0294	117.1617	1.0000	47.0000	0.0412	0.3997	0.3018	48.3699	1.0930
32.0360	66.2458	-58.4522	1.0000	47.6389	84.7504	74.1238	1.0000	28.0000	0.0472	0.1525	0.1764	22.1399	1.1568
32.3333	78.5572	-58.1424	1.0000	47.3670	95.2328	69.9715	1.0000	26.0000	0.0527	0.0477	0.2225	20.7557	1.1580
29.4798	99.7858	70.7308	1.0000	29.8911	100.6973	65.7106	1.0000	1.0000	0.4022	0.0070	0.2699	31.5409	1.0000
0.9695	16.2112	204.3320	1.0000	-0.0304	16.2180	179.6104	0.0000	1.0000	1.0006	0.8378	0.9957	132.4858	1.0000
18.2945	22.8344	159.5203	1.0000	17.3168	25.4783	85.6266	1.0000	3.0000	0.6537	0.7452	0.0486	81.4911	1.0643
78.7042	42.0287	55.5974	1.0000	52.4748	67.9685	118.3878	1.0000	39.0000	0.0495	0.3203	0.3154	42.8721	1.0572
47.8996	92.9497	217.9631	1.0000	43.8186	95.3611	90.3816	1.0000	6.0000	0.1236	0.0464	0.0042	7.7379	1.2658
21.9181	28.1069	96.0878	1.0000	47.5084	69.4676	70.3471	1.0000	49.0000	0.0498	0.3053	0.2184	36.3960	1.0075
28.7760	67.3491	-76.8046	1.0000	47.5272	83.0972	71.6983	1.0000	34.0000	0.0495	0.1690	0.2034	25.0354	1.3885
46.3402	59.9962	64.1582	1.0000	47.6746	63.7601	75.0013	1.0000	4.0000	0.0465	0.3624	0.1667	39.2899	1.0016
77.7214	72.4949	126.9906	1.0000	52.4053	93.0961	118.3107	1.0000	34.0000	0.0481	0.0690	0.3146	29.2394	1.0417
36.2792	16.5499	51.0085	1.0000	47.7080	38.7352	74.4121	1.0000	25.0000	0.0458	0.6126	0.1732	63.2583	1.0018
18.3370	89.2783	-57.1752	1.0000	39.6531	95.8232	60.1584	1.0000	29.0000	0.2069	0.0418	0.3316	31.8594	1.3005
40.7830	82.5662	-57.6152	1.0000	47.8037	84.5794	63.2769	1.0000	9.0000	0.0439	0.1542	0.2969	30.9312	1.2323
6.8587	61.9475	75.0839	1.0000	35.0625	95.2721	60.2147	1.0000	44.0000	0.2987	0.0473	0.3309	33.6548	1.0078
36.1415	81.4108	147.8515	1.0000	39.5637	95.5504	70.7550	1.0000	15.0000	0.2087	0.0445	0.2138	22.3402	1.0311
12.8543	79.7384	-77.9484	1.0000	45.4511	95.0088	61.4812	1.0000	50.0000	0.0910	0.0499	0.3169	29.3075	1.3890
45.9390	13.8244	232.0161	1.0000	41.9823	16.0126	89.3017	1.0000	6.0000	0.1604	0.8399	0.0078	84.3721	1.3270
69.8966	35.4965	-1.9356	1.0000	71.8648	38.4977	92.1379	1.0000	4.0000	0.4373	0.6150	0.0238	65.3083	1.1145
59.6793	72.6901	108.5636	1.0000	52.1099	84.4061	117.3505	1.0000	14.0000	0.0422	0.1559	0.3039	31.5543	1.0037
43.8916	35.3108	0.0705	1.0000	47.7938	39.4483	65.9642	1.0000	6.0000	0.0441	0.6055	0.2671	65.1851	1.0550
9.5603	55.8667	56.9433	1.0000	41.1415	95.4082	60.0167	1.0000	51.0000	0.1772	0.0459	0.3331	31.5999	1.0078
30.0581	44.4652	194.4701	1.0000	47.7435	83.5771	72.6068	1.0000	46.0000	0.0451	0.1642	0.1933	24.0276	1.0716
44.9603	92.8337	154.1397	1.0000	44.1935	95.5520	81.4261	1.0000	3.0000	0.1161	0.0445	0.0953	11.2700	1.0622
66.7275	98.0068	-13.3835	1.0000	67.7110	98.1876	10.4183	1.0000	1.0000	0.3542	0.0181	0.8842	81.5488	1.0000
38.2520	19.3732	227.8278	1.0000	47.6950	62.0840	73.8082	1.0000	48.0000	0.0461	0.3792	0.1799	41.2930	1.0973
42.3079	34.8244	226.0786	1.0000	47.7494	65.3122	73.7468	1.0000	35.0000	0.0450	0.3469	0.1806	38.3729	1.1301
92.4358	11.5522	214.4446	1.0000	52.2217	25.0514	118.0536	1.0000	48.0000	0.0444	0.7495	0.3117	80.0577	1.1316
94.6983	42.2498	178.5993	1.0000	52.1844	57.6611	117.7068	1.0000	50.0000	0.0437	0.4234	0.3079	50.6461	1.1057
61.9470	49.6419	-56.8084	1.0000	52.2927	72.4439	118.9276	1.0000	31.0000	0.0459	0.2756	0.3214	40.0175	1.2519
82.3827	86.3891	-37.0074	1.0000	85.6790	88.8589	86.4774	1.0000	5.0000	0.7136	0.1114	0.0391	37.5437	1.2139
42.4748	2.5948	178.7705	1.0000	47.7474	27.6489	73.5908	1.0000	27.0000	0.0451	0.7235	0.1823	74.2228	1.0546
18.5612	55.5403	-85.9098	1.0000	47.5331	70.9183	70.9765	1.0000	49.0000	0.0493	0.2908	0.2114	34.8385	1.4939
71.6396	1.4173	24.2623	1.0000	52.2628	31.1605	118.1564	1.0000	37.0000	0.0453	0.6884	0.3128	74.4095	1.0423
90.0147	84.9233	255.8377	1.0000	52.1868	92.3109	117.7199	1.0000	49.0000	0.0437	0.0769	0.3080	28.8495	1.2713
2.7360	18.9213	-53.1014	1.0000	47.5519	45.1281	70.3585	1.0000	62.0000	0.0490	0.5487	0.2182	58.3327	1.1942
88.5363	49.6873	-41.1696	1.0000	52.4018	76.4403	118.3085	1.0000	56.0000	0.0480	0.2356	0.3145	36.9080	1.2455
25.1918	4.4221	53.3033	1.0000	47.6891	40.7564	72.4471	1.0000	43.0000	0.0462	0.5924	0.1950	61.8325	1.0062
16.7580	84.1833	233.7718	1.0000	12.9490	86.6032	85.8100	1.0000	6.0000	0.7410	0.1340	0.0466	39.6208	1.3296
47.0063	15.7805	24.4715	1.0000	47.7783	16.4162	39.4715	1.0000	1.0000	0.0444	0.8358	0.5614	97.6950	1.0000
96.5212	78.3058	-88.7172	1.0000	100.4900	77.2008	33.5620	0.0000	5.0000	1.0098	0.2280	0.6271	79.0841	1.2137
1.6574	68.5127	159.7465	1.0000	22.6954	95.4601	45.0000	1.0000	36.0000	0.5461	0.0454	0.5000	52.8313	1.0530
63.2598	95.3201	19.3898	1.0000	63.9773	96.0167	44.1530	1.0000	1.0000	0.2795	0.0398	0.5094	48.0955	1.0000
75.5125	82.8301	-2.1639	1.0000	77.4091	85.8491	94.2862	1.0000	4.0000	0.5482	0.1415	0.0476	31.1429	1.1219
3.8859	42.3258	122.5941	1.0000	43.5105	95.1375	60.1874	1.0000	67.0000	0.1298	0.0486	0.3313	30.8957	1.0148
90.1824	68.5196	-37.6751	1.0000	93.4942	70.9690	86.1049	1.0000	5.0000	0.8699	0.2903	0.0433	52.4377	1.2139
5.4321	16.2222	254.0178	1.0000	47.5791	79.8746	70.7847	1.0000	85.0000	0.0484	0.2013	0.2135	27.9307	1.1134
7.1846	50.2457	-35.1789	1.0000	47.7328	81.0236	75.5296	1.0000	59.0000	0.0453	0.1898	0.1608	23.9716	1.1590
52.1435	80.2534	56.3264	1.0000	52.7424	83.1626	87.9956	1.0000	3.0000	0.0548	0.1684	0.0223	17.1766	1.0100
2.0569	59.3688	-16.4482	1.0000	47.7324	93.6902	75.2740	1.0000	64.0000	0.0454	0.0631	0.1636	16.1806	1.1202
61.8357	84.9762	152.1782	1.0000	52.9077	95.6006	119.0470	1.0000	14.0000	0.0582	0.0440	0.3227	29.5218	1.0088
72.7946	61.1668	125.4824	1.0000	52.2167	83.8314	118.5074	1.0000	31.0000	0.0443	0.1617	0.3167	32.8483	1.0127
51.9841	26.4559	85.2616	1.0000	51.9477	27.4553	92.0871	1.0000	1.0000	0.0390	0.7254	0.0232	72.6009	1.0000
82.0260	21.9130	-87.9169	1.0000	52.2168	47.8567	118.5537	1.0000	53.0000	0.0443	0.5214	0.3173	59.4908	1.3412
5.2417	20.5676	-55.0096	1.0000	47.7324	48.4738	75.6066	1.0000	62.0000	0.0454	0.5153	0.1599	53.5468	1.2196
11.1427	98.2352	100.6770	1.0000	11.3027	99.2223	80.7930	1.0000	1.0000	0.7739	0.0078	0.1023	39.7851	1.0000
71.8493	40.4404	88.6928	1.0000	52.1065	67.8919	117.3316	1.0000	34.0000	0.0421	0.3211	0.3037	42.2183	1.0055
76.6486	64.8163	209.6044	1.0000	52.2194	79.0746	117.9184	1.0000	32.0000	0.0444	0.2093	0.3102	34.9605	1.1313
71.9919	65.4922	195.7860	1.0000	52.2185	80.5292	117.9122	1.0000	27.0000	0.0444	0.1947	0.3101	34.1046	1.0869
76.4616	88.5149	108.0649	1.0000	69.5348	95.2863	158.2264	1.0000	10.0000	0.3907	0.0471	0.7581	71.1243	1.0323
65.7096	31.4611	260.5279	1.0000	52.4271	36.6779	118.0217	1.0000	18.0000	0.0485	0.6332	0.3114	69.2878	1.2614
33.7098	6.3198	-44.2913	1.0000	47.6292	22.8455	71.1694	1.0000	24.0000	0.0474	0.7715	0.2092	79.4545	1.1108
32.4646	6.0203	-61.5847	1.0000	47.5327	23.4285	73.5999	1.0000	27.0000	0.0493	0.7657	0.1822	78.3469	1.1727
37.7732	2.1653	-22.6517	1.0000	47.6786	15.6351	74.6656	1.0000	18.0000	0.0464	0.8436	0.1704	85.7786	1.0766
54.0108	16.7661	38.2902	1.0000	54.8575	19.5758	87.9383	1.0000	3.0000	0.0971	0.8042	0.0229	80.5971	1.0223
13.6720	24.2070	68.8273	1.0000	47.6234	73.0159	71.6507	1.0000	60.0000	0.0475	0.2698	0.2039	32.7183	1.0092
45.8156	46.4689	190.7818	1.0000	47.6361	63.4232	76.5847	1.0000	19.0000	0.0473	0.3658	0.1491	39.0310	1.1143
71.8752	36.8549	-29.7329	1.0000	74.9932	39.6252	89.5484	1.0000	5.0000	0.4999	0.6037	0.0050	65.3450	1.1988
21.1415	50.7345	179.6225	1.0000	46.8596	95.2205	64.7973	1.0000	54.0000	0.0628	0.0478	0.2800	25.8434	1.0509
6.6057	91.2327	185.8065	1.0000	4.5858	94.1466	87.3523	1.0000	4.0000	0.9083	0.0585	0.0294	45.8663	1.1282
15.6889	38.4981	47.7478	1.0000	47.5896	83.8764	71.0603	1.0000	56.0000	0.0482	0.1612	0.2104	24.9899	1.0096
43.2871	48.7941	-67.8445	1.0000	47.5852	46.9834	7.1555	1.0000	5.0000	0.0483	0.5302	0.9205	98.3860	1.0721
72.8421	32.9819	212.0351	1.0000	52.2181	47.0261	118.3356	1.0000	28.0000	0.0444	0.5297	0.3148	60.1171	1.1222
35.5602	71.0046	146.1673	1.0000	42.7161	95.5290	70.6315	1.0000	26.0000	0.1457	0.0447	0.2152	21.1704	1.0177
12.2919	41.0104	210.2993	1.0000	9.2971	43.8452	86.9535	1.0000	5.0000	0.8141	0.5615	0.0339	69.4217	1.2125
89.4918	9.1662	48.9522	1.0000	52.4103	34.9645	118.3140	1.0000	50.0000	0.0482	0.6504	0.3146	70.9726	1.1069
14.4549	87.0395	200.8810	1.0000	15.1021	95.3472	48.4685	1.0000	11.0000	0.6980	0.0465	0.4615	54.4461	1.3201
89.7805	59.9425	62.1584	1.0000	89.8306	60.9412	87.1306	1.0000	1.0000	0.7966	0.3906	0.0319	55.8596	1.0000
20.2790	10.1347	248.4092	1.0000	47.6519	59.3625	71.7435	1.0000	64.0000	0.0470	0.4064	0.2029	44.6119	1.1362
29.5204	21.6527	150.5882	1.0000	47.5826	58.5370	70.9642	1.0000	42.0000	0.0483	0.4146	0.2115	45.6879	1.0227
71.1582	10.6014	39.2957	1.0000	71.6771	12.4891	86.4284	1.0000	2.0000	0.4335	0.8751	0.0397	90.2264	1.0216
51.5060	29.1001	159.3615	1.0000	50.7652	29.7717	137.8044	1.0000	1.0000	0.0153	0.7023	0.5312	84.9580	1.0000
75.4654	41.9820	64.2399	1.0000	75.4946	42.9816	88.3275	1.0000	1.0000	0.5099	0.5702	0.0186	62.4810	1.0000
8.1132	51.6337	180.4701	1.0000	39.2394	95.7068	60.1147	1.0000	57.0000	0.2152	0.0429	0.3321	32.0523	1.0564
68.4262	24.8149	-81.9913	1.0000	52.1034	53.2883	117.3182	1.0000	42.0000	0.0421	0.4671	0.3035	54.1543	1.2797
24.7279	65.8417	171.0002	1.0000	40.8344	95.7855	60.3020	1.0000	36.0000	0.1833	0.0421	0.3300	31.3646	1.0588
75.9495	20.3411	250.7566	1.0000	52.0561	28.9915	117.1472	1.0000	34.0000	0.0411	0.7101	0.3016	76.0487	1.3380
32.2578	33.6238	155.2628	1.0000	47.7483	72.7137	74.9442	1.0000	43.0000	0.0450	0.2729	0.1673	31.2457	1.0227
95.0703	73.9659	-5.2269	1.0000	97.0629	76.8992	93.1624	1.0000	4.0000	0.9413	0.2310	0.0351	52.5221	1.1280
59.6441	63.4045	44.0805	1.0000	52.4210	78.0273	118.3276	1.0000	17.0000	0.0484	0.2197	0.3148	35.9321	1.0423
77.6548	12.3347	239.6234	1.0000	52.4119	22.3155	118.3149	1.0000	34.0000	0.0482	0.7768	0.3146	82.7190	1.2526
41.2804	57.6015	-72.9451	1.0000	47.8853	56.9719	47.0549	1.0000	8.0000	0.0423	0.4303	0.4772	60.8291	1.2057
51.0634	0.6806	61.8278	1.0000	51.4078	1.6195	69.8580	1.0000	1.0000	0.0282	0.9838	0.2238	100.4311	1.0000
66.3706	46.0229	85.0123	1.0000	52.3366	66.5097	118.6170	1.0000	25.0000	0.0467	0.3349	0.3180	44.1134	1.0067
81.2055	16.7296	-49.8617	1.0000	52.1536	44.3966	117.5480	1.0000	50.0000	0.0431	0.5560	0.3061	62.0908	1.2463
25.5206	55.0290	-58.7403	1.0000	47.6692	75.8329	75.2728	1.0000	39.0000	0.0466	0.2417	0.1636	28.3967	1.2834
37.8916	87.8124	120.8477	1.0000	39.9663	95.4477	70.6053	1.0000	8.0000	0.2007	0.0455	0.2155	22.3058	1.0111
0.3464	87.2757	71.0396	1.0000	6.5276	95.0444	45.2648	1.0000	10.0000	0.8694	0.0496	0.4971	62.5751	1.0073
46.0241	56.9575	-42.9549	1.0000	47.8820	56.2645	-12.9549	1.0000	2.0000	0.0424	0.4374	1.1439	111.8794	1.0086
94.4830	78.6143	79.4644	1.0000	57.8107	95.2219	128.5330	1.0000	44.0000	0.1562	0.0478	0.4281	39.6059	1.0930
5.3899	78.4186	212.2680	1.0000	2.3082	81.1551	88.7269	1.0000	5.0000	0.9538	0.1884	0.0141	51.2958	1.2132
84.8446	84.2500	-39.6357	1.0000	79.3547	95.0240	166.9211	1.0000	18.0000	0.5871	0.0498	0.8547	82.4822	1.4886
19.3734	91.7711	100.9325	1.0000	20.8530	95.4436	58.8087	1.0000	4.0000	0.5829	0.0456	0.3466	42.9325	1.0103
20.4110	48.6210	179.9087	1.0000	47.4282	95.7386	69.9023	1.0000	57.0000	0.0514	0.0426	0.2233	20.7048	1.0495
85.0568	1.6252	7.8572	1.0000	52.2183	29.1785	118.7137	1.0000	49.0000	0.0444	0.7082	0.3190	76.4532	1.1431
54.3889	56.4760	10.4694	1.0000	56.1355	59.7921	87.4567	1.0000	4.0000	0.1227	0.4021	0.0283	40.7528	1.0673
65.0712	6.2812	193.0912	1.0000	52.2861	17.7762	118.9405	1.0000	18.0000	0.0457	0.8222	0.3216	87.1982	1.0469
37.8526	9.6979	-35.4105	1.0000	47.6267	21.2496	74.7125	1.0000	17.0000	0.0475	0.7875	0.1699	80.2556	1.1235
12.8340	34.4672	220.0647	1.0000	47.5781	90.9684	70.9610	1.0000	72.0000	0.0484	0.0903	0.2115	21.2113	1.0855
95.2685	75.2599	269.2531	1.0000	52.4034	79.4458	118.3095	1.0000	56.0000	0.0481	0.2055	0.3145	35.0667	1.3002
53.4001	90.9490	-10.1176	1.0000	56.2237	94.3558	86.2250	1.0000	5.0000	0.1245	0.0564	0.0419	9.2110	1.1300
38.9325	1.2139	-78.2614	1.0000	40.0482	-0.4253	-48.2614	0.0000	2.0000	0.1990	1.0043	1.5362	171.1739	1.0086
15.9915	44.5859	-45.6599	1.0000	47.6581	70.1951	73.3384	1.0000	49.0000	0.0468	0.2980	0.1851	34.2261	1.2032
89.1485	3.0127	241.7690	1.0000	86.5498	-0.0031	221.7370	0.0000	4.0000	0.7310	1.0000	1.4637	169.3846	1.0048
88.0267	2.9528	222.0768	1.0000	77.6562	-0.0037	183.6512	0.0000	11.0000	0.5531	1.0000	1.0406	139.7718	1.0201
5.8870	51.0368	118.3888	1.0000	5.8255	52.0349	93.5238	1.0000	1.0000	0.8835	0.4797	0.0392	65.3028	1.0000
52.6430	1.5022	249.9658	1.0000	52.0690	0.6834	234.9658	1.0000	1.0000	0.0414	0.9932	1.6107	175.7360	1.0000
7.5971	37.9995	178.5051	1.0000	46.4479	95.0400	62.5936	1.0000	72.0000	0.0710	0.0496	0.3045	28.0772	1.0433
42.1505	33.3665	-25.5289	1.0000	47.8798	37.6059	66.7486	1.0000	8.0000	0.0424	0.6239	0.2583	66.6194	1.1225
22.9001	8.6054	232.9907	1.0000	19.0511	11.0060	86.8711	1.0000	6.0000	0.6190	0.8899	0.0348	94.2739	1.3227
55.3714	3.3496	256.5373	1.0000	52.3960	0.9370	196.5373	1.0000	4.0000	0.0479	0.9906	1.1837	145.4971	1.0442
14.1723	28.7018	32.1961	1.0000	47.6569	68.9878	72.1292	1.0000	54.0000	0.0469	0.3101	0.1986	35.8693	1.0308
53.2824	9.3978	99.7594	1.0000	52.4564	12.2816	105.1206	1.0000	3.0000	0.0491	0.8772	0.1680	89.0460	1.0001
15.1569	23.9358	153.3175	1.0000	47.5708	74.8710	70.6545	1.0000	62.0000	0.0486	0.2513	0.2149	31.8059	1.0269
56.0809	35.4195	215.8091	1.0000	52.2640	35.5579	154.1609	1.0000	4.0000	0.0453	0.6444	0.7129	90.9645	1.0473
82.9191	37.6580	188.7258	1.0000	52.2680	52.8668	118.3083	1.0000	38.0000	0.0454	0.4713	0.3145	55.0277	1.1106
66.8011	11.1946	232.0158	1.0000	52.1555	21.0581	117.5482	1.0000	20.0000	0.0431	0.7894	0.3061	83.6384	1.1327
6.1622	9.3113	-88.0974	1.0000	12.6488	-0.1373	-27.9823	0.0000	12.0000	0.7470	1.0014	1.3109	159.1930	1.0470
42.0221	17.1135	-55.8662	1.0000	48.0844	17.5517	49.1338	1.0000	7.0000	0.0383	0.8245	0.4541	92.0404	1.1517
6.6097	16.0948	110.4456	1.0000	47.7615	74.0897	73.1334	1.0000	72.0000	0.0448	0.2591	0.1874	30.9974	1.0125
1.8970	10.4375	-1.8164	1.0000	47.5199	43.7389	70.2427	1.0000	62.0000	0.0496	0.5626	0.2195	59.6809	1.0977
71.2670	95.9523	15.7768	1.0000	72.0405	96.5860	39.3274	1.0000	1.0000	0.4408	0.0341	0.5630	55.3638	1.0000
62.6489	95.0767	146.4364	1.0000	61.8671	95.7002	141.4295	1.0000	1.0000	0.2373	0.0430	0.5714	52.9557	1.0000
7.5501	67.3931	94.5807	1.0000	32.3761	95.7334	60.0335	1.0000	38.0000	0.3525	0.0427	0.3330	35.0257	1.0086
40.9236	49.1069	-44.2794	1.0000	47.6563	52.5470	65.7347	1.0000	9.0000	0.0469	0.4745	0.2696	53.3487	1.1904
26.5517	3.7517	237.0244	1.0000	22.4909	5.8201	92.4341	1.0000	6.0000	0.5502	0.9418	0.0270	98.1455	1.3166
16.6406	64.0312	26.4192	1.0000	45.2208	95.1305	60.6188	1.0000	44.0000	0.0956	0.0487	0.3265	30.1631	1.0417
26.3151	48.1058	69.5552	1.0000	47.5813	84.1578	71.0002	1.0000	42.0000	0.0484	0.1584	0.2111	24.8559	1.0034
86.4805	43.0810	172.5566	1.0000	52.0918	59.3041	117.2719	1.0000	42.0000	0.0418	0.4070	0.3030	49.0336	1.1046
46.0999	30.6817	47.2531	1.0000	47.8349	34.2789	68.7505	1.0000	4.0000	0.0433	0.6572	0.2361	69.1049	1.0016
42.3933	7.1992	195.0830	1.0000	47.5365	33.5534	77.8845	1.0000	29.0000	0.0493	0.6645	0.1346	67.5870	1.0800
30.0108	1.5360	225.7769	1.0000	47.6714	41.4290	72.3351	1.0000	49.0000	0.0466	0.5857	0.1963	61.2212	1.1231
0.4954	74.0481	175.6846	1.0000	-0.3840	74.5243	151.5655	0.0000	1.0000	1.0077	0.2548	0.6841	83.5336	1.0000
9.7744	25.7826	-58.9487	1.0000	47.7160	51.1000	74.6041	1.0000	57.0000	0.0457	0.4890	0.1711	51.3172	1.2496
0.5552	58.0070	51.9031	1.0000	34.9136	95.4139	60.1071	1.0000	51.0000	0.3017	0.0459	0.3321	33.7967	1.0041
41.7885	65.4517	24.2499	1.0000	47.6928	76.8739	75.4881	1.0000	13.0000	0.0461	0.2313	0.1612	27.3996	1.0110
0.5668	85.6803	249.7531	1.0000	-0.1379	84.9708	225.1954	0.0000	1.0000	1.0028	0.1503	1.5022	144.9741	1.0000
18.3068	56.9453	190.4499	1.0000	16.0670	59.6936	91.8725	1.0000	4.0000	0.6787	0.4031	0.0208	52.7215	1.1282
7.3229	42.7524	48.6481	1.0000	47.3074	95.7216	68.5250	1.0000	67.0000	0.0539	0.0428	0.2386	22.0620	1.0095
46.4529	40.7312	-81.6769	1.0000	48.2709	38.4311	-36.6769	1.0000	3.0000	0.0346	0.6157	1.4075	140.8573	1.0232
81.1938	85.6751	-25.1490	1.0000	78.3194	95.4729	150.0512	1.0000	14.0000	0.5664	0.0453	0.6672	66.5480	1.3711
17.5665	66.8148	12.2618	1.0000	46.7324	95.5839	64.4760	1.0000	44.0000	0.0654	0.0442	0.2836	26.1085	1.0740
86.0589	10.4139	70.8186	1.0000	52.2221	36.3071	118.0254	1.0000	46.0000	0.0444	0.6369	0.3114	69.6214	1.0796
67.0070	90.5760	46.0136	1.0000	66.4140	95.2830	118.1829	1.0000	5.0000	0.3283	0.0472	0.3131	32.9537	1.0539
82.3515	38.2771	225.7761	1.0000	52.3514	50.3937	118.5313	1.0000	38.0000	0.0470	0.4961	0.3170	57.2743	1.1745
41.2530	96.9401	110.3149	1.0000	41.3366	97.9366	85.2042	1.0000	1.0000	0.1733	0.0206	0.0533	10.1149	1.0000
36.9570	17.7620	-67.0511	1.0000	47.7053	26.8925	75.2220	1.0000	18.0000	0.0459	0.7311	0.1642	74.6215	1.2763
12.2181	74.0966	27.0280	1.0000	38.3181	95.4047	60.6090	1.0000	35.0000	0.2336	0.0460	0.3266	31.9596	1.0388
82.3145	20.3807	235.8141	1.0000	52.2144	31.3549	117.8854	1.0000	39.0000	0.0443	0.6865	0.3098	74.1259	1.2173
4.8698	93.4538	45.6970	1.0000	6.9819	95.5843	45.1266	1.0000	3.0000	0.8604	0.0442	0.4986	62.3192	1.0000
26.2683	49.8242	-55.4251	1.0000	47.6929	71.2694	75.7376	1.0000	38.0000	0.0461	0.2873	0.1585	32.1588	1.2536
73.1205	2.4461	62.6501	1.0000	73.1825	3.4441	86.4436	1.0000	1.0000	0.4637	0.9656	0.0395	99.3635	1.0000
15.8383	8.6141	-15.1516	1.0000	47.5100	38.8847	72.8058	1.0000	49.0000	0.0498	0.6112	0.1910	63.5368	1.1184
60.4181	6.1858	259.9251	1.0000	52.4582	5.8767	121.8554	1.0000	10.0000	0.0492	0.9412	0.3539	99.3983	1.2553
81.3002	18.9473	114.3637	1.0000	52.2628	42.0321	118.1558	1.0000	39.0000	0.0453	0.5797	0.3128	64.4836	1.0513
33.4097	91.5800	247.8370	1.0000	29.7585	95.6023	66.1761	1.0000	9.0000	0.4048	0.0440	0.2647	31.5696	1.6568
46.8700	72.9309	10.8200	1.0000	47.7701	73.3665	25.8200	1.0000	1.0000	0.0446	0.2663	0.7131	69.5226	1.0000
67.8122	58.2884	64.0768	1.0000	52.2652	82.2014	118.2249	1.0000	29.0000	0.0453	0.1780	0.3136	33.4449	1.0167
42.9055	66.9312	232.8393	1.0000	46.9450	95.2471	75.1535	1.0000	33.0000	0.0611	0.0475	0.1650	15.8852	1.1537
78.6791	94.8155	262.6503	1.0000	55.5845	95.5807	128.4936	1.0000	32.0000	0.1117	0.0442	0.4277	39.1468	1.3848
0.7739	55.9714	169.0465	1.0000	-0.0404	56.5519	144.5161	0.0000	1.0000	1.0008	0.4345	0.6057	85.8125	1.0000
79.7967	60.1028	146.4645	1.0000	52.3859	78.0621	118.3600	1.0000	35.0000	0.0477	0.2194	0.3151	35.9341	1.0680
85.4575	88.2819	-33.0639	1.0000	88.5733	90.9778	90.5736	1.0000	5.0000	0.7715	0.0902	0.0064	39.6185	1.2135
28.5519	3.1634	229.8982	1.0000	24.7129	5.6730	86.8933	1.0000	6.0000	0.5057	0.9433	0.0345	97.7070	1.3082
91.3680	73.7096	45.1475	1.0000	55.1624	95.3141	128.4915	1.0000	47.0000	0.1032	0.0469	0.4277	39.1178	1.1148
64.4757	86.4677	74.8605	1.0000	64.4782	87.4677	89.8605	1.0000	1.0000	0.2896	0.1253	0.0016	19.1493	1.0000
46.0940	87.6495	251.8846	1.0000	41.6095	89.1942	87.1661	1.0000	7.0000	0.1678	0.1081	0.0315	13.9713	1.4758
4.0299	7.7006	45.6698	1.0000	47.5460	64.1946	70.2909	1.0000	72.0000	0.0491	0.3581	0.2190	40.9450	1.0097
65.4471	64.1826	146.5081	1.0000	52.0690	81.5152	117.1908	1.0000	22.0000	0.0414	0.1848	0.3021	32.9440	1.0048
40.4155	42.3290	-74.1055	1.0000	47.5065	42.4317	59.9852	1.0000	9.0000	0.0499	0.5757	0.3335	64.9709	1.2691
24.7145	50.2957	91.1031	1.0000	47.5767	88.7855	70.5688	1.0000	45.0000	0.0485	0.1121	0.2159	22.5657	1.0052
9.8567	82.8446	211.3308	1.0000	6.8162	85.6283	87.8747	1.0000	5.0000	0.8637	0.1437	0.0236	45.5621	1.2129
72.4888	99.2515	193.0357	1.0000	71.5024	99.0873	189.4479	1.0000	1.0000	0.4300	0.0091	1.1050	101.7500	1.0000
2.6442	65.0520	208.9429	1.0000	-0.0059	66.0215	135.3310	0.0000	3.0000	1.0001	0.3398	0.5037	75.5647	1.0631
78.6100	37.6950	63.7358	1.0000	78.6417	38.6944	88.1815	1.0000	1.0000	0.5728	0.6131	0.0202	67.6907	1.0000
54.7763	86.8477	132.0664	1.0000	52.2023	91.1257	118.2099	1.0000	5.0000	0.0440	0.0887	0.3134	29.6547	1.0015
54.0777	68.2339	81.5613	1.0000	54.0204	69.2322	93.2824	1.0000	1.0000	0.0804	0.3077	0.0365	31.2025	1.0000
48.6384	82.4679	238.2569	1.0000	47.8983	81.7954	222.2627	1.0000	1.0000	0.0420	0.1820	1.4696	133.5262	1.0000
43.9283	71.7473	55.0360	1.0000	47.5985	79.9368	74.4432	1.0000	9.0000	0.0480	0.2006	0.1729	25.5013	1.0029
87.6252	25.8477	116.3293	1.0000	52.2169	48.0243	118.6080	1.0000	45.0000	0.0443	0.5198	0.3179	59.3701	1.0771
87.8206	39.1210	12.4546	1.0000	89.1406	41.6054	86.9746	1.0000	3.0000	0.7828	0.5839	0.0336	70.3638	1.0664
49.2671	96.0453	252.4926	1.0000	48.7206	95.2078	236.8700	1.0000	1.0000	0.0256	0.0479	1.6319	146.9537	1.0000
34.6801	73.8209	81.5444	1.0000	42.1193	95.5846	71.1286	1.0000	23.0000	0.1576	0.0442	0.2097	20.9220	1.0000
16.5326	17.0619	195.0211	1.0000	47.5272	68.7176	70.2337	1.0000	64.0000	0.0495	0.3128	0.2196	37.0865	1.0624
45.3150	12.2610	-64.7182	1.0000	47.7249	10.5912	-19.7182	1.0000	3.0000	0.0455	0.8941	1.2191	141.5528	1.0232
1.4318	11.5920	-31.7660	1.0000	47.5853	43.4163	73.1573	1.0000	64.0000	0.0483	0.5658	0.1871	59.0866	1.1416
46.6174	12.7953	28.3728	1.0000	47.8687	14.3335	58.3728	1.0000	2.0000	0.0426	0.8567	0.3514	91.3431	1.0086
84.3475	67.4760	-43.7156	1.0000	52.4280	94.3793	118.3291	1.0000	52.0000	0.0486	0.0562	0.3148	28.9832	1.2457
98.4583	42.9235	-43.8487	1.0000	100.4005	42.7053	5.8332	0.0000	2.0000	1.0080	0.5729	0.9352	113.6088	1.0233
49.6381	56.2266	81.2514	1.0000	49.7853	57.2157	81.5366	1.0000	1.0000	0.0043	0.4278	0.0940	43.6139	1.0000
82.6560	2.9053	-28.5754	1.0000	85.5784	5.8217	94.3519	1.0000	5.0000	0.7116	0.9418	0.0484	100.7686	1.2111
43.7408	0.3617	126.1306	1.0000	47.7267	15.7209	74.0307	1.0000	16.0000	0.0455	0.8428	0.1774	85.8088	1.0083
15.0422	10.7596	-58.6484	1.0000	47.5870	33.3348	71.4677	1.0000	50.0000	0.0483	0.6667	0.2059	69.2352	1.2624
26.8661	44.8381	-32.6028	1.0000	47.5779	67.8448	70.8864	1.0000	35.0000	0.0484	0.3216	0.2124	37.4854	1.1306
10.6106	36.0123	231.2411	1.0000	47.5616	94.7347	70.7640	1.0000	76.0000	0.0488	0.0527	0.2137	20.0921	1.0954
93.0035	92.7055	267.0434	1.0000	53.5152	95.3550	118.6969	1.0000	51.0000	0.0703	0.0465	0.3189	29.2821	1.2886
55.6900	97.0539	112.0329	1.0000	55.2353	97.9445	117.0452	1.0000	1.0000	0.1047	0.0206	0.3005	27.6239	1.0000
18.1608	38.6515	31.1720	1.0000	47.7439	75.8992	72.7333	1.0000	49.0000	0.0451	0.2410	0.1919	29.7334	1.0301
84.1302	2.2454	96.6153	1.0000	52.2622	27.0566	118.1407	1.0000	43.0000	0.0452	0.7294	0.3127	78.2161	1.0647
12.7876	29.7237	109.4209	1.0000	47.7333	81.2661	72.7033	1.0000	63.0000	0.0453	0.1873	0.1922	25.5983	1.0117
73.1601	6.5223	11.4817	1.0000	52.4780	35.3146	118.3926	1.0000	38.0000	0.0496	0.6469	0.3155	70.6858	1.0719
0.6316	50.2370	52.5138	1.0000	39.4323	95.4809	60.1460	1.0000	60.0000	0.2114	0.0452	0.3317	31.9900	1.0067
28.1405	27.9294	29.8795	1.0000	47.6075	58.7806	71.4489	1.0000	37.0000	0.0478	0.4122	0.2061	45.2648	1.0143
19.8409	3.1711	232.2864	1.0000	47.5192	52.5886	70.4252	1.0000	63.0000	0.0496	0.4741	0.2175	51.3534	1.1123
42.3217	61.1608	68.6771	1.0000	47.5260	76.2678	73.6064	1.0000	16.0000	0.0495	0.2373	0.1822	28.9498	1.0014
69.8238	73.1018	213.3291	1.0000	52.4696	86.5731	118.3801	1.0000	24.0000	0.0494	0.1343	0.3153	31.4930	1.0924
60.2765	34.6121	252.7674	1.0000	52.2483	35.1386	117.3325	1.0000	10.0000	0.0450	0.6486	0.3037	70.4210	1.2429
71.6377	81.5240	114.6967	1.0000	60.1652	95.3410	128.4911	1.0000	18.0000	0.2033	0.0466	0.4277	40.0824	1.0023
40.4771	61.2001	-4.3119	1.0000	47.7080	72.4124	76.0093	1.0000	14.0000	0.0458	0.2759	0.1555	31.0172	1.0493
62.7306	30.9877	82.4997	1.0000	52.1089	47.7123	117.3419	1.0000	20.0000	0.0422	0.5229	0.3038	59.0426	1.0095
44.4860	99.5887	2.0543	1.0000	45.4420	99.8820	17.0543	1.0000	1.0000	0.0912	0.0012	0.8105	73.0881	1.0000
32.3436	8.7327	132.7326	1.0000	32.0863	10.6743	85.8588	1.0000	2.0000	0.3583	0.8933	0.0460	91.1983	1.0212
9.0407	5.7609	147.0689	1.0000	47.7273	63.3310	72.9680	1.0000	71.0000	0.0455	0.3667	0.1892	40.4953	1.0236
75.4959	82.7082	-12.4454	1.0000	65.1652	95.0298	157.2601	1.0000	21.0000	0.3033	0.0497	0.7473	69.1275	1.3060
48.2395	83.6371	-41.7145	1.0000	49.1327	83.1876	-26.7145	1.0000	1.0000	0.0173	0.1681	1.2968	117.9223	1.0000
25.3502	68.1202	224.5313	1.0000	38.7048	95.5636	60.3633	1.0000	36.0000	0.2259	0.0444	0.3293	32.0249	1.1795
46.9089	41.4073	51.7326	1.0000	47.8269	43.1833	64.2603	1.0000	2.0000	0.0435	0.5682	0.2860	62.4130	1.0004
84.1524	42.1768	93.7541	1.0000	52.3640	67.0152	118.4652	1.0000	43.0000	0.0473	0.3298	0.3163	43.6332	1.0659
97.6599	63.5721	-44.6644	1.0000	100.4716	63.8153	29.2256	0.0000	3.0000	1.0094	0.3618	0.6753	86.8921	1.0630
60.8972	39.5078	245.1190	1.0000	52.1526	41.5301	116.6244	1.0000	11.0000	0.0431	0.5847	0.2958	64.2823	1.2256
94.3417	37.5088	229.2017	1.0000	52.4941	48.6647	118.4174	1.0000	50.0000	0.0499	0.5134	0.3157	58.7289	1.1545
9.7465	86.9312	198.6900	1.0000	10.4948	95.3415	48.4612	1.0000	11.0000	0.7901	0.0466	0.4615	57.5138	1.3028
67.2400	80.3036	-48.9405	1.0000	71.1292	82.8352	91.6868	1.0000	6.0000	0.4226	0.1716	0.0187	27.2749	1.2929
1.3737	57.6752	90.7234	1.0000	33.9645	95.0636	59.4831	1.0000	50.0000	0.3207	0.0494	0.3391	34.8251	1.0081
26.8648	76.8612	-17.2950	1.0000	43.8495	95.5174	62.0570	1.0000	28.0000	0.1230	0.0448	0.3105	28.9609	1.1098
45.7733	64.8892	182.4833	1.0000	43.6913	67.7714	88.9549	1.0000	4.0000	0.1262	0.3223	0.0116	32.8569	1.1250
26.3254	49.1771	-40.5941	1.0000	47.6655	71.4412	72.1236	1.0000	36.0000	0.0467	0.2856	0.1986	33.7731	1.1673
12.4735	19.2205	256.0318	1.0000	47.5006	75.6256	70.2779	1.0000	75.0000	0.0500	0.2437	0.2191	31.4534	1.1296
40.6614	8.3064	258.1105	1.0000	36.2529	9.9195	86.3445	1.0000	7.0000	0.2749	0.9008	0.0406	91.1968	1.4911
67.7603	93.9392	31.1079	1.0000	68.6387	95.7084	72.6219	1.0000	2.0000	0.3728	0.0429	0.1931	25.8422	1.0125
84.2289	83.1305	87.4368	1.0000	62.1334	95.2481	139.7938	1.0000	27.0000	0.2427	0.0475	0.5533	51.4706	1.0714
15.0993	20.5456	102.0746	1.0000	47.5786	69.0789	70.7827	1.0000	59.0000	0.0484	0.3092	0.2135	36.4867	1.0103
33.7596	97.8813	-53.8722	1.0000	34.5330	97.2473	-39.3423	1.0000	1.0000	0.3093	0.0275	1.4371	130.2929	1.0000
73.8185	96.7349	129.2552	1.0000	73.1204	97.4508	134.2778	1.0000	1.0000	0.4624	0.0255	0.4920	50.0157	1.0000
61.9252	78.6580	-70.1112	1.0000	66.4713	80.8555	85.6736	1.0000	7.0000	0.3294	0.1914	0.0481	25.6229	1.3863
77.4275	16.7398	-46.0954	1.0000	52.1434	44.4496	117.4988	1.0000	46.0000	0.0429	0.5555	0.3055	62.0212	1.2263
47.5292	49.5246	-44.9647	1.0000	48.3956	49.0251	-29.9647	1.0000	1.0000	0.0321	0.5097	1.3329	130.3554	1.0000
69.2243	76.3965	126.8642	1.0000	54.2956	95.1880	127.1555	1.0000	24.0000	0.0859	0.0481	0.4128	37.7113	1.0000
68.5904	10.0854	141.7124	1.0000	52.3853	30.2717	118.3631	1.0000	26.0000	0.0477	0.6973	0.3151	75.3139	1.0044
59.5426	20.8133	-38.6252	1.0000	63.0612	24.1791	90.2301	1.0000	6.0000	0.2612	0.7582	0.0026	76.9380	1.2322
35.0670	46.7628	88.0047	1.0000	47.5048	92.0857	76.0094	1.0000	47.0000	0.0499	0.0791	0.1555	16.2665	1.0000
87.7012	68.3930	197.9214	1.0000	52.2154	83.2870	117.8919	1.0000	43.0000	0.0443	0.1671	0.3099	32.5913	1.1173
47.8576	54.1132	166.7688	1.0000	46.4144	57.5689	87.3218	1.0000	4.0000	0.0717	0.4243	0.0298	42.6664	1.0681
24.7882	1.8721	139.2319	1.0000	24.3442	3.7769	91.0674	1.0000	2.0000	0.5131	0.9622	0.0119	99.5903	1.0225
10.7602	40.9473	137.6163	1.0000	10.4055	42.8667	87.8783	1.0000	2.0000	0.7919	0.5713	0.0236	69.5445	1.0246
48.9229	92.9126	-64.5650	1.0000	49.5714	92.1514	-49.5650	1.0000	1.0000	0.0086	0.0785	1.5507	139.7861	1.0000
92.6524	99.0824	119.9306	1.0000	92.0796	99.9022	124.9406	1.0000	1.0000	0.8416	0.0010	0.3882	54.6951	1.0000
64.8326	5.6642	166.3479	1.0000	52.2375	19.3456	118.4534	1.0000	19.0000	0.0447	0.8065	0.3161	85.5554	1.0217
57.1349	64.1622	192.2097	1.0000	52.2403	66.9203	117.3833	1.0000	6.0000	0.0448	0.3308	0.3043	43.0015	1.0679
51.7264	10.6569	170.8210	1.0000	50.8524	11.1428	150.9286	1.0000	1.0000	0.0170	0.8886	0.6770	107.7433	1.0000
44.2652	94.3795	223.1902	1.0000	40.8854	95.4818	124.8760	1.0000	4.0000	0.1823	0.0452	0.3875	36.3293	1.1252
95.2034	43.4277	215.9752	1.0000	52.1278	56.8115	117.4264	1.0000	51.0000	0.0426	0.4319	0.3047	51.2053	1.1306
84.5955	88.9283	114.7317	1.0000	75.9465	95.0289	169.8515	1.0000	11.0000	0.5189	0.0497	0.8872	84.1083	1.0393
61.9964	16.3179	72.8537	1.0000	62.0338	17.3172	87.8537	1.0000	1.0000	0.2407	0.8268	0.0238	83.5815	1.0000
23.5422	17.0525	250.2331	1.0000	47.5234	62.4045	70.3908	1.0000	59.0000	0.0495	0.3760	0.2179	42.4744	1.1501
23.7811	79.5544	117.3187	1.0000	23.7263	80.5529	93.1419	1.0000	1.0000	0.5255	0.1945	0.0349	32.8385	1.0000
97.0777	24.8035	225.9365	1.0000	52.2574	36.6675	118.1925	1.0000	53.0000	0.0451	0.6333	0.3133	69.3608	1.1431
11.2394	91.3567	219.3205	1.0000	8.4290	95.6210	68.0234	1.0000	7.0000	0.8314	0.0438	0.2442	47.2260	1.3706
89.2170	96.3756	250.1544	1.0000	88.7967	95.4682	245.1446	1.0000	1.0000	0.7759	0.0453	1.7238	159.9862	1.0000
97.0710	8.4617	-80.9601	1.0000	100.4146	7.2661	16.9793	0.0000	4.0000	1.0083	0.9273	0.8113	128.3481	1.1265
80.4926	18.8282	104.9907	1.0000	52.4483	43.2407	118.3516	1.0000	39.0000	0.0490	0.5676	0.3150	63.4935	1.0489
12.9688	61.4209	-27.7016	1.0000	47.5061	90.9612	72.7175	1.0000	52.0000	0.0499	0.0904	0.1920	19.6622	1.1442
12.1206	51.6724	115.4227	1.0000	12.1147	52.6724	90.3417	1.0000	1.0000	0.7577	0.4733	0.0038	60.6244	1.0000
89.5878	39.7430	129.5134	1.0000	52.1630	59.7314	117.5949	1.0000	46.0000	0.0433	0.4027	0.3066	48.8643	1.0842
91.5914	66.5188	-41.6681	1.0000	52.4529	93.0594	118.3575	1.0000	59.0000	0.0491	0.0694	0.3151	29.2974	1.2477
61.5161	21.4425	38.4704	1.0000	62.1093	24.3137	93.3262	1.0000	3.0000	0.2422	0.7569	0.0370	76.7210	1.0232
12.8343	63.6232	173.6308	1.0000	34.9136	95.1347	60.0215	1.0000	41.0000	0.3017	0.0487	0.3331	33.9114	1.0656
15.2757	58.2263	75.0567	1.0000	41.9682	95.2017	60.3029	1.0000	46.0000	0.1606	0.0480	0.3300	31.1360	1.0087
71.2486	62.5290	197.8330	1.0000	52.3072	77.3935	118.8162	1.0000	26.0000	0.0461	0.2261	0.3202	36.6980	1.0798
62.5252	98.6606	-75.1272	1.0000	63.1571	97.8856	-50.8088	1.0000	1.0000	0.2631	0.0211	1.5645	141.4380	1.0000
38.4885	56.8330	252.3188	1.0000	46.4864	95.8965	76.3062	1.0000	46.0000	0.0703	0.0410	0.1522	14.7209	1.1536
36.7858	42.4577	-78.2750	1.0000	47.5666	50.2251	73.8936	1.0000	18.0000	0.0487	0.4977	0.1790	52.3725	1.3547
10.1612	15.5650	225.5021	1.0000	47.6006	74.5054	70.8148	1.0000	76.0000	0.0480	0.2549	0.2132	31.9969	1.0884
96.8168	23.8436	84.0175	1.0000	52.2710	48.2605	118.3985	1.0000	56.0000	0.0454	0.5174	0.3155	59.0645	1.1024
28.6774	67.5535	-63.7728	1.0000	47.6079	86.4288	73.6981	1.0000	34.0000	0.0478	0.1357	0.1811	21.3460	1.2718
91.2109	16.8296	169.9276	1.0000	52.4302	32.3410	118.3312	1.0000	46.0000	0.0486	0.6766	0.3148	73.3914	1.1013
66.7098	20.5736	164.8342	1.0000	52.1665	36.4269	117.6130	1.0000	22.0000	0.0433	0.6357	0.3068	69.3448	1.0226
32.0056	71.2552	111.6107	1.0000	32.0364	72.2547	88.2345	1.0000	1.0000	0.3593	0.2775	0.0196	33.1000	1.0000
21.0746	58.7748	-52.2295	1.0000	47.5799	81.9685	74.2191	1.0000	44.0000	0.0484	0.1803	0.1753	24.0838	1.2493
29.0469	73.0032	266.4725	1.0000	38.0448	95.4723	60.2337	1.0000	33.0000	0.2391	0.0453	0.3307	32.3954	1.3634
7.6636	92.0294	14.7852	1.0000	19.2598	95.1160	14.9622	1.0000	12.0000	0.6148	0.0488	0.8338	81.2372	1.0000
45.4064	19.5113	234.0471	1.0000	41.4756	21.7271	88.7265	1.0000	6.0000	0.1705	0.7827	0.0141	78.7460	1.3297
15.6769	94.3837	91.3871	1.0000	15.9199	95.3537	75.9377	1.0000	1.0000	0.6816	0.0465	0.1562	37.1590	1.0000
3.3958	6.0137	222.7917	1.0000	-0.1243	8.1658	99.3934	0.0000	5.0000	1.0025	0.9183	0.1044	105.0438	1.2119
83.0261	5.6612	50.9135	1.0000	52.2100	32.3793	117.8569	1.0000	44.0000	0.0442	0.6762	0.3095	73.1672	1.0788
7.0010	25.8002	-76.2418	1.0000	47.5379	46.3864	70.3921	1.0000	60.0000	0.0492	0.5361	0.2179	57.1397	1.3197
8.1961	24.4078	203.7819	1.0000	47.5865	85.0902	71.3342	1.0000	77.0000	0.0483	0.1491	0.2074	24.0112	1.0643
71.0190	63.3077	51.3560	1.0000	52.4484	91.1163	118.3518	1.0000	34.0000	0.0490	0.0888	0.3150	29.8117	1.0168
51.1821	14.0910	-46.2252	1.0000	52.0448	13.5853	-30.3782	1.0000	1.0000	0.0409	0.8641	1.3375	148.1978	1.0000
16.3234	34.2449	54.1590	1.0000	47.5221	78.9538	70.4730	1.0000	55.0000	0.0496	0.2105	0.2170	28.8164	1.0088
1.5439	4.9604	68.9012	1.0000	47.5796	65.7558	70.9747	1.0000	77.0000	0.0484	0.3424	0.2114	39.2490	1.0097
68.2959	54.7232	182.8558	1.0000	52.3308	70.1119	118.6527	1.0000	23.0000	0.0466	0.2989	0.3184	41.4694	1.0372
82.8342	64.2608	145.0834	1.0000	52.4261	82.0809	118.3273	1.0000	38.0000	0.0485	0.1792	0.3147	33.6068	1.0782
56.3651	49.8351	-34.0280	1.0000	59.6400	53.4415	94.2180	1.0000	6.0000	0.1928	0.4656	0.0469	47.7327	1.2317
99.1953	58.9262	195.8639	1.0000	52.4432	73.0731	118.3451	1.0000	54.0000	0.0489	0.2693	0.3149	39.1724	1.1055
77.2179	31.3575	27.5616	1.0000	52.1444	58.6996	117.5036	1.0000	40.0000	0.0429	0.4130	0.3056	49.6665	1.0782
33.3092	0.1561	162.3959	1.0000	32.1088	2.7235	91.5870	1.0000	3.0000	0.3578	0.9728	0.0176	98.9209	1.0585
68.2134	59.6519	259.8137	1.0000	52.4456	67.5176	118.3367	1.0000	22.0000	0.0489	0.3248	0.3149	43.1747	1.2485
13.7445	21.0647	-3.5775	1.0000	47.5376	52.5793	72.4518	1.0000	51.0000	0.0492	0.4742	0.1950	50.6234	1.1037
58.2203	63.9935	131.6869	1.0000	52.4732	72.1380	118.3826	1.0000	10.0000	0.0495	0.2786	0.3154	39.8495	1.0032
13.5151	40.3700	47.4368	1.0000	47.5617	87.8538	70.7625	1.0000	59.0000	0.0488	0.1215	0.2138	22.8814	1.0098
82.9770	49.2408	-82.7475	1.0000	87.4802	50.4759	89.7172	1.0000	7.0000	0.7496	0.4952	0.0031	62.1087	1.4991
3.4301	83.5104	20.6202	1.0000	32.9252	95.5243	48.7560	1.0000	32.0000	0.3415	0.0448	0.4583	44.8626	1.0048
89.2866	90.3229	225.6346	1.0000	56.8106	95.7458	128.4985	1.0000	37.0000	0.1362	0.0425	0.4278	39.3270	1.1237
68.9542	96.6370	-26.8162	1.0000	69.9522	96.5744	-3.5872	1.0000	1.0000	0.3990	0.0343	1.0399	95.7517	1.0000
57.6486	83.5003	236.0200	1.0000	52.2277	83.1145	146.0444	1.0000	6.0000	0.0446	0.1689	0.6227	58.5752	1.1040
56.5769	81.3769	-60.1454	1.0000	60.7352	84.3381	93.1311	1.0000	7.0000	0.2147	0.1566	0.0348	19.2443	1.3712
27.5742	77.2802	265.1690	1.0000	34.6181	95.2371	60.3448	1.0000	28.0000	0.3076	0.0476	0.3295	33.7450	1.4516
53.5704	72.1317	232.6797	1.0000	51.8563	71.1348	202.6797	1.0000	2.0000	0.0371	0.2887	1.2520	116.3329	1.0086
2.2059	63.3115	66.1844	1.0000	32.2192	95.3157	62.3182	1.0000	44.0000	0.3556	0.0468	0.3076	33.2322	1.0028
94.0414	50.3245	168.2685	1.0000	52.3300	65.9185	118.6583	1.0000	49.0000	0.0466	0.3408	0.3184	44.5900	1.1004
92.9476	29.4059	205.1664	1.0000	52.3467	43.4049	118.5569	1.0000	48.0000	0.0469	0.5660	0.3173	63.4351	1.1177
39.4019	46.2514	3.1570	1.0000	47.7028	59.4301	73.0704	1.0000	16.0000	0.0459	0.4057	0.1881	44.0206	1.0273
25.8245	43.8660	53.9897	1.0000	47.7015	79.4482	72.1685	1.0000	42.0000	0.0460	0.2055	0.1981	27.3061	1.0055
20.2870	52.8618	-65.6281	1.0000	47.6251	73.7483	74.7668	1.0000	46.0000	0.0475	0.2625	0.1693	30.4441	1.3371
53.2830	21.3627	17.5763	1.0000	55.0092	24.7324	86.8928	1.0000	4.0000	0.1002	0.7527	0.0345	75.4981	1.0565
62.2655	57.8012	-19.5774	1.0000	65.1303	61.1212	85.8005	1.0000	5.0000	0.3026	0.3888	0.0467	41.9299	1.1402
98.7754	34.6430	40.8443	1.0000	99.1776	36.5531	90.6929	1.0000	2.0000	0.9836	0.6345	0.0077	80.2772	1.0246
42.9392	71.2487	104.4259	1.0000	47.5001	86.5624	77.8920	1.0000	16.0000	0.0500	0.1344	0.1345	18.2598	1.0013
43.4327	37.8525	184.9146	1.0000	41.4531	40.7961	86.6514	1.0000	4.0000	0.1709	0.5920	0.0372	59.9113	1.1276
62.5648	49.5287	264.4376	1.0000	52.0801	51.4392	116.6967	1.0000	14.0000	0.0416	0.4856	0.2966	55.4544	1.3136
8.2442	42.7990	122.3914	1.0000	46.0974	95.7231	61.4902	1.0000	66.0000	0.0781	0.0428	0.3168	29.0917	1.0143
66.7196	19.4552	153.8831	1.0000	52.2193	37.0235	117.9175	1.0000	23.0000	0.0444	0.6298	0.3102	68.9228	1.0097
55.7072	98.2288	3.6389	1.0000	56.5925	98.6939	27.7130	1.0000	1.0000	0.1318	0.0131	0.6921	62.6485	1.0000
12.4504	92.3125	138.7584	1.0000	12.0601	94.2251	88.9619	1.0000	2.0000	0.7588	0.0577	0.0115	38.3910	1.0246
13.6628	16.8857	153.4394	1.0000	47.5606	69.1902	70.5122	1.0000	64.0000	0.0488	0.3081	0.2165	36.5372	1.0268
63.9304	36.7071	106.8902	1.0000	52.1012	53.9571	117.3090	1.0000	21.0000	0.0420	0.4604	0.3034	53.5737	1.0040
86.4098	0.6392	-11.1244	1.0000	88.6789	3.3619	87.5693	1.0000	4.0000	0.7736	0.9664	0.0270	104.1196	1.1286
43.0424	28.5433	202.7886	1.0000	47.7459	54.5748	74.0019	1.0000	29.0000	0.0451	0.4543	0.1778	48.2127	1.0963
80.5111	46.4100	-21.9256	1.0000	52.1959	74.4103	117.7700	1.0000	47.0000	0.0439	0.2559	0.3086	37.8263	1.1803
26.7617	89.9004	72.3613	1.0000	30.7302	95.6032	46.7665	1.0000	7.0000	0.3854	0.0440	0.4804	47.5372	1.0075
94.0925	50.3918	211.8423	1.0000	52.4982	63.5697	118.4240	1.0000	49.0000	0.0500	0.3643	0.3158	46.2745	1.1230
18.3656	69.1761	22.0054	1.0000	44.1264	95.8474	60.4557	1.0000	39.0000	0.1175	0.0415	0.3283	30.4074	1.0518
13.9379	62.4079	55.5279	1.0000	39.7977	95.0924	60.2159	1.0000	42.0000	0.2040	0.0491	0.3309	31.8632	1.0077
91.8922	81.4032	224.3620	1.0000	52.1414	93.9011	117.4896	1.0000	48.0000	0.0428	0.0610	0.3054	28.2393	1.1519
31.8773	23.1502	-66.2933	1.0000	47.7128	40.5671	73.7724	1.0000	28.0000	0.0457	0.5943	0.1803	61.6509	1.1895
15.6661	74.4900	187.5634	1.0000	13.5621	77.3434	89.0486	1.0000	4.0000	0.7288	0.2266	0.0106	42.9179	1.1283
62.8611	32.5375	175.0434	1.0000	52.3902	42.5620	118.3066	1.0000	15.0000	0.0478	0.5744	0.3145	64.0789	1.0348
50.6852	7.7951	174.2486	1.0000	49.7872	8.2350	153.9022	1.0000	1.0000	0.0043	0.9177	0.7100	111.8229	1.0000
76.0600	26.0155	-18.2699	1.0000	52.3929	53.5194	118.3293	1.0000	42.0000	0.0479	0.4648	0.3148	54.4859	1.1575
40.9090	81.9564	-6.3942	1.0000	47.5044	91.1957	72.9127	1.0000	12.0000	0.0499	0.0880	0.1899	19.3835	1.0571
27.9852	82.7649	166.5585	1.0000	32.9099	95.3036	61.7840	1.0000	15.0000	0.3418	0.0470	0.3135	33.3207	1.1135
56.6507	55.8136	252.6637	1.0000	51.5778	53.9844	160.4315	1.0000	6.0000	0.0316	0.4602	0.7826	84.1458	1.1126
31.6239	88.5066	85.8741	1.0000	34.7064	95.8705	63.9584	1.0000	8.0000	0.3059	0.0413	0.2894	30.4814	1.0021
71.9400	62.5598	108.0966	1.0000	52.1783	88.8329	117.6742	1.0000	33.0000	0.0436	0.1117	0.3075	29.9217	1.0038
7.6346	47.0143	53.2907	1.0000	45.3724	95.5743	60.1445	1.0000	62.0000	0.0926	0.0443	0.3317	30.5345	1.0081
81.1985	69.2675	99.0034	1.0000	52.2172	93.9118	118.7029	1.0000	40.0000	0.0443	0.0609	0.3189	29.4251	1.0514
44.2629	54.4881	187.5081	1.0000	42.1570	57.3423	89.1639	1.0000	4.0000	0.1569	0.4266	0.0093	43.3808	1.1277
64.1423	50.8306	39.1314	1.0000	64.7175	53.7054	93.6848	1.0000	3.0000	0.2944	0.4629	0.0409	48.7172	1.0232
15.0968	11.3261	26.5071	1.0000	47.5655	47.9360	70.8211	1.0000	51.0000	0.0487	0.5206	0.2131	55.5375	1.0422
77.5324	70.9819	208.6131	1.0000	52.1727	85.4472	117.6446	1.0000	33.0000	0.0435	0.1455	0.3072	31.3166	1.1303
24.8601	37.4077	112.3757	1.0000	24.8892	38.4072	88.3285	1.0000	1.0000	0.5022	0.6159	0.0186	66.5358	1.0000
9.5739	58.3690	46.7433	1.0000	39.8152	95.1584	60.3389	1.0000	48.0000	0.2037	0.0484	0.3296	31.7325	1.0079
51.5048	29.4360	136.0246	1.0000	51.0786	30.3406	115.2273	1.0000	1.0000	0.0216	0.6966	0.2803	74.0946	1.0000
56.6500	10.2833	-61.2999	1.0000	60.8620	13.1637	92.0744	1.0000	7.0000	0.2172	0.8684	0.0230	87.5375	1.3718
82.2937	55.9075	159.7110	1.0000	52.0566	73.1131	117.1491	1.0000	38.0000	0.0411	0.2689	0.3017	38.2649	1.0923
55.1310	4.8201	-6.5945	1.0000	52.2969	17.3232	118.2380	1.0000	15.0000	0.0459	0.8268	0.3138	87.3963	1.1700
85.5250	60.6088	62.7724	1.0000	85.5636	61.6080	87.7908	1.0000	1.0000	0.7113	0.3839	0.0245	52.3793	1.0000
41.0538	3.4804	53.1815	1.0000	47.6070	16.9362	74.1029	1.0000	15.0000	0.0479	0.8306	0.1766	84.6052	1.0022
92.9746	82.6380	101.5047	1.0000	60.0558	95.4388	129.1730	1.0000	38.0000	0.2011	0.0456	0.4353	40.6995	1.0759
10.7379	54.6197	24.8512	1.0000	47.7070	93.0529	72.5205	1.0000	56.0000	0.0459	0.0695	0.1942	18.9487	1.0501
21.7004	49.0710	-23.1679	1.0000	47.7839	75.9526	73.3346	1.0000	42.0000	0.0443	0.2405	0.1852	29.3415	1.1213
28.7608	79.8711	127.3621	1.0000	36.4237	95.7886	60.4328	1.0000	18.0000	0.2715	0.0421	0.3285	32.8066	1.0189
62.8653	81.3922	166.9524	1.0000	52.1841	92.7327	117.7014	1.0000	16.0000	0.0437	0.0727	0.3078	28.7220	1.0270
71.2956	36.4862	68.6398	1.0000	71.2574	37.4855	92.1944	1.0000	1.0000	0.4251	0.6251	0.0244	66.0663	1.0000
90.9449	2.9552	150.5814	1.0000	52.3837	19.8190	118.3700	1.0000	46.0000	0.0477	0.8018	0.3152	85.0855	1.0930
80.9588	18.6978	27.4701	1.0000	52.4298	45.6792	118.3308	1.0000	43.0000	0.0486	0.5432	0.3148	61.3130	1.0951
16.5571	28.1263	155.3602	1.0000	47.5111	77.5917	70.1834	1.0000	60.0000	0.0498	0.2241	0.2202	30.0171	1.0282
0.4022	4.3012	128.7859	1.0000	47.5322	68.6153	70.5400	1.0000	81.0000	0.0494	0.3138	0.2162	37.0105	1.0159
66.3055	21.1689	-45.0066	1.0000	52.2706	49.2388	118.3854	1.0000	37.0000	0.0454	0.5076	0.3154	58.2030	1.1790
86.6021	70.9057	-71.3982	1.0000	52.9044	95.7805	119.0507	1.0000	55.0000	0.0581	0.0422	0.3228	29.4988	1.3131
46.4045	40.9918	-86.3528	1.0000	48.0290	38.5511	-41.3528	1.0000	3.0000	0.0394	0.6145	1.4595	145.0290	1.0232
65.3262	87.5208	88.5567	1.0000	60.6971	95.1302	128.3866	1.0000	9.0000	0.2139	0.0487	0.4265	40.1457	1.0105
2.0620	75.4003	71.5063	1.0000	20.2267	95.2159	45.0000	1.0000	27.0000	0.5955	0.0478	0.5000	54.1695	1.0044
68.1280	57.6974	255.8255	1.0000	52.2814	66.1199	118.8077	1.0000	22.0000	0.0456	0.3388	0.3201	44.5303	1.2259
9.6369	56.5010	-50.8209	1.0000	47.7773	82.7790	73.8557	1.0000	56.0000	0.0445	0.1722	0.1794	23.7095	1.2091
25.9803	20.7542	60.5062	1.0000	47.6372	56.5118	71.7380	1.0000	42.0000	0.0473	0.4349	0.2029	47.2261	1.0047
36.0207	13.1845	147.8222	1.0000	47.7695	52.9895	73.7683	1.0000	42.0000	0.0446	0.4701	0.1804	49.7838	1.0120
47.2617	81.6651	48.1296	1.0000	47.7556	82.5346	60.4007	1.0000	1.0000	0.0449	0.1747	0.3289	34.4412	1.0000
65.4161	71.6102	155.5822	1.0000	52.2040	87.6568	117.8191	1.0000	21.0000	0.0441	0.1234	0.3091	30.5142	1.0103
26.1081	65.4154	189.6211	1.0000	23.8306	68.1659	93.4432	1.0000	4.0000	0.5234	0.3183	0.0383	41.3534	1.1201
12.8874	34.0182	-65.6172	1.0000	47.6660	55.8018	71.9405	1.0000	53.0000	0.0467	0.4420	0.2007	47.8024	1.2915
38.5871	92.5565	62.0705	1.0000	39.9923	95.2071	62.0705	1.0000	3.0000	0.2002	0.0479	0.3103	30.0530	1.0000
1.7941	38.0452	181.5216	1.0000	-0.1306	40.1046	108.6540	0.0000	3.0000	1.0026	0.5990	0.2073	80.3026	1.0643
24.4048	56.9576	165.3949	1.0000	23.1193	59.4719	92.8483	1.0000	3.0000	0.5376	0.4053	0.0316	48.7156	1.0623
97.4252	10.1596	84.1580	1.0000	52.1136	34.9219	117.3623	1.0000	57.0000	0.0423	0.6508	0.3040	70.6281	1.1039
78.9051	87.6248	63.3088	1.0000	78.9437	88.6240	87.7855	1.0000	1.0000	0.5789	0.1138	0.0246	31.1778	1.0000
97.0256	87.6540	193.9995	1.0000	56.7973	95.4645	128.4985	1.0000	44.0000	0.1359	0.0454	0.4278	39.3561	1.0737
3.6339	90.2131	195.8058	1.0000	2.1478	95.5521	63.2811	1.0000	7.0000	0.9570	0.0445	0.2969	54.9865	1.2631
79.6908	52.9706	152.0001	1.0000	52.2624	70.5676	118.1459	1.0000	35.0000	0.0452	0.2943	0.3127	40.7870	1.0740
85.2792	40.0530	197.5669	1.0000	52.4798	54.5608	118.3951	1.0000	40.0000	0.0496	0.4544	0.3155	53.6391	1.1153
85.3779	13.3413	104.3737	1.0000	52.2573	37.7309	118.1940	1.0000	44.0000	0.0451	0.6227	0.3133	68.3918	1.0697
8.4731	27.6742	-13.4855	1.0000	47.7132	59.0578	73.0304	1.0000	56.0000	0.0457	0.4094	0.1886	44.3786	1.1145
24.7770	23.7621	147.0975	1.0000	47.5320	64.8231	70.4215	1.0000	48.0000	0.0494	0.3518	0.2175	40.3339	1.0225
41.1656	76.9843	-1.9677	1.0000	47.5777	86.4775	73.4408	1.0000	12.0000	0.0484	0.1352	0.1840	21.5159	1.0475
27.5156	6.2651	245.5779	1.0000	47.7295	48.4963	72.6667	1.0000	54.0000	0.0454	0.5150	0.1926	54.3896	1.1534
68.1098	29.4719	155.5481	1.0000	52.4708	47.2453	118.3820	1.0000	24.0000	0.0494	0.5275	0.3154	59.9559	1.0138
78.0367	14.3315	137.7280	1.0000	52.2394	33.8141	118.4287	1.0000	34.0000	0.0448	0.6619	0.3159	72.0679	1.0517
37.3923	30.6403	234.6417	1.0000	33.4736	32.9809	89.1537	1.0000	6.0000	0.3305	0.6702	0.0094	69.0318	1.3145
0.9943	89.3839	266.6894	1.0000	-0.2469	87.8756	218.1374	0.0000	2.0000	1.0049	0.1212	1.4237	138.1700	1.0239
29.0975	40.4405	247.9988	1.0000	47.7615	81.0444	72.9586	1.0000	52.0000	0.0448	0.1896	0.1893	25.5878	1.1636
37.4202	27.8649	88.5164	1.0000	47.7015	65.4815	78.0141	1.0000	39.0000	0.0460	0.3452	0.1332	36.6125	1.0001
46.3400	49.7471	93.4991	1.0000	47.7724	55.5670	73.7140	1.0000	6.0000	0.0446	0.4443	0.1810	47.3760	1.0011
76.8961	64.6935	136.5872	1.0000	52.2170	84.3447	118.6492	1.0000	33.0000	0.0443	0.1566	0.3183	32.7228	1.0461
32.1735	17.8945	45.4610	1.0000	47.5670	45.9143	71.0448	1.0000	32.0000	0.0487	0.5409	0.2106	57.3628	1.0009
94.7202	11.3669	99.8442	1.0000	52.3548	34.8444	118.5133	1.0000	53.0000	0.0471	0.6516	0.3168	71.1604	1.0942
60.4974	50.5140	-26.0095	1.0000	52.2072	71.0002	117.8388	1.0000	26.0000	0.0441	0.2900	0.3093	40.2599	1.1765
28.6024	18.9191	162.3339	1.0000	27.4022	21.4835	91.3737	1.0000	3.0000	0.4520	0.7852	0.0153	81.7153	1.0596
98.4615	55.5376	256.6740	1.0000	52.4598	61.9757	118.3666	1.0000	57.0000	0.0492	0.3802	0.3152	47.5033	1.2271
4.9059	6.1823	153.2591	1.0000	47.7482	67.8287	72.7488	1.0000	77.0000	0.0450	0.3217	0.1917	36.5741	1.0257
11.7464	91.2785	227.9916	1.0000	8.5580	95.0163	68.6749	1.0000	7.0000	0.8288	0.0498	0.2369	46.8725	1.4248
4.8530	45.3776	-50.8898	1.0000	47.5387	73.0091	72.4538	1.0000	61.0000	0.0492	0.2699	0.1950	32.2868	1.1996
39.9436	30.1376	-65.1053	1.0000	47.8156	33.1421	68.6150	1.0000	11.0000	0.0437	0.6686	0.2376	70.2287	1.3055
73.8963	26.0792	164.0117	1.0000	52.3564	42.9836	118.5045	1.0000	29.0000	0.0471	0.5702	0.3167	63.7881	1.0591
78.5323	56.5664	130.8795	1.0000	52.2137	77.0837	117.8807	1.0000	35.0000	0.0443	0.2292	0.3098	36.1579	1.0488
27.7159	81.7472	-45.8437	1.0000	43.7293	95.6156	61.9438	1.0000	26.0000	0.1254	0.0438	0.3117	29.0808	1.2273
55.4054	26.7962	245.4593	1.0000	52.0218	25.0003	185.4593	1.0000	4.0000	0.0404	0.7500	1.0607	121.4147	1.0442
18.2082	22.2646	70.2440	1.0000	47.5244	65.9365	70.0900	1.0000	53.0000	0.0495	0.3406	0.2212	39.5330	1.0076
27.2603	87.4907	16.9335	1.0000	36.3459	95.7683	60.0872	1.0000	13.0000	0.2731	0.0423	0.3324	33.1530	1.0577
98.2054	19.8906	260.1795	1.0000	52.1137	26.3042	117.3629	1.0000	58.0000	0.0423	0.7370	0.3040	78.6401	1.2464
97.9426	61.5768	32.2068	1.0000	52.2169	87.9477	118.6145	1.0000	60.0000	0.0443	0.1205	0.3179	31.1282	1.1367
16.8917	30.8682	-41.1578	1.0000	47.5979	56.0789	71.4146	1.0000	47.0000	0.0480	0.4392	0.2065	47.7520	1.1830
73.2573	27.5763	-41.5137	1.0000	52.1579	55.4911	117.5694	1.0000	42.0000	0.0432	0.4451	0.3063	52.4001	1.2003
30.3263	41.0645	-25.7493	1.0000	47.5545	64.3674	71.3114	1.0000	31.0000	0.0489	0.3563	0.2077	40.3103	1.0697
76.6902	20.1074	-18.7861	1.0000	52.2544	48.0351	118.2317	1.0000	43.0000	0.0451	0.5196	0.3137	59.1816	1.1588
27.0456	84.5349	-22.5147	1.0000	40.3128	95.7035	62.0008	1.0000	20.0000	0.1937	0.0430	0.3111	29.9375	1.1532
1.2386	59.7504	29.8758	1.0000	42.0960	95.3977	60.3119	1.0000	56.0000	0.1581	0.0460	0.3299	31.0651	1.0328
0.6539	46.6042	-32.5956	1.0000	47.5172	77.5937	71.4441	1.0000	64.0000	0.0497	0.2241	0.2062	29.1981	1.1391
16.1341	5.9455	67.6443	1.0000	47.5295	51.7581	70.4522	1.0000	56.0000	0.0494	0.4824	0.2172	52.1105	1.0083
37.5056	60.8609	127.3507	1.0000	47.6999	94.1645	74.4394	1.0000	35.0000	0.0460	0.0584	0.1729	16.7772	1.0049
44.3030	83.3503	122.8861	1.0000	47.4632	95.8587	76.7353	1.0000	13.0000	0.0507	0.0414	0.1474	14.1258	1.0076
49.2545	55.0424	2.2718	1.0000	50.2094	55.3393	17.2718	1.0000	1.0000	0.0042	0.4466	0.8081	85.3464	1.0000
88.5806	62.6100	236.2902	1.0000	52.3523	73.1097	118.5266	1.0000	45.0000	0.0470	0.2689	0.3170	39.2733	1.1930
3.8899	64.6412	201.0531	1.0000	27.1013	95.6252	45.0000	1.0000	43.0000	0.4580	0.0437	0.5000	50.6803	1.1107
57.2830	25.9403	-57.8703	1.0000	52.1492	43.2874	117.5271	1.0000	24.0000	0.0430	0.5671	0.3059	63.0768	1.3266
10.8448	51.4721	126.7820	1.0000	42.4386	95.3771	60.0491	1.0000	55.0000	0.1512	0.0462	0.3328	31.2346	1.0168
9.4697	0.4359	16.9456	1.0000	47.7451	36.8101	75.0574	1.0000	57.0000	0.0451	0.6319	0.1660	64.9718	1.0795
39.2339	30.0922	-51.8175	1.0000	47.6136	36.4560	73.3035	1.0000	13.0000	0.0477	0.6354	0.1855	65.7443	1.2355
77.1703	27.9761	17.9964	1.0000	78.2879	30.5669	91.0654	1.0000	3.0000	0.5658	0.6943	0.0118	74.9820	1.0633
32.0902	22.5165	104.0254	1.0000	47.7159	64.6435	74.5158	1.0000	45.0000	0.0457	0.3536	0.1720	38.6660	1.0015
52.8815	85.9134	222.0705	1.0000	51.9910	85.4583	207.0705	1.0000	1.0000	0.0398	0.1454	1.3008	117.9870	1.0000
60.9356	43.2474	17.2325	1.0000	52.2218	61.7595	118.0529	1.0000	22.0000	0.0444	0.3824	0.3117	47.4788	1.0753
32.5395	26.2781	233.0658	1.0000	28.4769	28.5167	92.4407	1.0000	6.0000	0.4305	0.7148	0.0271	74.6931	1.2935
32.6803	27.0077	14.4564	1.0000	47.5506	53.8760	73.7791	1.0000	31.0000	0.0490	0.4612	0.1802	48.9545	1.0095
44.4920	93.2695	68.5381	1.0000	45.2237	95.1309	68.5381	1.0000	2.0000	0.0955	0.0487	0.2385	22.5197	1.0000
57.3003	85.6233	-82.8470	1.0000	57.1086	95.3798	128.4084	1.0000	17.0000	0.1422	0.0462	0.4268	39.3330	1.7421
80.0230	26.0742	177.5333	1.0000	52.3040	41.8070	118.8403	1.0000	35.0000	0.0461	0.5819	0.3204	64.9885	1.0981
46.2160	97.8966	118.0568	1.0000	46.0423	98.8814	100.0034	1.0000	1.0000	0.0792	0.0112	0.1111	10.8158	1.0000
23.7354	6.3311	-45.6679	1.0000	47.7373	30.2829	76.0917	1.0000	41.0000	0.0453	0.6972	0.1545	71.1269	1.2091
86.0860	24.7288	-79.7786	1.0000	90.5203	26.2109	92.7372	1.0000	7.0000	0.8104	0.7379	0.0304	84.2272	1.4972
62.3767	46.2795	182.3039	1.0000	52.3611	55.2182	118.2897	1.0000	14.0000	0.0472	0.4478	0.3143	53.0217	1.0429
8.3987	40.7308	124.2414	1.0000	46.9582	95.5200	65.9103	1.0000	68.0000	0.0608	0.0448	0.2677	24.6908	1.0150
40.3198	64.2672	-81.6418	1.0000	47.8187	64.3321	62.0808	1.0000	10.0000	0.0436	0.3567	0.3102	45.3479	1.3335
7.3202	43.4964	-61.7264	1.0000	47.7385	67.9866	73.3529	1.0000	59.0000	0.0452	0.3201	0.1850	36.1538	1.2484
84.0979	42.4809	74.9314	1.0000	52.0862	68.3430	117.2514	1.0000	44.0000	0.0417	0.3166	0.3028	41.8229	1.0692
17.0517	19.5829	252.7605	1.0000	47.7145	72.1149	72.8887	1.0000	69.0000	0.0457	0.2789	0.1901	32.7963	1.1344
79.3261	7.3619	-79.3558	1.0000	83.7866	8.8325	92.1640	1.0000	7.0000	0.6757	0.9117	0.0240	97.2509	1.4904
57.9469	88.2054	-6.1052	1.0000	58.1956	95.6242	125.0049	1.0000	9.0000	0.1639	0.0438	0.3889	36.2168	1.2124
8.7250	58.2022	167.5587	1.0000	7.4034	60.6862	93.1015	1.0000	3.0000	0.8519	0.3931	0.0345	58.0488	1.0662
36.6905	59.1575	182.8688	1.0000	34.7736	62.1601	86.1039	1.0000	4.0000	0.3045	0.3784	0.0433	40.9741	1.1229
60.2598	44.3325	-5.7837	1.0000	52.3221	63.0980	118.7100	1.0000	23.0000	0.0464	0.3690	0.3190	46.8125	1.1288
34.7946	23.1004	120.7375	1.0000	47.6006	62.9759	76.1459	1.0000	42.0000	0.0480	0.3702	0.1539	39.6040	1.0028
72.7923	99.6003	175.7784	1.0000	71.7937	99.6535	176.9534	1.0000	1.0000	0.4359	0.0035	0.9661	89.6436	1.0000
74.1967	4.5311	125.6302	1.0000	52.0870	26.6603	117.2543	1.0000	32.0000	0.0417	0.7334	0.3028	78.2679	1.0230
81.4198	87.9880	168.2082	1.0000	58.2726	95.6400	128.5577	1.0000	26.0000	0.1655	0.0436	0.4284	39.6755	1.0665
82.0513	81.4065	-37.1573	1.0000	85.3553	83.8662	86.2944	1.0000	5.0000	0.7071	0.1613	0.0412	39.0388	1.2139
50.1339	80.0529	150.6808	1.0000	49.5487	80.8638	125.8171	1.0000	1.0000	0.0090	0.1914	0.3980	40.6111	1.0000
71.7310	25.2536	207.7459	1.0000	52.1149	39.8930	117.3684	1.0000	27.0000	0.0423	0.6011	0.3041	66.0784	1.1031
72.1488	47.0630	43.7202	1.0000	72.5140	48.9860	91.1061	1.0000	2.0000	0.4503	0.5101	0.0123	55.7722	1.0218
11.7970	26.3183	29.4494	1.0000	47.7323	66.5672	72.7975	1.0000	56.0000	0.0454	0.3343	0.1911	37.6672	1.0379
20.4056	18.5857	-25.8530	1.0000	47.7342	46.1981	74.0728	1.0000	44.0000	0.0453	0.5380	0.1770	56.1556	1.1326
79.0740	69.1346	59.7855	1.0000	52.1237	95.7779	117.4078	1.0000	40.0000	0.0425	0.0422	0.3045	27.8123	1.0555
64.0003	4.7571	-57.6380	1.0000	52.0663	30.6418	117.1818	1.0000	35.0000	0.0413	0.6936	0.3020	74.5230	1.2279
18.7395	17.1446	203.6688	1.0000	47.5823	67.1860	70.9987	1.0000	62.0000	0.0484	0.3281	0.2111	37.9954	1.0734
52.5814	25.4950	-59.4634	1.0000	52.1880	36.9981	117.8683	1.0000	18.0000	0.0438	0.6300	0.3096	68.9251	1.5639
70.2599	36.8428	147.7132	1.0000	52.2198	56.2452	118.2017	1.0000	27.0000	0.0444	0.4375	0.3134	52.1032	1.0191
22.2242	53.9629	128.2579	1.0000	47.1324	95.3907	67.2013	1.0000	49.0000	0.0574	0.0461	0.2533	23.4361	1.0137
94.6867	66.1978	61.5878	1.0000	94.7475	67.1960	86.5140	1.0000	1.0000	0.8950	0.3280	0.0387	55.5931	1.0000
30.9001	66.7896	145.1307	1.0000	45.0188	95.7877	60.3440	1.0000	33.0000	0.0996	0.0421	0.3295	30.3650	1.0232
90.1575	74.3155	8.0181	1.0000	56.0371	95.5963	128.4938	1.0000	47.0000	0.1207	0.0440	0.4277	39.2124	1.1688
53.3547	48.5194	179.4424	1.0000	52.3946	48.7992	163.7553	1.0000	1.0000	0.0479	0.5120	0.8195	89.8170	1.0000
88.9908	61.2909	29.7833	1.0000	52.3085	87.8937	118.8068	1.0000	51.0000	0.0462	0.1211	0.3201	31.3325	1.1255
92.6055	28.4363	35.5296	1.0000	52.4590	54.5928	118.3655	1.0000	54.0000	0.0492	0.4541	0.3152	53.5954	1.1270
35.7559	40.7883	-45.0415	1.0000	47.6486	53.8493	71.4984	1.0000	20.0000	0.0470	0.4615	0.2056	49.7767	1.1322
46.7440	50.8627	254.8371	1.0000	47.5929	69.9014	77.1879	1.0000	26.0000	0.0481	0.3010	0.1424	32.8004	1.3643
82.6018	27.9424	203.1169	1.0000	52.1840	42.7700	117.7045	1.0000	38.0000	0.0437	0.5723	0.3078	63.6206	1.1230
64.3989	8.8053	237.1776	1.0000	52.1828	15.1302	118.6070	1.0000	16.0000	0.0437	0.8487	0.3179	89.5880	1.1631
34.7239	79.4679	156.5953	1.0000	38.0212	95.5107	72.5154	1.0000	17.0000	0.2396	0.0449	0.1943	21.6646	1.0380
42.2782	5.7771	76.1937	1.0000	47.6557	23.9913	76.4562	1.0000	19.0000	0.0469	0.7601	0.1505	77.2415	1.0004
9.2219	18.6156	-79.1915	1.0000	47.7063	40.0500	74.6762	1.0000	60.0000	0.0459	0.5995	0.1703	61.9199	1.3621
67.0095	93.5876	122.8138	1.0000	65.8352	95.2064	126.7031	1.0000	2.0000	0.3167	0.0479	0.4078	40.2598	1.0001
87.0081	70.3430	111.3755	1.0000	52.2226	93.5588	117.9398	1.0000	45.0000	0.0445	0.0644	0.3104	28.7587	1.0760
70.3984	50.4150	95.1596	1.0000	52.1421	76.5246	117.4926	1.0000	32.0000	0.0428	0.2348	0.3055	36.2150	1.0044
39.9022	38.9022	176.4181	1.0000	47.6257	70.6324	73.7895	1.0000	34.0000	0.0475	0.2937	0.1801	33.6285	1.0411
46.4156	18.5241	79.0967	1.0000	47.7069	23.3513	76.6959	1.0000	5.0000	0.0459	0.7665	0.1478	77.8285	1.0006
13.1708	81.5051	171.7017	1.0000	20.6768	95.5762	45.0356	1.0000	18.0000	0.5865	0.0442	0.4996	53.8630	1.1287
8.3526	45.3785	-75.7065	1.0000	47.5912	67.4143	73.1586	1.0000	60.0000	0.0482	0.3259	0.1871	36.7596	1.3333
58.3894	14.5663	11.0218	1.0000	59.9328	17.9874	90.5850	1.0000	4.0000	0.1987	0.8201	0.0065	82.6140	1.0658
92.1535	3.1684	132.8677	1.0000	52.3102	22.2402	118.7942	1.0000	48.0000	0.0462	0.7776	0.3199	82.9520	1.0866
13.6128	17.1238	177.5577	1.0000	47.6972	71.4780	72.5852	1.0000	67.0000	0.0461	0.2852	0.1935	33.4975	1.0443
29.8240	55.3800	-18.3259	1.0000	47.5792	79.6840	71.5010	1.0000	32.0000	0.0484	0.2032	0.2055	27.5828	1.0632
76.7204	58.7215	203.8579	1.0000	52.2224	73.4715	118.0043	1.0000	32.0000	0.0444	0.2653	0.3112	38.6386	1.1190
56.3689	50.1365	224.6463	1.0000	51.7441	50.2290	145.5873	1.0000	5.0000	0.0349	0.4977	0.6176	74.6333	1.0809
5.5146	92.8568	113.1564	1.0000	5.5498	93.8562	87.9783	1.0000	1.0000	0.8890	0.0614	0.0225	44.9183	1.0000
59.7459	88.6309	97.4860	1.0000	55.4463	95.3173	128.3668	1.0000	8.0000	0.1089	0.0468	0.4263	39.0334	1.0064
84.2579	44.7494	188.8836	1.0000	52.4547	59.6432	118.3598	1.0000	39.0000	0.0491	0.4036	0.3151	49.3860	1.1105
1.7084	69.8975	91.7880	1.0000	24.2064	95.0213	45.0000	1.0000	34.0000	0.5159	0.0498	0.5000	52.1066	1.0082
49.4882	88.6589	-44.7224	1.0000	50.3566	88.1631	-29.7224	1.0000	1.0000	0.0071	0.1184	1.3302	120.3066	1.0000
97.4231	36.8004	72.6108	1.0000	52.2172	61.6087	118.7265	1.0000	57.0000	0.0443	0.3839	0.3192	48.0002	1.1054
3.0427	45.0854	105.2355	1.0000	42.0302	95.0051	60.0952	1.0000	64.0000	0.1594	0.0499	0.3323	31.3491	1.0104
52.0543	45.5928	-15.3919	1.0000	55.3858	49.4537	92.8125	1.0000	6.0000	0.1077	0.5055	0.0312	50.9101	1.1766
35.7642	68.4423	176.3188	1.0000	42.3258	95.2860	70.9368	1.0000	29.0000	0.1535	0.0471	0.2118	21.0837	1.0494
6.4006	35.7365	2.0291	1.0000	47.7268	69.9022	74.2591	1.0000	59.0000	0.0455	0.3010	0.1749	34.0415	1.1003
72.6158	20.9174	83.1302	1.0000	52.2918	47.8657	118.9346	1.0000	34.0000	0.0458	0.5213	0.3215	59.6695	1.0073
58.4734	27.4823	-2.7168	1.0000	52.2502	43.9930	118.2926	1.0000	20.0000	0.0450	0.5601	0.3144	62.7878	1.1335
0.0262	34.6340	217.4115	1.0000	-0.9509	34.4209	192.3024	0.0000	1.0000	1.0190	0.6558	1.1367	131.7664	1.0000
42.7374	68.0552	-39.6482	1.0000	48.0190	69.2602	50.3518	1.0000	6.0000	0.0396	0.3074	0.4405	50.2080	1.1076
60.2706	63.2354	82.9970	1.0000	52.1129	76.8194	117.3621	1.0000	16.0000	0.0423	0.2318	0.3040	35.9234	1.0098
35.6828	91.2515	220.7993	1.0000	32.5497	95.3920	72.8307	1.0000	7.0000	0.3490	0.0461	0.1908	24.9105	1.3481
45.3720	72.2874	-2.6101	1.0000	47.9751	73.6362	42.3899	1.0000	3.0000	0.0405	0.2636	0.5290	54.4598	1.0232
63.4977	39.1495	112.3256	1.0000	52.4927	54.5789	118.4153	1.0000	19.0000	0.0499	0.4542	0.3157	53.6350	1.0025
26.9907	79.1484	234.0964	1.0000	23.0238	81.4079	89.9205	1.0000	6.0000	0.5395	0.1859	0.0009	32.7626	1.3143
81.2767	54.2242	181.4028	1.0000	52.4573	69.5359	118.3633	1.0000	36.0000	0.0491	0.3046	0.3151	41.6962	1.1031
32.0243	30.7267	246.5207	1.0000	47.6969	68.6205	72.3466	1.0000	48.0000	0.0461	0.3138	0.1961	36.0779	1.1705
85.6196	96.2900	172.4375	1.0000	84.6233	96.3758	175.0777	1.0000	1.0000	0.6925	0.0362	0.9453	91.9246	1.0000
11.2796	51.8110	107.7526	1.0000	43.2939	95.7965	60.2247	1.0000	55.0000	0.1341	0.0420	0.3308	30.8092	1.0110
45.1787	73.5209	205.8333	1.0000	47.5986	94.7379	78.0914	1.0000	24.0000	0.0480	0.0526	0.1323	13.2390	1.1239
86.0121	34.7583	48.8792	1.0000	52.2183	61.2742	118.3150	1.0000	47.0000	0.0444	0.3873	0.3146	48.0244	1.0942
65.2309	45.8577	163.3933	1.0000	52.1873	60.5176	117.7222	1.0000	20.0000	0.0437	0.3948	0.3080	48.2925	1.0192
8.2511	19.8562	35.0250	1.0000	47.6541	65.6336	72.0726	1.0000	62.0000	0.0469	0.3437	0.1992	38.8322	1.0265
10.5798	55.6787	161.7182	1.0000	9.5206	58.2867	87.1366	1.0000	3.0000	0.8096	0.4171	0.0318	58.1961	1.0657
9.3641	38.4167	185.8351	1.0000	7.3428	41.3296	87.3785	1.0000	4.0000	0.8531	0.5867	0.0291	72.5860	1.1282
88.0904	62.3945	-39.8312	1.0000	52.1469	89.6614	117.5156	1.0000	56.0000	0.0429	0.1034	0.3057	29.4721	1.2413
98.1938	33.2134	-65.6762	1.0000	100.9001	32.4349	8.5717	0.0000	3.0000	1.0180	0.6757	0.9048	117.4157	1.0653
98.6486	20.4767	211.0912	1.0000	52.2582	33.9283	118.1826	1.0000	54.0000	0.0452	0.6607	0.3131	71.8667	1.1180
46.5690	5.5902	181.9784	1.0000	44.4165	8.4292	90.5822	1.0000	4.0000	0.1117	0.9157	0.0065	91.7427	1.1227
78.2732	10.8454	-83.4201	1.0000	82.8282	11.9727	87.9277	1.0000	7.0000	0.6566	0.8803	0.0230	93.9723	1.4918
14.3277	57.1490	-27.9646	1.0000	47.6181	85.5609	72.5580	1.0000	50.0000	0.0476	0.1444	0.1938	22.7681	1.1424
76.4553	71.1244	-58.0093	1.0000	80.4905	73.1801	88.2886	1.0000	6.0000	0.6098	0.2682	0.0190	40.6437	1.3249
57.0414	31.1341	151.0649	1.0000	52.1375	37.2902	118.0616	1.0000	8.0000	0.0428	0.6271	0.3118	68.7354	1.0165
33.3560	94.1756	49.6817	1.0000	33.8546	95.0424	60.0915	1.0000	1.0000	0.3229	0.0496	0.3323	34.3478	1.0000
86.0281	31.5603	134.2748	1.0000	52.2171	50.8716	118.6830	1.0000	42.0000	0.0443	0.4913	0.3187	56.9318	1.0787
51.7569	59.0681	-60.3956	1.0000	52.4756	58.3728	-44.0536	1.0000	1.0000	0.0495	0.4163	1.4895	140.3899	1.0000
86.3776	61.3839	186.9588	1.0000	52.0526	77.0583	117.1360	1.0000	42.0000	0.0411	0.2294	0.3015	35.5935	1.1130
91.3669	24.1698	186.8061	1.0000	52.0501	39.6722	117.1277	1.0000	47.0000	0.0410	0.6033	0.3014	66.1782	1.1121
55.5854	1.2302	215.9456	1.0000	51.7834	1.3940	152.4716	1.0000	4.0000	0.0357	0.9861	0.6941	116.7434	1.0511
51.5149	60.5024	84.4546	1.0000	51.5084	61.5024	90.3742	1.0000	1.0000	0.0302	0.3850	0.0042	38.5290	1.0000
60.1131	87.4293	38.4469	1.0000	60.7075	90.3003	93.3043	1.0000	3.0000	0.2141	0.0970	0.0367	14.8207	1.0232
43.8463	59.5825	269.6445	1.0000	47.7515	86.8664	74.2107	1.0000	35.0000	0.0450	0.1313	0.1754	20.6604	1.2699
63.3724	0.2075	18.1721	1.0000	52.1298	21.8737	117.4356	1.0000	26.0000	0.0426	0.7813	0.3048	82.8310	1.0652
62.7494	21.3971	54.3048	1.0000	63.1400	23.3411	86.1397	1.0000	2.0000	0.2628	0.7666	0.0429	77.8726	1.0086
22.1809	93.5500	8.1600	1.0000	30.0125	95.1687	13.7553	1.0000	8.0000	0.3998	0.0483	0.8472	78.9690	1.0004
12.5532	10.6225	53.8619	1.0000	47.7528	59.7110	72.9349	1.0000	61.0000	0.0449	0.4029	0.1896	43.8118	1.0099
95.2433	52.3664	-62.5059	1.0000	99.3464	54.2050	86.1105	1.0000	6.0000	0.9869	0.4580	0.0432	67.4342	1.3345
27.3355	89.3489	-64.5437	1.0000	41.3783	95.4855	61.7987	1.0000	22.0000	0.1724	0.0451	0.3133	29.8333	1.4356
55.9474	25.7294	59.2656	1.0000	56.2247	27.6928	89.4617	1.0000	2.0000	0.1245	0.7231	0.0060	72.5766	1.0086
80.6134	8.5479	158.9293	1.0000	52.1968	25.5944	117.7752	1.0000	36.0000	0.0439	0.7441	0.3086	79.4511	1.0864
75.3752	46.1085	-52.6427	1.0000	79.2382	48.5058	92.7533	1.0000	6.0000	0.5848	0.5149	0.0306	59.2799	1.3197
90.2384	50.2440	10.2640	1.0000	52.2197	77.4605	117.9204	1.0000	54.0000	0.0444	0.2254	0.3102	35.9514	1.1549
59.5298	54.1878	196.4495	1.0000	52.3925	58.6298	117.6316	1.0000	9.0000	0.0479	0.4137	0.3070	49.8069	1.0706
62.7433	73.7116	163.1178	1.0000	52.2111	85.2801	117.8633	1.0000	16.0000	0.0442	0.1472	0.3096	31.5900	1.0227
6.8422	96.9168	177.7780	1.0000	5.9449	97.3583	153.8001	1.0000	1.0000	0.8811	0.0264	0.7089	77.5775	1.0000
3.5921	16.5704	-52.1393	1.0000	47.5310	42.6839	70.2599	1.0000	61.0000	0.0494	0.5732	0.2193	60.6705	1.1934
98.8692	40.9866	79.7504	1.0000	52.3741	65.3286	118.4155	1.0000	58.0000	0.0475	0.3467	0.3157	44.8908	1.1051
10.0674	2.0841	99.1364	1.0000	47.5519	55.5370	70.6372	1.0000	66.0000	0.0490	0.4446	0.2151	48.5579	1.0109
79.9460	26.7366	-82.7192	1.0000	84.4709	27.9427	89.1142	1.0000	7.0000	0.6894	0.7206	0.0098	79.8829	1.4948
67.6571	87.9944	22.8220	1.0000	66.5021	95.0054	126.1981	1.0000	8.0000	0.3300	0.0499	0.4022	40.0945	1.1259
45.4543	98.8606	144.8095	1.0000	44.9450	99.7212	120.6153	1.0000	1.0000	0.1011	0.0028	0.3402	31.0311	1.0000
62.4758	2.8338	238.0551	1.0000	52.1815	6.8155	118.6063	1.0000	13.0000	0.0436	0.9318	0.3178	97.5009	1.1778
98.5131	95.9815	31.6344	1.0000	99.0606	96.8183	56.8095	1.0000	1.0000	0.9812	0.0318	0.3688	59.3184	1.0000
84.3884	3.4606	-82.4062	1.0000	88.8796	4.7310	90.1843	1.0000	7.0000	0.7776	0.9527	0.0020	102.8972	1.4997
88.7904	22.1226	-61.2436	1.0000	92.8526	24.0509	87.4141	1.0000	6.0000	0.8571	0.7595	0.0287	87.2427	1.3343
35.7274	18.7616	-33.0562	1.0000	47.7139	34.9613	75.8289	1.0000	22.0000	0.0457	0.6504	0.1575	66.6039	1.0917
82.5847	52.6049	27.5213	1.0000	52.2513	79.9893	118.2717	1.0000	45.0000	0.0450	0.2001	0.3141	34.7100	1.1012
81.9332	94.0455	-60.2070	1.0000	85.9423	95.0252	63.0603	1.0000	5.0000	0.7188	0.0497	0.2993	45.1923	1.2115
65.4820	5.4452	118.5479	1.0000	52.4229	23.1005	118.3243	1.0000	22.0000	0.0485	0.7690	0.3147	81.9858	1.0018
15.0751	74.9195	-63.6333	1.0000	46.9019	95.2696	66.6758	1.0000	49.0000	0.0620	0.0473	0.2592	23.9998	1.2971
34.5014	14.8361	-53.2976	1.0000	47.6462	29.8242	73.9244	1.0000	23.0000	0.0471	0.7018	0.1786	72.0320	1.1537
38.9682	19.0982	108.4764	1.0000	47.6285	47.7920	76.5894	1.0000	30.0000	0.0474	0.5221	0.1490	53.9550	1.0009
64.2076	15.8209	13.0267	1.0000	65.6544	19.2864	92.3422	1.0000	4.0000	0.3131	0.8071	0.0260	82.2511	1.0651
40.9358	0.8826	-54.2781	1.0000	42.6214	-0.1616	-24.2781	0.0000	2.0000	0.1476	1.0016	1.2698	152.1390	1.0086
52.5548	67.0844	213.2557	1.0000	51.6052	66.7711	198.2557	1.0000	1.0000	0.0321	0.3323	1.2028	113.2521	1.0000
84.0738	44.8986	166.8674	1.0000	52.3542	60.9217	118.5166	1.0000	39.0000	0.0471	0.3908	0.3169	48.4340	1.0974
47.1388	0.0951	184.3242	1.0000	44.8193	2.8138	94.2209	1.0000	4.0000	0.1036	0.9719	0.0469	97.4157	1.1193
21.5244	96.1784	44.8098	1.0000	22.2339	96.8832	44.8098	1.0000	1.0000	0.5553	0.0312	0.5021	53.1302	1.0000
1.5027	60.7938	-27.0127	1.0000	47.7534	93.2848	74.4795	1.0000	64.0000	0.0449	0.0672	0.1725	17.0596	1.1323
72.0215	71.2313	62.3280	1.0000	72.0917	72.2289	85.9766	1.0000	1.0000	0.4418	0.2777	0.0447	35.7136	1.0000
48.1101	67.2774	-4.2290	1.0000	49.0925	67.4643	10.7710	1.0000	1.0000	0.0182	0.3254	0.8803	85.6541	1.0000
93.5059	35.9397	258.3099	1.0000	52.1147	42.8544	117.3674	1.0000	53.0000	0.0423	0.5715	0.3041	63.3961	1.2630
26.9596	95.5154	182.6796	1.0000	26.0261	95.8740	158.9827	1.0000	1.0000	0.4795	0.0413	0.7665	73.1463	1.0000
21.6522	26.7038	-35.3672	1.0000	47.6323	52.9408	74.4029	1.0000	43.0000	0.0474	0.4706	0.1733	49.6331	1.1646
34.9471	84.5215	213.6490	1.0000	35.2811	95.3222	63.0714	1.0000	14.0000	0.2944	0.0468	0.2992	31.0432	1.2956
18.3933	67.4521	205.7168	1.0000	35.2652	95.3852	60.0497	1.0000	37.0000	0.2947	0.0461	0.3328	33.6962	1.1338
9.7124	68.2999	56.4235	1.0000	34.3284	95.6991	59.5027	1.0000	37.0000	0.3134	0.0430	0.3389	34.5570	1.0045
23.9282	72.8505	184.3929	1.0000	21.9291	75.7994	87.5942	1.0000	4.0000	0.5614	0.2420	0.0267	37.1407	1.1228
2.6429	46.9325	-4.1239	1.0000	47.7498	80.5298	73.0695	1.0000	62.0000	0.0450	0.1947	0.1881	25.8997	1.1023
40.9113	48.4127	123.0430	1.0000	47.5986	71.3333	77.7886	1.0000	24.0000	0.0480	0.2867	0.1357	31.2516	1.0052
19.4850	3.7977	240.5322	1.0000	15.4212	5.7383	92.5434	1.0000	6.0000	0.6916	0.9426	0.0283	100.4362	1.3323
94.8640	81.5681	234.9939	1.0000	52.4610	91.9252	118.3683	1.0000	51.0000	0.0492	0.0807	0.3152	29.5977	1.1684
68.8094	39.6396	230.9620	1.0000	52.2155	51.4449	117.8927	1.0000	23.0000	0.0443	0.4856	0.3099	56.0402	1.1294
56.5170	15.5094	-10.9775	1.0000	58.9053	19.2144	92.7034	1.0000	5.0000	0.1781	0.8079	0.0300	81.3198	1.1343
38.3088	56.9238	31.2416	1.0000	47.5558	73.4562	70.5634	1.0000	19.0000	0.0489	0.2654	0.2160	32.9899	1.0030
73.7735	53.4553	-11.3736	1.0000	52.2877	81.7774	118.9537	1.0000	40.0000	0.0458	0.1822	0.3217	34.2872	1.1252
91.0053	31.2850	250.7080	1.0000	52.2926	39.3014	118.9279	1.0000	49.0000	0.0459	0.6070	0.3214	67.2785	1.2394
91.6360	57.1879	85.1384	1.0000	52.2002	81.9886	117.7953	1.0000	51.0000	0.0440	0.1801	0.3088	33.1938	1.0947
70.5189	68.3450	172.7814	1.0000	52.2079	85.2211	117.8438	1.0000	26.0000	0.0442	0.1478	0.3094	31.6002	1.0441
0.8651	26.3772	-62.9877	1.0000	47.5993	52.5543	72.6583	1.0000	66.0000	0.0480	0.4745	0.1927	50.5727	1.2321
62.6507	0.7229	169.2673	1.0000	52.3934	11.0897	118.3005	1.0000	15.0000	0.0479	0.8891	0.3144	93.3364	1.0285
92.6386	15.6884	234.0715	1.0000	52.2836	26.4662	118.8137	1.0000	49.0000	0.0457	0.7353	0.3202	79.0105	1.1731
44.3903	64.7439	182.8599	1.0000	47.5083	85.0315	74.2540	1.0000	22.0000	0.0498	0.1497	0.1750	21.8678	1.0718
80.8164	65.0341	209.4980	1.0000	52.2855	79.1180	118.8763	1.0000	36.0000	0.0457	0.2088	0.3208	35.7088	1.1314
58.1563	99.5653	55.8684	1.0000	58.4638	100.5169	72.0950	1.0000	1.0000	0.1693	0.0052	0.1989	19.8114	1.0000
61.3241	10.8153	-31.9831	1.0000	52.1509	32.6517	117.5350	1.0000	28.0000	0.0430	0.6735	0.3059	72.7915	1.1822
38.8315	36.3116	244.5992	1.0000	47.5221	76.8680	78.0470	1.0000	47.0000	0.0496	0.2313	0.1328	26.1554	1.1332
99.9128	26.9748	6.7261	1.0000	100.7700	27.4898	31.0010	0.0000	1.0000	1.0154	0.7251	0.6555	106.3776	1.0000
64.1583	38.6942	16.0130	1.0000	52.4235	61.0689	118.3249	1.0000	27.0000	0.0485	0.3893	0.3147	48.2058	1.0687
6.9280	97.4513	201.4420	1.0000	5.9295	97.5065	176.8347	1.0000	1.0000	0.8814	0.0249	0.9648	97.4099	1.0000
52.2672	61.4401	-9.0978	1.0000	52.4950	71.0406	118.1490	1.0000	12.0000	0.0499	0.2896	0.3128	40.4628	1.2496
64.0673	92.4515	159.3539	1.0000	60.0365	95.3451	134.3086	1.0000	5.0000	0.2007	0.0465	0.4923	45.6690	1.0077
78.5918	42.0041	1.4549	1.0000	52.2714	69.6862	118.4129	1.0000	43.0000	0.0454	0.3031	0.3157	41.6098	1.1257
48.7081	43.0390	184.6312	1.0000	47.7335	43.2629	167.0621	1.0000	1.0000	0.0453	0.5674	0.8562	95.7225	1.0000
65.0052	7.9163	-38.9393	1.0000	68.5799	11.1706	92.2996	1.0000	6.0000	0.3716	0.8883	0.0256	90.7809	1.2412
66.3761	66.6587	224.3426	1.0000	52.3403	76.5132	118.5620	1.0000	19.0000	0.0468	0.2349	0.3174	37.0526	1.1079
93.1959	57.7212	202.0454	1.0000	52.4650	71.7392	118.3739	1.0000	48.0000	0.0493	0.2826	0.3153	40.1226	1.1143
43.7145	43.7227	231.6994	1.0000	47.5124	71.1328	73.4936	1.0000	32.0000	0.0498	0.2887	0.1834	33.3461	1.1564
15.7824	20.2681	49.9714	1.0000	47.6726	65.6646	71.7399	1.0000	56.0000	0.0465	0.3434	0.2029	38.9586	1.0094
39.9028	59.2215	89.9332	1.0000	47.6419	88.2044	74.5611	1.0000	30.0000	0.0472	0.1180	0.1715	19.5718	1.0001
38.7163	18.3612	-41.5073	1.0000	47.5438	26.5644	71.1758	1.0000	14.0000	0.0491	0.7344	0.2092	75.8496	1.1618
37.8004	34.5638	-19.6608	1.0000	47.5781	48.2758	74.2158	1.0000	18.0000	0.0484	0.5172	0.1754	54.1332	1.0688
36.1746	1.5903	160.9182	1.0000	35.1233	4.2086	87.4981	1.0000	3.0000	0.2975	0.9579	0.0278	96.9720	1.0633
27.6642	34.6100	111.2231	1.0000	27.7073	35.6091	87.5302	1.0000	1.0000	0.4459	0.6439	0.0274	68.1854	1.0000
71.1078	80.0161	71.2455	1.0000	60.8769	95.7606	128.4898	1.0000	19.0000	0.2175	0.0424	0.4277	40.2212	1.0119
96.5133	29.1208	-70.9423	1.0000	100.0205	28.5527	27.4091	0.0000	4.0000	1.0004	0.7145	0.6955	107.3517	1.1258
58.7551	41.8648	43.1882	1.0000	52.2630	55.7439	118.1579	1.0000	16.0000	0.0453	0.4426	0.3129	52.5033	1.0442
13.5625	43.5965	160.4312	1.0000	12.5596	46.2281	85.9735	1.0000	3.0000	0.7488	0.5377	0.0447	65.6461	1.0653
75.9078	51.0709	187.0698	1.0000	52.2521	66.5822	118.2621	1.0000	31.0000	0.0450	0.3342	0.3140	43.8243	1.0959
18.5953	37.7987	224.7205	1.0000	47.7749	89.2643	73.6166	1.0000	65.0000	0.0445	0.1074	0.1820	19.7135	1.0987
64.2239	46.4745	194.7779	1.0000	52.1514	57.1798	117.5212	1.0000	17.0000	0.0430	0.4282	0.3058	50.9472	1.0536
4.4084	70.2615	84.0976	1.0000	27.1966	95.2299	45.0000	1.0000	34.0000	0.4561	0.0477	0.5000	50.6729	1.0058
39.4440	77.0025	267.0096	1.0000	40.9998	95.8408	70.6386	1.0000	26.0000	0.1800	0.0416	0.2151	21.7524	1.3755
25.9927	76.2291	140.3828	1.0000	25.5030	78.1232	92.5133	1.0000	2.0000	0.4899	0.2188	0.0279	32.9395	1.0223
52.7095	0.8035	59.7034	1.0000	53.1394	3.7390	91.6940	1.0000	3.0000	0.0628	0.9626	0.0188	96.3270	1.0112
71.7396	46.3788	29.5032	1.0000	52.1243	76.1770	117.4104	1.0000	37.0000	0.0425	0.2382	0.3046	36.3783	1.0371
37.1354	77.0950	-38.4513	1.0000	47.6103	89.1833	73.4901	1.0000	18.0000	0.0478	0.1082	0.1834	19.8819	1.1253
32.5379	11.8753	135.8625	1.0000	32.1782	13.8003	88.8674	1.0000	2.0000	0.3564	0.8620	0.0126	88.0301	1.0213
25.9542	62.0739	-5.5509	1.0000	47.6324	90.0605	73.3772	1.0000	38.0000	0.0474	0.0994	0.1847	19.5119	1.0734
72.6026	71.6989	-13.6359	1.0000	55.9044	95.1854	128.4906	1.0000	33.0000	0.1181	0.0481	0.4277	39.2374	1.1451
4.1001	9.5328	-64.2489	1.0000	47.7306	35.9285	75.6134	1.0000	64.0000	0.0454	0.6407	0.1599	65.7060	1.2551
36.9394	5.3618	-9.3441	1.0000	47.5624	21.4038	72.4640	1.0000	20.0000	0.0488	0.7860	0.1948	80.5656	1.0395
26.9892	75.0327	94.0383	1.0000	39.1253	95.6142	60.1908	1.0000	24.0000	0.2175	0.0439	0.3312	32.0325	1.0045
68.1040	4.2063	25.6758	1.0000	69.1880	6.8844	87.3338	1.0000	3.0000	0.3838	0.9312	0.0296	95.1094	1.0383
93.2053	25.9966	192.9240	1.0000	52.4406	40.4643	118.3419	1.0000	48.0000	0.0488	0.5954	0.3149	65.9828	1.1097
97.5579	99.8873	183.2230	1.0000	96.5592	99.8366	182.9043	1.0000	1.0000	0.9312	0.0016	1.0323	103.9182	1.0000
23.1516	58.5575	-10.9133	1.0000	47.7003	87.9748	75.4071	1.0000	42.0000	0.0460	0.1203	0.1621	19.0486	1.0962
16.0569	36.1601	257.0322	1.0000	47.5454	88.9249	70.2900	1.0000	70.0000	0.0491	0.1108	0.2190	22.7413	1.1392
73.8200	71.1249	164.7282	1.0000	52.3188	88.0820	118.7324	1.0000	29.0000	0.0464	0.1192	0.3192	31.1924	1.0590
93.8230	67.4844	83.0767	1.0000	52.2817	92.0137	118.7502	1.0000	53.0000	0.0456	0.0799	0.3194	29.9259	1.0986
41.9184	49.3055	-30.1764	1.0000	47.7916	53.1671	66.0527	1.0000	8.0000	0.0442	0.4683	0.2661	52.6467	1.1381
15.5509	93.0035	197.5961	1.0000	12.9808	95.4571	99.5002	1.0000	4.0000	0.7404	0.0454	0.1056	38.4878	1.1257
36.2194	62.7207	7.4385	1.0000	47.5616	82.3210	73.2527	1.0000	23.0000	0.0488	0.1768	0.1861	24.4737	1.0157
30.7374	4.1348	68.7063	1.0000	47.5498	34.7977	70.8703	1.0000	35.0000	0.0490	0.6520	0.2126	67.9947	1.0009
35.3806	37.0226	142.3228	1.0000	34.8501	38.9045	93.5945	1.0000	2.0000	0.3030	0.6110	0.0399	63.0484	1.0229
5.2720	30.0504	248.5714	1.0000	47.5616	94.1402	70.7804	1.0000	85.0000	0.0488	0.0586	0.2136	20.2404	1.1070
61.2946	96.5213	205.8207	1.0000	60.3124	96.3336	190.8207	1.0000	1.0000	0.2062	0.0367	1.1202	101.4131	1.0000
97.5634	92.1238	-40.7294	1.0000	100.3519	92.5555	33.1872	0.0000	3.0000	1.0070	0.0744	0.6313	76.2787	1.0632
61.0973	71.8158	182.8318	1.0000	52.3431	79.1826	117.5913	1.0000	12.0000	0.0469	0.2082	0.3066	34.6430	1.0488
46.8762	8.5035	124.9012	1.0000	46.5061	10.4471	92.3669	1.0000	2.0000	0.0699	0.8955	0.0263	89.6523	1.0109
26.1357	20.8152	20.4943	1.0000	47.6007	50.6754	71.1188	1.0000	38.0000	0.0480	0.4932	0.2098	52.8694	1.0333
97.1573	6.7366	43.2347	1.0000	97.4858	8.6607	92.9067	1.0000	2.0000	0.9497	0.9134	0.0323	102.9865	1.0247
81.7670	42.1793	216.8791	1.0000	52.3752	55.3841	118.4099	1.0000	37.0000	0.0475	0.4462	0.3157	52.9466	1.1483
68.6226	80.8849	182.4379	1.0000	53.0529	95.2808	119.0557	1.0000	22.0000	0.0611	0.0472	0.3228	29.5944	1.0375
33.1371	18.7482	48.7479	1.0000	47.6367	44.9753	71.4175	1.0000	30.0000	0.0473	0.5502	0.2065	58.1258	1.0011
50.4103	58.9872	138.7072	1.0000	49.9852	59.8923	115.1578	1.0000	1.0000	0.0003	0.4011	0.2795	47.3449	1.0000
15.6610	6.9435	159.7790	1.0000	47.5924	57.9113	70.7154	1.0000	62.0000	0.0482	0.4209	0.2143	46.3589	1.0309
98.3538	29.4426	174.9713	1.0000	52.4964	44.3324	118.4210	1.0000	53.0000	0.0499	0.5567	0.3158	62.5529	1.0993
41.5252	14.4361	156.8763	1.0000	47.7213	40.0553	76.7684	1.0000	27.0000	0.0456	0.5994	0.1470	61.4299	1.0244
68.8665	19.1639	217.6432	1.0000	52.2798	32.1919	118.6893	1.0000	23.0000	0.0456	0.6781	0.3188	73.6628	1.0905
32.0252	98.5442	242.9553	1.0000	31.2543	97.9071	219.5714	1.0000	1.0000	0.3749	0.0209	1.4397	130.9371	1.0000
73.1001	18.8924	24.3276	1.0000	52.2088	48.4869	117.8495	1.0000	38.0000	0.0442	0.5151	0.3094	58.6010	1.0490
57.5379	22.6700	180.4483	1.0000	52.2265	26.6082	117.1574	1.0000	7.0000	0.0445	0.7339	0.3017	78.2869	1.0587
29.9262	45.3890	-25.0585	1.0000	47.7228	70.2964	75.1384	1.0000	33.0000	0.0455	0.2970	0.1651	33.2920	1.0780
12.9880	5.1593	-57.5169	1.0000	47.6550	28.3325	71.5886	1.0000	52.0000	0.0469	0.7167	0.2046	74.0318	1.2470
85.6403	71.2171	190.8915	1.0000	52.1612	86.4997	117.5860	1.0000	41.0000	0.0432	0.1350	0.3065	30.7883	1.1141
34.0630	60.6460	150.2557	1.0000	44.4492	95.5719	70.9345	1.0000	37.0000	0.1110	0.0443	0.2118	20.3449	1.0154
81.8625	58.1033	104.8096	1.0000	52.1383	83.1118	117.4749	1.0000	41.0000	0.0428	0.1689	0.3053	32.3211	1.0555
52.7058	95.1629	-87.1887	1.0000	57.9011	95.5187	78.9722	1.0000	8.0000	0.1580	0.0448	0.1225	14.2871	1.5362
35.9283	94.4850	121.2310	1.0000	35.8124	95.4783	96.6599	1.0000	1.0000	0.2838	0.0452	0.0740	16.3122	1.0000
75.6879	38.8174	-54.8641	1.0000	79.6273	41.0730	90.8659	1.0000	6.0000	0.5925	0.5893	0.0096	65.9615	1.3217
33.8620	42.0768	-16.3902	1.0000	47.5251	62.9436	72.6682	1.0000	26.0000	0.0495	0.3706	0.1926	40.9840	1.0424
15.1403	64.8260	172.4283	1.0000	35.5421	95.1974	60.0448	1.0000	39.0000	0.2892	0.0480	0.3328	33.6067	1.0659
39.2323	32.7248	223.2784	1.0000	47.7345	71.8960	74.0233	1.0000	44.0000	0.0453	0.2810	0.1775	32.4072	1.0977
78.9675	85.7627	-30.4459	1.0000	82.0052	88.5639	91.9076	1.0000	5.0000	0.6401	0.1144	0.0212	34.0406	1.2100
95.8656	46.7151	219.6504	1.0000	52.0545	59.8971	117.1420	1.0000	52.0000	0.0411	0.4010	0.3016	48.4680	1.1366
66.5761	21.8602	-13.0937	1.0000	52.3735	48.9947	118.4182	1.0000	34.0000	0.0475	0.5101	0.3158	58.4360	1.1101
51.5491	72.8772	142.0767	1.0000	51.0397	73.7377	120.6215	1.0000	1.0000	0.0208	0.2626	0.3402	40.3543	1.0000
74.4346	30.9590	218.1536	1.0000	52.1298	44.4397	117.4353	1.0000	30.0000	0.0426	0.5556	0.3048	62.0015	1.1511
35.9501	95.5890	269.7472	1.0000	31.3943	95.1306	126.4265	1.0000	6.0000	0.3721	0.0487	0.4047	41.1920	1.3104
86.7708	48.0758	152.1691	1.0000	52.2699	65.1222	118.3640	1.0000	42.0000	0.0454	0.3488	0.3152	45.0125	1.0914
66.0512	92.5025	-8.7942	1.0000	68.4349	95.2636	79.7921	1.0000	4.0000	0.3687	0.0474	0.1134	21.5981	1.0966
12.7334	71.6678	172.2000	1.0000	30.1037	95.6307	45.0000	1.0000	32.0000	0.3979	0.0437	0.5000	49.3959	1.0812
71.2884	73.8595	237.8295	1.0000	52.0715	84.7619	117.1989	1.0000	27.0000	0.0414	0.1524	0.3022	31.2453	1.2220
90.2313	10.4667	144.1074	1.0000	52.1339	28.5127	117.4544	1.0000	46.0000	0.0427	0.7149	0.3050	76.6077	1.0912
78.4051	77.5638	103.8759	1.0000	56.7483	95.1686	128.4957	1.0000	29.0000	0.1350	0.0483	0.4277	39.3802	1.0391
46.3721	26.0427	48.5325	1.0000	47.7231	28.7183	66.1994	1.0000	3.0000	0.0455	0.7128	0.2645	75.1847	1.0009
85.9576	2.1058	107.0368	1.0000	52.4856	25.8861	118.4041	1.0000	44.0000	0.0497	0.7411	0.3156	79.4093	1.0716
5.4954	58.9945	71.6281	1.0000	36.3405	95.3346	60.1425	1.0000	48.0000	0.2732	0.0467	0.3317	33.1635	1.0070
10.8346	23.2271	172.1636	1.0000	47.5118	79.7443	70.4283	1.0000	70.0000	0.0498	0.2026	0.2175	28.2761	1.0390
76.5417	25.3286	144.3158	1.0000	52.3658	43.7870	118.4563	1.0000	32.0000	0.0473	0.5621	0.3162	63.0496	1.0520
46.4118	82.5207	103.6504	1.0000	46.4510	83.5199	87.7539	1.0000	1.0000	0.0710	0.1648	0.0250	17.0069	1.0000
38.6124	14.3088	266.1730	1.0000	47.6202	54.9343	77.8084	1.0000	49.0000	0.0476	0.4507	0.1355	46.7463	1.1775
94.0473	54.0724	172.9931	1.0000	52.3273	69.4558	118.6758	1.0000	49.0000	0.0465	0.3054	0.3186	41.9603	1.1020
67.7631	58.0300	43.5079	1.0000	52.2721	82.7447	118.4343	1.0000	30.0000	0.0454	0.1726	0.3159	33.3380	1.0285
4.1090	62.1734	209.2431	1.0000	1.1609	65.0595	86.0489	1.0000	5.0000	0.9768	0.3494	0.0439	60.1806	1.2119
25.4150	67.1100	13.7409	1.0000	47.5266	95.8854	70.3069	1.0000	38.0000	0.0495	0.0411	0.2188	20.2699	1.0471
34.8411	66.2755	259.9052	1.0000	30.1510	67.5650	94.4987	1.0000	7.0000	0.3970	0.3243	0.0500	38.2916	1.4391
73.8951	2.8108	102.5623	1.0000	52.2853	28.6075	118.8689	1.0000	34.0000	0.0457	0.7139	0.3208	77.0424	1.0103
7.4333	24.2093	63.7460	1.0000	47.7577	79.3442	73.5220	1.0000	69.0000	0.0448	0.2066	0.1831	26.5182	1.0101
70.3379	28.3460	208.4852	1.0000	52.2781	42.5419	118.6289	1.0000	25.0000	0.0456	0.5746	0.3181	64.2358	1.0883
0.2165	63.9331	34.7873	1.0000	36.9693	95.1466	60.4413	1.0000	49.0000	0.2606	0.0485	0.3284	32.6660	1.0162
45.6289	37.1178	-57.7580	1.0000	48.2234	35.7523	-12.7580	1.0000	3.0000	0.0355	0.6425	1.1418	121.2028	1.0232
95.3009	18.1219	28.3613	1.0000	52.0530	45.0502	117.1372	1.0000	58.0000	0.0411	0.5495	0.3015	61.3198	1.1385
13.5810	91.3381	73.3248	1.0000	16.1522	95.5898	50.4877	1.0000	5.0000	0.6770	0.0441	0.4390	52.2144	1.0063
32.2941	52.0819	248.5677	1.0000	47.7114	89.9276	72.4376	1.0000	48.0000	0.0458	0.1007	0.1951	20.3747	1.1746
32.3148	22.0572	-76.0775	1.0000	47.6909	38.5866	75.6954	1.0000	28.0000	0.0462	0.6141	0.1589	63.0996	1.2403
84.3688	60.7426	145.8596	1.0000	52.1814	78.7783	117.6905	1.0000	40.0000	0.0436	0.2122	0.3077	34.9554	1.0841
52.4579	29.2821	-81.0123	1.0000	52.4446	39.6349	118.5189	1.0000	19.0000	0.0489	0.6037	0.3169	66.8076	1.8353
47.1483	11.5695	258.3240	1.0000	47.7558	30.0458	74.0055	1.0000	26.0000	0.0449	0.6995	0.1777	71.7945	1.4064
77.5792	59.6406	165.9343	1.0000	52.2054	76.6255	117.8277	1.0000	33.0000	0.0441	0.2337	0.3092	36.4090	1.0808
30.4726	43.4557	249.0544	1.0000	47.5934	82.5586	71.0986	1.0000	50.0000	0.0481	0.1744	0.2100	25.8314	1.1713
35.9327	92.2375	264.8372	1.0000	31.7113	95.1007	70.3282	1.0000	9.0000	0.3658	0.0490	0.2186	27.3031	1.7644
12.3890	14.3604	1.4412	1.0000	47.6913	46.0307	72.7733	1.0000	52.0000	0.0462	0.5397	0.1914	56.6989	1.0964
10.9559	11.8203	106.1590	1.0000	47.5964	64.6417	71.1154	1.0000	65.0000	0.0481	0.3536	0.2098	40.1574	1.0111
61.5000	28.7817	91.6931	1.0000	52.3952	43.0047	118.3206	1.0000	17.0000	0.0479	0.5700	0.3147	63.6888	1.0067
5.3562	50.3873	-65.0411	1.0000	47.6513	75.4716	73.8600	1.0000	62.0000	0.0470	0.2453	0.1793	29.4560	1.2608
14.0049	86.5397	226.4494	1.0000	14.3884	95.1881	47.0260	1.0000	13.0000	0.7122	0.0481	0.4775	56.0188	1.5017
92.4327	4.3067	136.5109	1.0000	52.3675	22.7961	118.4476	1.0000	48.0000	0.0474	0.7720	0.3161	82.3123	1.0878
4.1112	41.7827	-7.5690	1.0000	47.7186	76.4696	75.3502	1.0000	62.0000	0.0456	0.2353	0.1628	27.8119	1.1127
30.3961	35.2676	78.2825	1.0000	47.6296	66.8297	71.7732	1.0000	36.0000	0.0474	0.3317	0.2025	37.9223	1.0011
67.0141	24.0296	-20.9352	1.0000	69.8293	27.2196	93.5778	1.0000	5.0000	0.3966	0.7278	0.0398	75.5181	1.1752
23.0953	30.6872	44.0414	1.0000	47.5498	68.0152	70.5862	1.0000	45.0000	0.0490	0.3198	0.2157	37.4957	1.0084
78.7473	0.0310	61.3081	1.0000	78.8211	1.0283	85.7684	1.0000	1.0000	0.5764	0.9897	0.0470	103.1696	1.0000
78.9647	72.2001	210.5897	1.0000	52.3465	86.0223	118.5579	1.0000	34.0000	0.0469	0.1398	0.3173	31.8816	1.1336
50.2217	12.9009	38.0265	1.0000	50.8209	13.7015	53.1869	1.0000	1.0000	0.0164	0.8630	0.4090	93.8259	1.0000
38.0536	8.8548	26.7531	1.0000	47.6804	27.3848	75.2482	1.0000	21.0000	0.0464	0.7262	0.1639	74.1348	1.0057
40.8319	51.4312	-79.7386	1.0000	47.8858	50.8465	55.2614	1.0000	9.0000	0.0423	0.4915	0.3860	60.2271	1.2715
78.0896	15.4225	203.3211	1.0000	52.3557	29.8553	118.5086	1.0000	33.0000	0.0471	0.7014	0.3168	75.7534	1.1185
69.4335	19.4741	107.3029	1.0000	52.0624	43.8166	117.1686	1.0000	30.0000	0.0412	0.5618	0.3019	62.4417	1.0032
11.2275	22.4342	77.1790	1.0000	47.6773	74.2809	72.3635	1.0000	64.0000	0.0465	0.2572	0.1960	31.2716	1.0098
51.1675	42.4942	-83.6032	1.0000	51.5533	41.5716	-67.3087	1.0000	1.0000	0.0311	0.5843	1.7479	167.8163	1.0000
78.2680	4.3517	118.7972	1.0000	52.0884	26.9621	117.2594	1.0000	36.0000	0.0418	0.7304	0.3029	77.9870	1.0407
30.1085	51.0044	226.3914	1.0000	47.6879	90.8850	72.5307	1.0000	49.0000	0.0462	0.0911	0.1941	19.8395	1.1243
44.8058	98.8893	4.8721	1.0000	45.7462	99.2293	19.8721	1.0000	1.0000	0.0851	0.0077	0.7792	70.2610	1.0000
52.3834	85.4033	-9.6391	1.0000	52.0425	95.8353	118.1026	1.0000	13.0000	0.0409	0.0416	0.3123	28.4829	1.2455
37.7390	25.6736	-87.7427	1.0000	47.6306	30.4234	71.8321	1.0000	16.0000	0.0474	0.6958	0.2019	71.9485	1.4581
17.2381	88.4702	-27.3224	1.0000	36.4189	95.1169	61.4077	1.0000	23.0000	0.2716	0.0488	0.3177	32.0283	1.1330
4.7914	39.0467	226.0466	1.0000	43.7289	95.6545	60.0008	1.0000	75.0000	0.1254	0.0435	0.3333	30.9542	1.0916
57.4681	48.2363	253.1376	1.0000	52.4025	46.3411	162.3461	1.0000	6.0000	0.0481	0.5366	0.8038	90.1056	1.1094
34.1855	0.9141	45.3227	1.0000	47.7587	26.4877	74.1550	1.0000	29.0000	0.0448	0.7351	0.1761	75.2339	1.0016
96.0074	17.8492	74.7214	1.0000	52.4424	42.1920	118.3441	1.0000	55.0000	0.0488	0.5781	0.3149	64.4291	1.1021
41.5912	30.4037	-49.2372	1.0000	47.5624	31.5387	55.7628	1.0000	7.0000	0.0488	0.6846	0.3804	76.5838	1.1517
5.4788	35.9847	77.6667	1.0000	47.6938	93.4265	72.0802	1.0000	72.0000	0.0461	0.0657	0.1991	19.2263	1.0100
0.0872	56.9304	249.6529	1.0000	-0.6188	56.2222	225.0911	0.0000	1.0000	1.0124	0.4378	1.5010	150.7593	1.0000
76.3180	11.9271	-42.2791	1.0000	52.0571	40.0249	117.1507	1.0000	45.0000	0.0411	0.5998	0.3017	65.8666	1.2122
86.8397	2.2838	100.5827	1.0000	52.4305	26.0844	118.3315	1.0000	45.0000	0.0486	0.7392	0.3148	79.1966	1.0756
18.2938	77.2056	-31.6550	1.0000	43.0286	95.4165	61.9438	1.0000	36.0000	0.1394	0.0458	0.3117	29.2705	1.1720
69.4026	50.5969	-25.6097	1.0000	72.3793	53.5488	92.0376	1.0000	5.0000	0.4476	0.4645	0.0226	51.6013	1.1927
20.1888	22.4675	230.3913	1.0000	47.7851	72.0921	73.2648	1.0000	63.0000	0.0443	0.2791	0.1859	32.6163	1.1095
95.5545	32.2948	113.8768	1.0000	52.2937	54.3823	118.9194	1.0000	53.0000	0.0459	0.4562	0.3213	54.0607	1.0911
93.4931	67.3551	-84.1074	1.0000	98.0183	68.4860	88.4321	1.0000	7.0000	0.9604	0.3151	0.0174	57.4573	1.5007
92.3624	28.7027	47.0276	1.0000	52.4412	54.4949	118.3426	1.0000	53.0000	0.0488	0.4551	0.3149	53.6654	1.1151
32.8972	83.8521	240.0998	1.0000	33.6276	95.2850	59.7322	1.0000	17.0000	0.3274	0.0472	0.3363	34.7336	1.4839
17.9023	7.4232	52.6832	1.0000	47.5834	50.7716	71.0083	1.0000	53.0000	0.0483	0.4923	0.2110	52.8201	1.0088
9.6735	66.7364	156.6542	1.0000	32.0140	95.3755	61.6239	1.0000	38.0000	0.3597	0.0462	0.3153	33.9129	1.0462
4.7148	99.4034	226.5814	1.0000	3.7837	99.0387	201.3912	1.0000	1.0000	0.9243	0.0096	1.2377	120.6021	1.0000
93.7396	4.7759	102.0764	1.0000	52.3158	28.2200	118.7540	1.0000	52.0000	0.0463	0.7178	0.3195	77.3597	1.0925
18.4469	98.8476	131.0300	1.0000	18.1529	99.8034	107.0997	1.0000	1.0000	0.6369	0.0020	0.1900	36.1480	1.0000
85.7907	24.4325	145.0256	1.0000	52.3852	42.1107	118.3632	1.0000	41.0000	0.0477	0.5789	0.3151	64.5084	1.0848
46.4511	36.8659	121.7279	1.0000	46.2518	38.8325	87.0253	1.0000	2.0000	0.0750	0.6117	0.0331	61.3544	1.0118
7.2036	43.3035	30.8267	1.0000	47.5062	86.3378	69.9752	1.0000	61.0000	0.0499	0.1366	0.2225	24.3693	1.0346
49.6788	88.2887	262.6940	1.0000	49.2936	87.3658	247.3430	1.0000	1.0000	0.0141	0.1263	1.7483	157.8510	1.0000
18.1662	9.4858	22.5295	1.0000	47.6606	44.3496	73.2357	1.0000	48.0000	0.0468	0.5565	0.1863	58.1677	1.0511
43.7659	21.8345	-17.3973	1.0000	47.8990	23.9955	57.6027	1.0000	5.0000	0.0420	0.7600	0.3600	82.6479	1.0721
19.1718	26.5410	151.2819	1.0000	47.7047	74.1987	72.8700	1.0000	57.0000	0.0459	0.2580	0.1903	31.0550	1.0262
17.0948	68.1245	112.9238	1.0000	17.1284	69.1239	88.0710	1.0000	1.0000	0.6574	0.3088	0.0214	45.1397	1.0000
93.5066	21.1951	130.9848	1.0000	52.0968	40.9938	117.2904	1.0000	50.0000	0.0419	0.5901	0.3032	65.0454	1.0893
18.1726	55.2789	10.1742	1.0000	47.7168	87.2687	74.2203	1.0000	47.0000	0.0457	0.1273	0.1753	20.4034	1.0793
3.2705	10.0185	105.8999	1.0000	47.6686	70.6282	71.9305	1.0000	76.0000	0.0466	0.2937	0.2008	34.5637	1.0116
39.6873	98.2845	86.9371	1.0000	39.9686	99.2441	73.6638	1.0000	1.0000	0.2006	0.0076	0.1815	19.1852	1.0000
11.6361	89.2738	199.9861	1.0000	10.4388	95.2927	58.8506	1.0000	8.0000	0.7912	0.0471	0.3461	50.5721	1.3036
97.0127	51.3523	112.1263	1.0000	52.1626	74.0242	117.5931	1.0000	55.0000	0.0433	0.2598	0.3066	37.9578	1.0944
34.2874	20.6835	222.6674	1.0000	47.6113	55.4193	71.6764	1.0000	42.0000	0.0478	0.4458	0.2036	48.2587	1.1289
79.1213	45.7460	263.5265	1.0000	52.1925	51.6184	117.7514	1.0000	39.0000	0.0439	0.4838	0.3083	55.8187	1.4150
49.1258	51.3725	-64.5274	1.0000	49.7749	50.6117	-49.5274	1.0000	1.0000	0.0045	0.4939	1.5503	148.0106	1.0000
24.3923	89.0927	-72.7631	1.0000	42.7062	95.8467	60.1176	1.0000	29.0000	0.1459	0.0415	0.3320	31.0388	1.4857
23.4548	65.8324	239.4676	1.0000	19.3736	67.7891	93.0503	1.0000	6.0000	0.6125	0.3221	0.0339	44.5514	1.3257
65.7152	60.3665	241.6195	1.0000	52.2463	67.7657	118.3963	1.0000	18.0000	0.0449	0.3223	0.3155	43.0168	1.1713
34.7385	30.1775	-3.9005	1.0000	47.6636	51.9669	75.2116	1.0000	26.0000	0.0467	0.4803	0.1643	50.3124	1.0263
90.6245	5.0541	254.6412	1.0000	86.6319	-0.5654	219.5820	0.0000	7.0000	0.7326	1.0057	1.4398	168.0678	1.0154
11.8703	99.0315	-78.9593	1.0000	12.1470	98.0705	-73.9420	1.0000	1.0000	0.7571	0.0193	1.8216	168.2663	1.0000
88.5787	1.0551	239.9302	1.0000	87.3601	-0.5283	229.9152	0.0000	2.0000	0.7472	1.0053	1.5546	176.2895	1.0010
70.6127	10.3106	118.9024	1.0000	52.3553	34.0503	118.5108	1.0000	30.0000	0.0471	0.6595	0.3168	71.8873	1.0017
57.2211	59.6270	-61.9181	1.0000	61.4511	62.4768	91.6921	1.0000	7.0000	0.2290	0.3752	0.0188	39.2681	1.3724
10.9977	10.4567	252.2008	1.0000	47.5616	68.5880	70.7801	1.0000	77.0000	0.0488	0.3141	0.2136	36.9062	1.1212
54.1262	74.1984	99.0106	1.0000	52.2140	79.8848	107.0231	1.0000	6.0000	0.0443	0.2012	0.1891	26.4444	1.0001
1.4994	75.7789	-76.2085	1.0000	46.0494	95.5327	62.5939	1.0000	63.0000	0.0790	0.0447	0.3045	28.0474	1.2928
57.1151	77.1352	171.4745	1.0000	52.0561	81.4703	116.6583	1.0000	7.0000	0.0411	0.1853	0.2962	32.5306	1.0507
75.4124	58.2400	4.8091	1.0000	52.2186	86.0272	118.2955	1.0000	40.0000	0.0444	0.1397	0.3144	31.6353	1.1051
34.7611	98.6425	260.4769	1.0000	34.2080	97.8094	236.4198	1.0000	1.0000	0.3158	0.0219	1.6269	147.2853	1.0000
82.6379	23.7234	173.3726	1.0000	52.1470	39.8889	117.5161	1.0000	38.0000	0.0429	0.6011	0.3057	66.1445	1.1011
71.8177	70.7475	225.5803	1.0000	52.2199	83.1069	118.1922	1.0000	27.0000	0.0444	0.1689	0.3132	32.9409	1.1653
18.5132	26.7875	-2.3301	1.0000	47.5162	56.0412	70.5876	1.0000	45.0000	0.0497	0.4396	0.2157	48.1185	1.0924
79.2178	19.2594	109.9691	1.0000	52.4959	42.6190	118.4203	1.0000	37.0000	0.0499	0.5738	0.3158	64.0822	1.0425
43.7462	91.3751	72.5112	1.0000	44.9483	95.1902	72.5112	1.0000	4.0000	0.1010	0.0481	0.1943	18.8285	1.0000
90.8995	71.7558	210.1514	1.0000	52.3733	85.4096	118.4189	1.0000	46.0000	0.0475	0.1459	0.3158	32.0335	1.1254
7.9425	33.7322	198.8727	1.0000	47.6550	94.5853	71.6380	1.0000	77.0000	0.0469	0.0541	0.2040	19.2868	1.0597
66.5726	22.3273	-58.8920	1.0000	52.1142	51.1271	117.3652	1.0000	39.0000	0.0423	0.4887	0.3041	56.0525	1.2102
99.4954	46.4654	-63.5928	1.0000	100.2748	45.8389	-38.7946	0.0000	1.0000	1.0055	0.5416	1.4311	148.4892	1.0000
89.5771	73.3350	249.7613	1.0000	52.0735	82.0952	117.2063	1.0000	48.0000	0.0415	0.1790	0.3023	32.6354	1.2463
96.6267	38.8011	65.6860	1.0000	96.6118	39.8010	90.8574	1.0000	1.0000	0.9322	0.6020	0.0095	76.1401	1.0000
62.6856	77.9711	166.0814	1.0000	52.0627	89.3668	117.1599	1.0000	16.0000	0.0413	0.1063	0.3018	29.2400	1.0270
57.1522	85.1267	233.5618	1.0000	51.7840	85.0869	139.3065	1.0000	6.0000	0.0357	0.1491	0.5479	51.5434	1.1177
41.9617	56.8394	161.7477	1.0000	40.9005	59.4470	87.2072	1.0000	3.0000	0.1820	0.4055	0.0310	41.6551	1.0656
38.7636	76.4019	56.6476	1.0000	47.6144	94.2946	74.5031	1.0000	20.0000	0.0477	0.0571	0.1722	16.6852	1.0019
40.7604	82.3931	194.2804	1.0000	41.8576	95.4045	70.6215	1.0000	15.0000	0.1628	0.0460	0.2153	21.5161	1.1488
22.5880	53.2126	230.3257	1.0000	45.4860	95.3024	60.0709	1.0000	54.0000	0.0903	0.0470	0.3325	30.6300	1.1270
19.3217	54.1414	1.9307	1.0000	47.7621	84.3046	73.4530	1.0000	45.0000	0.0448	0.1570	0.1839	22.9163	1.0855
50.4971	99.5073	17.6525	1.0000	51.3357	100.0521	33.0137	1.0000	1.0000	0.0267	0.0005	0.6332	57.0020	1.0000
55.5587	54.2060	256.1974	1.0000	51.5693	51.7901	181.1974	1.0000	5.0000	0.0314	0.4821	1.0133	103.1679	1.0721
64.2664	69.0394	56.7561	1.0000	64.6047	70.9932	87.6770	1.0000	2.0000	0.2921	0.2901	0.0258	32.5590	1.0086
2.9151	52.8558	119.0479	1.0000	2.8411	53.8530	94.2424	1.0000	1.0000	0.9432	0.4615	0.0471	66.1173	1.0000
70.1379	41.9377	84.0191	1.0000	52.3366	67.1314	118.6168	1.0000	31.0000	0.0467	0.3287	0.3180	43.6431	1.0049
63.7170	9.4374	19.8537	1.0000	52.2443	31.0546	118.3646	1.0000	26.0000	0.0449	0.6895	0.3152	74.5859	1.0624
23.8483	6.5792	-6.6490	1.0000	47.5307	34.8231	72.1330	1.0000	40.0000	0.0494	0.6518	0.1985	67.6265	1.0852
90.8041	81.1487	164.4434	1.0000	53.1942	95.4839	119.9964	1.0000	44.0000	0.0639	0.0452	0.3333	30.5021	1.0932
60.9201	0.8560	29.9912	1.0000	61.8657	3.6238	86.6302	1.0000	3.0000	0.2373	0.9638	0.0374	97.1623	1.0257
67.0913	0.2697	98.0957	1.0000	52.2076	21.4606	117.8416	1.0000	26.0000	0.0442	0.7854	0.3094	83.3574	1.0040
93.6823	98.7786	129.6294	1.0000	92.9795	99.4900	134.6538	1.0000	1.0000	0.8596	0.0051	0.4962	61.9795	1.0000
75.8148	42.6869	17.5974	1.0000	76.9652	45.2656	90.2067	1.0000	3.0000	0.5393	0.5473	0.0023	61.0165	1.0624
90.9209	59.0355	68.5916	1.0000	90.8553	60.0334	93.7563	1.0000	1.0000	0.8171	0.3997	0.0417	57.2765	1.0000
65.7926	98.8975	177.7373	1.0000	64.8158	99.1116	167.6420	1.0000	1.0000	0.2963	0.0089	0.8627	79.0480	1.0000
52.6894	15.5833	29.3852	1.0000	54.0338	19.1911	89.2571	1.0000	4.0000	0.0807	0.8081	0.0083	80.9129	1.0389
25.9033	31.6329	-82.9952	1.0000	47.7011	47.8220	75.8806	1.0000	41.0000	0.0460	0.5218	0.1569	54.1034	1.5100
21.9160	39.3214	21.3561	1.0000	47.7275	72.5193	73.9866	1.0000	44.0000	0.0455	0.2748	0.1779	31.8871	1.0463
57.2333	20.3501	-78.7325	1.0000	52.2782	36.9717	118.6289	1.0000	25.0000	0.0456	0.6303	0.3181	69.2631	1.4414
24.5454	23.0640	-0.9811	1.0000	47.6367	51.2145	71.9209	1.0000	39.0000	0.0473	0.4879	0.2009	52.0813	1.0711
34.1640	40.2826	226.0033	1.0000	47.7747	75.6665	73.0417	1.0000	43.0000	0.0445	0.2433	0.1884	29.7432	1.1342
33.1957	54.9029	-24.7112	1.0000	47.7721	75.8809	74.1528	1.0000	27.0000	0.0446	0.2412	0.1761	28.9452	1.0570
26.4749	38.7814	213.9268	1.0000	23.2016	41.3442	93.5997	1.0000	5.0000	0.5360	0.5866	0.0400	64.5881	1.2027
13.7242	30.8065	240.6416	1.0000	9.6809	32.7773	92.0317	1.0000	6.0000	0.8064	0.6722	0.0226	78.4133	1.3339
11.1608	72.7342	184.7446	1.0000	9.1912	75.6833	86.3954	1.0000	4.0000	0.8162	0.2432	0.0401	47.6409	1.1279
6.2246	59.9958	234.5152	1.0000	2.3967	62.3805	86.2210	1.0000	6.0000	0.9521	0.3762	0.0420	60.7913	1.3304
76.2501	6.8866	47.3507	1.0000	52.2583	34.1008	118.1813	1.0000	38.0000	0.0452	0.6590	0.3131	71.7077	1.0474
45.5450	79.7502	26.0553	1.0000	47.7168	83.0417	66.1049	1.0000	4.0000	0.0457	0.1696	0.2655	29.3900	1.0143
26.8925	25.4697	107.5060	1.0000	47.6832	62.8748	72.2905	1.0000	43.0000	0.0463	0.3713	0.1968	41.1980	1.0048
27.4296	39.4420	-70.4342	1.0000	47.5710	56.6939	72.7350	1.0000	36.0000	0.0486	0.4331	0.1918	46.6840	1.3575
92.9067	50.5284	32.6862	1.0000	52.2113	77.1572	117.8654	1.0000	55.0000	0.0442	0.2284	0.3096	36.0993	1.1309
66.3727	15.8321	81.6807	1.0000	52.0662	37.2790	117.1814	1.0000	26.0000	0.0413	0.6272	0.3020	68.3887	1.0085
21.7968	49.0616	-17.7467	1.0000	47.5887	76.7182	72.3543	1.0000	42.0000	0.0482	0.2328	0.1961	29.3126	1.1106
54.4040	67.5644	62.0475	1.0000	54.6506	69.5348	89.6971	1.0000	2.0000	0.0930	0.3047	0.0034	30.8196	1.0072
31.5391	39.7209	223.2182	1.0000	47.5579	77.3811	70.3656	1.0000	46.0000	0.0488	0.2262	0.2182	30.0514	1.1240
98.4616	60.8923	-68.3836	1.0000	100.1317	59.8820	-18.5767	0.0000	2.0000	1.0026	0.4012	1.2064	126.1410	1.0247
96.5187	1.9556	99.1308	1.0000	52.2698	25.5427	118.3636	1.0000	55.0000	0.0454	0.7446	0.3152	79.7091	1.0969
96.4827	83.8976	162.3079	1.0000	55.1853	95.0486	128.4916	1.0000	46.0000	0.1037	0.0495	0.4277	39.1537	1.0754
35.2715	53.1329	1.3013	1.0000	47.7032	73.1218	72.3814	1.0000	24.0000	0.0459	0.2688	0.1958	32.2200	1.0196
9.0656	1.8052	101.7792	1.0000	47.7589	56.7831	72.9295	1.0000	68.0000	0.0448	0.4322	0.1897	46.5201	1.0115
47.8353	18.6102	16.1857	1.0000	48.6908	19.1280	31.1857	1.0000	1.0000	0.0262	0.8087	0.6535	100.0055	1.0000
76.7307	5.0697	199.8839	1.0000	52.2162	20.1395	117.8977	1.0000	32.0000	0.0443	0.7986	0.3100	84.6220	1.1120
5.6075	5.1970	107.8074	1.0000	47.7460	63.7493	72.7754	1.0000	73.0000	0.0451	0.3625	0.1914	40.1980	1.0119
10.1875	72.5932	11.5903	1.0000	41.6971	95.0430	61.6349	1.0000	42.0000	0.1661	0.0496	0.3152	29.9681	1.0856
72.7231	50.0047	-3.6745	1.0000	74.7260	52.9676	91.8888	1.0000	4.0000	0.4945	0.4703	0.0210	53.1694	1.1185
69.3608	23.5799	45.5832	1.0000	69.7474	25.5042	89.7168	1.0000	2.0000	0.3949	0.7450	0.0031	77.0692	1.0190
60.8334	86.1752	193.3541	1.0000	52.3874	92.1940	118.7442	1.0000	11.0000	0.0477	0.0781	0.3194	29.8808	1.0606
20.8586	96.8964	-53.2013	1.0000	21.5253	96.1511	-48.1883	1.0000	1.0000	0.5695	0.0385	1.5354	141.1440	1.0000
39.0989	65.3105	34.7208	1.0000	47.5538	81.1444	71.9368	1.0000	18.0000	0.0489	0.1886	0.2007	26.2259	1.0028
86.1476	32.1606	-32.0754	1.0000	89.2204	34.9068	91.4758	1.0000	5.0000	0.7844	0.6509	0.0164	76.0101	1.2132
69.8796	6.9423	41.7051	1.0000	70.3277	8.8487	88.4850	1.0000	2.0000	0.4066	0.9115	0.0168	93.4027	1.0213
30.7293	75.2161	74.1217	1.0000	41.7938	95.3506	60.0126	1.0000	23.0000	0.1641	0.0465	0.3332	31.4357	1.0011
12.2360	98.7018	114.9826	1.0000	12.2381	99.7018	89.8775	1.0000	1.0000	0.7552	0.0030	0.0014	37.7633	1.0000
55.8294	89.5430	16.8608	1.0000	55.8059	95.8284	119.2785	1.0000	7.0000	0.1161	0.0417	0.3253	30.1387	1.1137
78.7229	79.0700	59.4378	1.0000	59.3428	95.3073	128.7141	1.0000	27.0000	0.1869	0.0469	0.4302	40.1010	1.0679
45.4890	40.8089	83.4366	1.0000	47.5623	48.5328	73.5118	1.0000	8.0000	0.0488	0.5147	0.1832	54.0987	1.0003
39.8400	40.5933	109.7511	1.0000	47.6567	67.4515	77.3632	1.0000	28.0000	0.0469	0.3255	0.1404	34.9941	1.0010
85.7160	54.8465	236.3051	1.0000	52.4133	65.3104	118.3160	1.0000	42.0000	0.0483	0.3469	0.3146	44.8440	1.2032
98.7180	30.6711	36.6103	1.0000	99.2549	32.5488	86.5077	1.0000	2.0000	0.9851	0.6745	0.0388	83.5937	1.0241
68.2333	66.8685	-7.4953	1.0000	70.5064	69.6551	85.8798	1.0000	4.0000	0.4101	0.3034	0.0458	36.8552	1.1123
6.2569	51.7518	80.8548	1.0000	40.7203	95.2851	60.0701	1.0000	56.0000	0.1856	0.0471	0.3326	31.6882	1.0086
2.1555	80.8365	-2.6348	1.0000	36.9319	95.0499	61.5735	1.0000	40.0000	0.2614	0.0495	0.3158	31.6756	1.0647
39.6426	32.7871	-16.2748	1.0000	47.5835	43.1386	72.7413	1.0000	14.0000	0.0483	0.5686	0.1918	59.4720	1.0731
93.8618	98.4260	-72.6939	1.0000	94.5275	97.6798	-48.2641	1.0000	1.0000	0.8906	0.0232	1.5363	145.2757	1.0000
51.1184	82.3115	172.2809	1.0000	50.2371	82.7840	151.8053	1.0000	1.0000	0.0047	0.1722	0.6867	64.1588	1.0000
51.4790	92.7907	140.3700	1.0000	50.9966	93.6667	118.8408	1.0000	1.0000	0.0199	0.0633	0.3205	29.5449	1.0000
60.0303	18.0608	-38.0887	1.0000	63.5222	21.4574	90.6703	1.0000	6.0000	0.2704	0.7854	0.0074	79.7009	1.2317
18.0247	33.0152	24.4063	1.0000	47.6846	68.0414	72.6286	1.0000	48.0000	0.0463	0.3196	0.1930	36.4483	1.0458
63.7584	3.7319	226.1659	1.0000	52.2578	10.3878	117.8018	1.0000	15.0000	0.0452	0.8961	0.3089	93.8530	1.1289
96.3119	10.1049	32.8045	1.0000	52.3864	36.2522	118.3578	1.0000	58.0000	0.0477	0.6375	0.3151	69.8114	1.1346
71.0543	93.9429	98.9999	1.0000	70.2507	95.7722	116.2219	1.0000	2.0000	0.4050	0.0423	0.2914	33.3999	1.0010
58.1651	78.3458	-78.9038	1.0000	52.5545	95.7145	118.5295	1.0000	26.0000	0.0511	0.0429	0.3170	28.9625	1.4245
80.9246	94.3286	10.4577	1.0000	82.2485	95.7651	59.7132	1.0000	2.0000	0.6450	0.0423	0.3365	44.4431	1.0238
27.7216	58.7195	15.2097	1.0000	47.7392	89.4970	75.5476	1.0000	38.0000	0.0452	0.1050	0.1606	18.0082	1.0350
3.3482	46.2088	-52.1461	1.0000	47.7205	74.2324	74.2943	1.0000	63.0000	0.0456	0.2577	0.1745	30.2628	1.2004
98.5534	36.1214	162.4334	1.0000	52.1286	52.2375	117.4299	1.0000	54.0000	0.0426	0.4776	0.3048	55.1197	1.0988
20.4871	7.1998	239.5572	1.0000	16.4468	9.1959	91.8504	1.0000	6.0000	0.6711	0.9080	0.0206	96.8227	1.3314
74.1812	84.5122	268.8530	1.0000	52.2209	89.2931	118.6771	1.0000	34.0000	0.0444	0.1071	0.3186	30.6911	1.5128
44.3184	48.7256	72.0813	1.0000	47.5812	60.2677	76.7110	1.0000	12.0000	0.0484	0.3973	0.1477	41.9655	1.0005
75.8022	20.4521	97.5482	1.0000	52.0595	46.4088	117.1588	1.0000	36.0000	0.0412	0.5359	0.3018	60.1154	1.0234
62.6921	20.1623	176.1659	1.0000	52.2436	30.1817	118.2846	1.0000	15.0000	0.0449	0.6982	0.3143	75.3634	1.0362
8.5266	94.2231	127.9409	1.0000	8.2813	95.1925	104.2040	1.0000	1.0000	0.8344	0.0481	0.1578	44.3319	1.0000
12.7055	59.4340	121.1416	1.0000	38.8745	95.1275	60.2642	1.0000	45.0000	0.2225	0.0487	0.3304	32.1206	1.0167
9.8464	4.9278	70.9898	1.0000	47.7489	58.1610	73.2018	1.0000	66.0000	0.0450	0.4184	0.1866	45.1414	1.0100
91.9859	81.0984	223.2230	1.0000	52.1651	93.7028	117.6059	1.0000	48.0000	0.0433	0.0630	0.3067	28.3976	1.1492
72.1307	80.3895	-0.5682	1.0000	63.5166	95.1406	129.1060	1.0000	20.0000	0.2703	0.0486	0.4345	41.6604	1.1708
45.9790	16.6041	146.5421	1.0000	47.5007	27.1334	75.9241	1.0000	11.0000	0.0500	0.7287	0.1564	74.2558	1.0340
43.2499	9.4787	86.7376	1.0000	47.5382	24.8899	73.7917	1.0000	16.0000	0.0492	0.7511	0.1801	76.8784	1.0002
63.9000	15.3388	18.5376	1.0000	52.4923	36.9106	118.4145	1.0000	26.0000	0.0498	0.6309	0.3157	69.2378	1.0655
98.7947	14.0925	105.3595	1.0000	52.4741	37.4323	118.3867	1.0000	57.0000	0.0495	0.6257	0.3154	68.7506	1.0989
85.9481	92.8538	145.5156	1.0000	66.3444	95.1298	163.1980	1.0000	20.0000	0.3269	0.0487	0.8133	75.1586	1.0134
80.9909	50.2032	255.4797	1.0000	52.0944	57.9152	117.2813	1.0000	40.0000	0.0419	0.4208	0.3031	50.1975	1.3374
88.7326	51.0861	253.2174	1.0000	52.3241	58.6674	118.6959	1.0000	47.0000	0.0465	0.4133	0.3188	50.3711	1.2638
76.5842	74.9395	152.6340	1.0000	52.2747	92.7991	118.5175	1.0000	32.0000	0.0455	0.0720	0.3169	29.5004	1.0608
4.7100	43.7765	198.3945	1.0000	40.8979	95.0189	60.2326	1.0000	67.0000	0.1820	0.0498	0.3307	31.5239	1.0680
6.3474	21.8935	-5.7936	1.0000	47.7620	55.3111	74.5493	1.0000	59.0000	0.0448	0.4469	0.1717	47.3374	1.1087
70.0916	82.6652	202.0259	1.0000	53.1816	95.8186	119.5378	1.0000	23.0000	0.0636	0.0418	0.3282	30.0015	1.0736
49.9940	47.0641	96.1102	1.0000	49.9177	48.0612	94.3720	1.0000	1.0000	0.0016	0.5194	0.0486	52.1225	1.0000
91.2547	98.2579	-56.7231	1.0000	92.1054	97.7323	-31.7096	1.0000	1.0000	0.8421	0.0227	1.3523	128.8070	1.0000
30.8314	57.0719	-30.7387	1.0000	47.5230	79.4548	71.1123	1.0000	30.0000	0.0495	0.2055	0.2099	28.0176	1.0744
3.9861	20.0095	-57.5265	1.0000	47.5462	45.0135	70.3306	1.0000	61.0000	0.0491	0.5499	0.2185	58.4502	1.2145
98.7835	40.0966	48.9545	1.0000	52.0833	66.1302	117.2411	1.0000	60.0000	0.0417	0.3387	0.3027	43.5153	1.1222
38.8399	25.0061	-64.5011	1.0000	47.7342	30.8890	74.7152	1.0000	14.0000	0.0453	0.6911	0.1698	70.8173	1.3128
74.7044	47.2068	167.7667	1.0000	52.2598	64.1792	118.1622	1.0000	30.0000	0.0452	0.3582	0.3129	45.6217	1.0661
97.9354	68.5122	87.6078	1.0000	52.3161	92.8211	118.7515	1.0000	57.0000	0.0463	0.0718	0.3195	29.7246	1.1027
83.9174	53.8492	88.7066	1.0000	52.3864	78.9811	118.3581	1.0000	43.0000	0.0477	0.2102	0.3151	35.3789	1.0664
95.1310	66.5581	251.1885	1.0000	52.4177	74.2119	118.3193	1.0000	53.0000	0.0484	0.2579	0.3147	38.3778	1.2214
88.3622	51.0523	99.1746	1.0000	52.2216	75.1481	118.0631	1.0000	47.0000	0.0444	0.2485	0.3118	37.5512	1.0820
81.5633	5.4466	-65.8610	1.0000	52.2980	32.0566	118.8864	1.0000	51.0000	0.0460	0.6794	0.3210	73.8648	1.2894
97.1086	36.1396	162.5212	1.0000	52.3879	51.8356	118.3510	1.0000	52.0000	0.0478	0.4816	0.3150	55.9401	1.0972
62.2342	67.7455	130.4612	1.0000	52.2165	81.4299	118.4555	1.0000	17.0000	0.0443	0.1857	0.3162	34.0511	1.0024
31.4077	2.1298	160.4519	1.0000	30.2556	4.7220	90.6390	1.0000	3.0000	0.3949	0.9528	0.0071	97.3044	1.0576
9.7687	58.8008	-69.5401	1.0000	47.5519	82.0490	73.4870	1.0000	58.0000	0.0490	0.1795	0.1835	24.5134	1.3074
46.3830	50.0026	219.9666	1.0000	47.7496	69.0548	73.7363	1.0000	23.0000	0.0450	0.3095	0.1807	35.0311	1.2041
49.3239	16.9427	127.7022	1.0000	48.9453	17.8682	112.2451	1.0000	1.0000	0.0211	0.8213	0.2472	85.0975	1.0000
56.6294	35.2690	-5.0084	1.0000	52.3517	49.3497	118.5775	1.0000	17.0000	0.0470	0.5065	0.3175	58.2036	1.1552
84.2693	47.7573	23.8808	1.0000	52.2201	75.2356	118.1819	1.0000	47.0000	0.0444	0.2476	0.3131	37.5823	1.1133
40.7503	90.4986	268.6646	1.0000	37.3118	95.0547	70.6217	1.0000	11.0000	0.2538	0.0495	0.2153	23.6847	1.9271
54.1680	25.2465	59.5591	1.0000	54.5011	27.2033	87.3813	1.0000	2.0000	0.0900	0.7280	0.0291	72.9827	1.0076
26.6558	57.3217	-28.9435	1.0000	47.7494	81.5779	73.1604	1.0000	36.0000	0.0450	0.1842	0.1871	25.0601	1.1199
64.9546	80.9896	152.4002	1.0000	52.9038	95.5149	119.0511	1.0000	19.0000	0.0581	0.0449	0.3228	29.5384	1.0067
83.4942	48.6825	151.7871	1.0000	52.1742	66.1685	117.6527	1.0000	39.0000	0.0435	0.3383	0.3073	43.7489	1.0872
14.8971	10.1451	1.2648	1.0000	47.7268	42.9780	75.5657	1.0000	51.0000	0.0455	0.5702	0.1604	58.8645	1.0984
84.3594	28.7880	-27.3652	1.0000	52.2785	56.2035	118.6423	1.0000	51.0000	0.0456	0.4380	0.3182	52.3804	1.2085
67.6150	22.0132	119.6807	1.0000	52.1828	42.8759	117.6980	1.0000	26.0000	0.0437	0.5712	0.3078	63.5225	1.0019
24.3148	47.3956	98.2190	1.0000	47.6261	86.7202	71.3444	1.0000	46.0000	0.0475	0.1328	0.2073	23.0221	1.0062
35.7414	4.2204	128.1063	1.0000	47.5341	42.2498	78.1199	1.0000	40.0000	0.0493	0.5775	0.1320	59.0110	1.0046
60.4394	86.6716	-60.5644	1.0000	64.6135	89.6223	92.7815	1.0000	7.0000	0.2923	0.1038	0.0309	18.1381	1.3694
92.7199	65.3914	59.0167	1.0000	52.2778	90.9498	118.6189	1.0000	53.0000	0.0456	0.0905	0.3180	30.1021	1.1078
0.4024	25.3113	-18.6417	1.0000	47.6778	59.0412	73.8520	1.0000	65.0000	0.0464	0.4096	0.1794	44.0882	1.1192
36.7106	82.0385	84.7553	1.0000	40.9067	95.3948	72.5593	1.0000	14.0000	0.1819	0.0461	0.1938	20.2009	1.0000
48.5451	25.1691	-50.9248	1.0000	49.3549	24.5824	-35.9248	1.0000	1.0000	0.0129	0.7542	1.3992	146.7831	1.0000
19.2929	69.0259	131.1644	1.0000	37.3131	95.7474	60.0081	1.0000	33.0000	0.2537	0.0425	0.3332	32.8414	1.0239
5.5203	87.3781	91.7260	1.0000	11.0561	95.5226	45.6279	1.0000	10.0000	0.7789	0.0448	0.4930	59.2077	1.0155
88.4900	34.3737	199.7512	1.0000	52.1151	49.3333	117.3693	1.0000	44.0000	0.0423	0.5067	0.3041	57.6253	1.1187
64.3379	80.9519	-72.5871	1.0000	60.4942	95.0895	128.4900	1.0000	22.0000	0.2099	0.0491	0.4277	40.1960	1.5016
43.4223	46.3612	259.8464	1.0000	38.9787	47.8257	87.5532	1.0000	7.0000	0.2204	0.5217	0.0272	53.3818	1.4962
88.2266	11.9924	-76.7466	1.0000	52.4829	37.5946	118.3999	1.0000	58.0000	0.0497	0.6241	0.3156	68.6087	1.3192
74.1284	5.5401	265.0453	1.0000	71.2137	-0.7066	229.9342	0.0000	7.0000	0.4243	1.0071	1.5548	173.7049	1.0155
60.0745	26.1471	192.7004	1.0000	52.3564	31.5045	117.9689	1.0000	10.0000	0.0471	0.6850	0.3108	74.0232	1.0644
45.5049	16.4796	-7.3614	1.0000	48.2109	17.6081	37.6386	1.0000	3.0000	0.0358	0.8239	0.5818	97.6388	1.0232
18.7357	41.6283	11.5802	1.0000	47.5910	73.2212	72.5554	1.0000	46.0000	0.0482	0.2678	0.1938	32.0503	1.0751
89.4549	76.3194	2.2514	1.0000	57.6538	95.4745	128.5200	1.0000	44.0000	0.1531	0.0453	0.4280	39.5330	1.1852
5.2525	82.5844	-21.2735	1.0000	37.6239	95.2600	61.1700	1.0000	38.0000	0.2475	0.0474	0.3203	31.7302	1.0931
72.8675	60.4336	15.3929	1.0000	74.1502	62.9547	86.9334	1.0000	3.0000	0.4830	0.3705	0.0341	44.3283	1.0606
29.9151	40.8110	-76.3437	1.0000	47.6094	57.5751	72.6409	1.0000	32.0000	0.0478	0.4242	0.1929	45.9012	1.3128
89.2862	77.4082	-23.4893	1.0000	58.8678	95.0722	128.6446	1.0000	44.0000	0.1774	0.0493	0.4294	39.9540	1.2509
88.2518	53.5674	169.0792	1.0000	52.4521	69.1956	118.3564	1.0000	43.0000	0.0490	0.3080	0.3151	41.9405	1.1008
85.0334	1.6429	196.6469	1.0000	52.3414	16.3955	118.5874	1.0000	40.0000	0.0468	0.8360	0.3176	88.3879	1.1152
78.2485	71.1215	114.0634	1.0000	52.2737	94.0954	118.4849	1.0000	36.0000	0.0455	0.0590	0.3165	29.1792	1.0382
38.9382	21.2326	82.9344	1.0000	47.6081	48.8941	73.6951	1.0000	29.0000	0.0478	0.5111	0.1812	53.6971	1.0004
48.4438	29.3909	160.3742	1.0000	47.7296	30.0908	135.5789	1.0000	1.0000	0.0454	0.6991	0.5064	83.4859	1.0000
46.7031	70.5521	-85.0923	1.0000	47.6158	68.7918	-55.0923	1.0000	2.0000	0.0477	0.3121	1.6121	148.4298	1.0086
49.6362	51.1346	-28.7237	1.0000	50.6077	50.8973	-13.7237	1.0000	1.0000	0.0122	0.4910	1.1525	114.7608	1.0000
61.9099	59.3537	1.4611	1.0000	52.4223	79.8616	118.3238	1.0000	25.0000	0.0484	0.2014	0.3147	34.8376	1.1064
88.1878	12.7665	-4.5156	1.0000	90.1470	15.7231	93.7797	1.0000	4.0000	0.8029	0.8428	0.0420	93.4273	1.1278
50.7899	67.6189	248.9405	1.0000	50.2013	66.8105	233.9405	1.0000	1.0000	0.0040	0.3319	1.5993	147.7174	1.0000
83.2446	45.4747	242.9509	1.0000	52.4099	54.6454	118.3136	1.0000	40.0000	0.0482	0.4535	0.3146	53.5211	1.2434
87.1876	78.3057	165.9743	1.0000	52.4222	94.1498	118.3237	1.0000	42.0000	0.0484	0.0585	0.3147	29.0228	1.0993
52.3366	53.9951	-65.7540	1.0000	57.3043	56.1901	91.3797	1.0000	8.0000	0.1461	0.4381	0.0153	44.4360	1.4730
69.5885	72.6324	50.7969	1.0000	54.5816	95.5226	128.4906	1.0000	28.0000	0.0916	0.0448	0.4277	39.0200	1.0230
15.9103	13.8300	124.7599	1.0000	47.5987	62.5792	70.8062	1.0000	59.0000	0.0480	0.3742	0.2133	42.1247	1.0147
15.7541	51.1700	12.7355	1.0000	47.7569	83.4201	73.3535	1.0000	49.0000	0.0449	0.1658	0.1850	23.6015	1.0785
39.1553	38.1230	7.0708	1.0000	47.6243	52.4410	73.8968	1.0000	17.0000	0.0475	0.4756	0.1789	50.2675	1.0219
19.4720	84.2932	123.9122	1.0000	26.8691	95.5741	45.0693	1.0000	14.0000	0.4626	0.0443	0.4992	50.7287	1.0378
2.0394	12.3431	19.0768	1.0000	47.7489	52.0723	74.5245	1.0000	65.0000	0.0450	0.4793	0.1720	50.4145	1.0733
15.0719	43.7797	28.7456	1.0000	47.6340	81.8308	72.0522	1.0000	52.0000	0.0473	0.1817	0.1994	25.6484	1.0383
71.4118	87.5575	181.5087	1.0000	58.2629	95.0017	128.5538	1.0000	16.0000	0.1653	0.0500	0.4284	39.7448	1.0589
22.6060	92.4020	74.5754	1.0000	23.8913	95.1043	59.5527	1.0000	3.0000	0.5222	0.0490	0.3383	40.4063	1.0026
94.7808	35.3062	44.2129	1.0000	95.0797	37.2352	93.7735	1.0000	2.0000	0.9016	0.6276	0.0419	77.3682	1.0246
92.5097	33.1905	255.5137	1.0000	52.3895	40.1693	118.3442	1.0000	51.0000	0.0478	0.5983	0.3149	66.2481	1.2524
19.9791	47.6296	-37.5084	1.0000	47.5276	71.9912	70.2513	1.0000	43.0000	0.0494	0.2801	0.2194	34.3600	1.1693
27.7306	10.8611	-24.5023	1.0000	47.7196	35.6594	73.4349	1.0000	35.0000	0.0456	0.6434	0.1841	66.4780	1.0989
15.0313	40.9187	-5.8037	1.0000	47.6679	72.1898	73.9747	1.0000	50.0000	0.0466	0.2781	0.1781	32.1816	1.1062
26.1894	70.0055	-86.6345	1.0000	47.7046	84.1618	73.5068	1.0000	40.0000	0.0459	0.1584	0.1833	22.9813	1.5531
17.2087	96.3682	21.8309	1.0000	18.1370	96.7401	21.8309	1.0000	1.0000	0.6373	0.0326	0.7574	75.3187	1.0000
35.6365	12.2647	75.2658	1.0000	47.5459	54.6188	73.5847	1.0000	44.0000	0.0491	0.4538	0.1824	48.3212	1.0001
56.2984	19.6129	109.7240	1.0000	52.3027	26.5309	118.6260	1.0000	8.0000	0.0461	0.7347	0.3181	78.8826	1.0014
18.8717	90.8414	254.9093	1.0000	15.8015	95.3990	60.1768	1.0000	10.0000	0.6840	0.0460	0.3314	45.6085	1.8198
89.0226	70.7921	-39.7888	1.0000	53.5458	95.4584	118.6611	1.0000	54.0000	0.0709	0.0454	0.3185	29.2346	1.2497
72.4754	13.9363	24.5952	1.0000	52.0451	44.0302	117.1118	1.0000	38.0000	0.0409	0.5597	0.3012	62.2243	1.0447
5.9572	38.7900	250.4566	1.0000	44.4647	95.7199	60.2631	1.0000	77.0000	0.1107	0.0428	0.3304	30.5490	1.1203
35.0628	57.3464	-5.8620	1.0000	47.6372	78.1328	74.7338	1.0000	25.0000	0.0473	0.2187	0.1696	26.7734	1.0291
51.2497	6.6001	166.1506	1.0000	50.4356	7.1808	144.4968	1.0000	1.0000	0.0087	0.9282	0.6055	107.6359	1.0000
59.5023	33.5457	121.0104	1.0000	52.1371	44.2134	117.4703	1.0000	13.0000	0.0427	0.5579	0.3052	62.2200	1.0028
58.5914	88.8816	82.0827	1.0000	54.8033	95.7836	128.1863	1.0000	8.0000	0.0961	0.0422	0.4243	38.7175	1.0161
75.1070	17.2410	-21.5841	1.0000	52.0528	45.1647	117.1366	1.0000	42.0000	0.0411	0.5484	0.3015	61.2170	1.1599
20.2916	12.7788	166.7740	1.0000	18.9879	15.2766	92.8940	1.0000	3.0000	0.6202	0.8472	0.0322	90.2672	1.0647
77.2994	23.2367	-46.0339	1.0000	52.0809	51.0526	117.2323	1.0000	46.0000	0.0416	0.4895	0.3026	56.0515	1.2252
53.5492	61.7786	67.9621	1.0000	53.6958	63.7646	91.0913	1.0000	2.0000	0.0739	0.3624	0.0121	36.4398	1.0043
24.7609	70.8073	33.3718	1.0000	42.9794	95.1345	60.1173	1.0000	31.0000	0.1404	0.0487	0.3320	31.0795	1.0200
20.1739	63.6224	144.0441	1.0000	40.3863	95.6745	60.0646	1.0000	39.0000	0.1923	0.0433	0.3326	31.7374	1.0292
39.4205	80.1236	-14.4268	1.0000	47.5428	90.4843	70.3053	1.0000	14.0000	0.0491	0.0952	0.2188	22.0106	1.0634
6.8006	31.1774	181.2214	1.0000	47.6903	92.5315	72.2352	1.0000	77.0000	0.0462	0.0747	0.1974	19.4088	1.0443
11.3883	4.2396	2.1837	1.0000	47.6024	36.2291	72.2043	1.0000	53.0000	0.0480	0.6377	0.1977	66.2507	1.0969
15.3546	28.3961	253.4525	1.0000	47.5678	82.2129	70.8571	1.0000	71.0000	0.0486	0.1779	0.2127	26.2440	1.1320
69.8488	85.7261	106.1992	1.0000	63.1091	95.5935	128.4691	1.0000	12.0000	0.2622	0.0441	0.4274	40.8796	1.0042
16.3752	39.1570	-15.3115	1.0000	47.6075	67.5990	70.8919	1.0000	47.0000	0.0479	0.3240	0.2123	37.6918	1.1126
70.1962	36.3228	22.2966	1.0000	71.2018	38.9722	92.7478	1.0000	3.0000	0.4240	0.6103	0.0305	64.6642	1.0587
74.1708	80.8757	33.3851	1.0000	62.7383	95.2731	129.1253	1.0000	20.0000	0.2548	0.0473	0.4347	41.4173	1.0879
24.9050	30.6491	24.5485	1.0000	47.6001	62.1430	71.3525	1.0000	40.0000	0.0480	0.3786	0.2072	42.2687	1.0304
30.8656	71.9189	90.1312	1.0000	42.3345	95.2018	62.0505	1.0000	26.0000	0.1533	0.0480	0.3106	29.3761	1.0018
67.4885	39.2573	105.8069	1.0000	52.4611	60.3587	118.3685	1.0000	26.0000	0.0492	0.3964	0.3152	48.8084	1.0036
63.3151	42.9812	-26.8406	1.0000	52.3849	66.4503	118.3646	1.0000	30.0000	0.0477	0.3355	0.3152	43.9980	1.1588
10.9823	53.8086	251.3457	1.0000	38.5429	95.3144	60.2456	1.0000	58.0000	0.2291	0.0469	0.3306	32.2265	1.1641
48.3325	93.6849	260.8891	1.0000	47.8975	92.7845	244.2152	1.0000	1.0000	0.0421	0.0722	1.7135	154.3982	1.0000
32.1869	26.7433	87.6282	1.0000	47.5420	65.7815	77.1175	1.0000	42.0000	0.0492	0.3422	0.1431	36.6457	1.0012
86.9399	57.8166	-56.2423	1.0000	90.8304	60.0877	92.2442	1.0000	6.0000	0.8166	0.3991	0.0249	57.1415	1.3319
96.8687	42.8243	100.6787	1.0000	52.4176	66.0771	118.3192	1.0000	55.0000	0.0484	0.3392	0.3147	44.2559	1.0964
61.4766	14.5881	6.7215	1.0000	63.2502	17.8822	87.1446	1.0000	4.0000	0.2650	0.8212	0.0317	83.2290	1.0692
79.7991	57.9251	263.2606	1.0000	52.0687	64.2223	117.1897	1.0000	40.0000	0.0414	0.3578	0.3021	44.9845	1.4066
80.5779	97.8890	266.0426	1.0000	80.4218	96.9013	261.0184	1.0000	1.0000	0.6084	0.0310	1.9002	173.7308	1.0000
75.1493	20.8327	66.6166	1.0000	75.1377	21.8326	90.6650	1.0000	1.0000	0.5028	0.7817	0.0074	82.1127	1.0000
51.9526	91.3393	-65.3450	1.0000	57.0979	93.3572	88.5798	1.0000	8.0000	0.1420	0.0664	0.0158	9.8246	1.4475
48.7381	63.8406	109.6627	1.0000	48.5714	64.8265	99.6002	1.0000	1.0000	0.0286	0.3517	0.1067	36.4880	1.0000
46.6356	59.2510	192.5708	1.0000	47.7555	75.0052	73.7815	1.0000	18.0000	0.0449	0.2499	0.1802	29.8800	1.1397
93.7303	10.4800	-31.6481	1.0000	96.7845	13.2477	91.8584	1.0000	5.0000	0.9357	0.8675	0.0206	98.5810	1.2131
21.0105	3.4000	-53.0287	1.0000	25.8416	-0.0445	-22.9567	0.0000	6.0000	0.4832	1.0004	1.2551	152.8128	1.0112
19.5907	59.0620	41.1580	1.0000	46.4059	95.7631	62.5301	1.0000	46.0000	0.0719	0.0424	0.3052	28.0261	1.0120
78.2778	91.6072	5.7484	1.0000	79.4088	95.8219	111.0004	1.0000	5.0000	0.5882	0.0418	0.2333	36.3779	1.1458
93.5079	52.1538	-57.7189	1.0000	97.4506	54.3259	90.8777	1.0000	6.0000	0.9490	0.4567	0.0098	65.8669	1.3329
69.8939	98.8470	51.7279	1.0000	70.1597	99.8110	74.5833	1.0000	1.0000	0.4032	0.0019	0.1713	25.3796	1.0000
43.4192	83.4570	51.8921	1.0000	47.6387	92.4922	73.9955	1.0000	10.0000	0.0472	0.0751	0.1778	17.8350	1.0028
31.1381	15.3436	218.2292	1.0000	47.7425	54.2218	72.6030	1.0000	47.0000	0.0452	0.4578	0.1933	49.0244	1.1118
2.5861	56.9433	76.4217	1.0000	35.6268	95.3222	60.1241	1.0000	51.0000	0.2875	0.0468	0.3320	33.4819	1.0071
53.0312	54.0569	-73.6970	1.0000	58.0002	55.8975	88.8810	1.0000	8.0000	0.1600	0.4410	0.0124	44.8362	1.5098
11.9561	50.3461	202.5409	1.0000	41.4438	95.1596	60.0243	1.0000	58.0000	0.1711	0.0484	0.3331	31.5465	1.0812
73.0587	24.6770	108.3829	1.0000	52.0629	51.1143	117.1701	1.0000	34.0000	0.0413	0.4889	0.3019	55.9668	1.0071
88.9701	28.3550	140.2952	1.0000	52.0961	47.0536	117.2878	1.0000	45.0000	0.0419	0.5295	0.3032	59.6015	1.0884
65.2447	12.3121	95.4545	1.0000	52.2669	31.1706	118.2747	1.0000	23.0000	0.0453	0.6883	0.3142	74.4452	1.0047
59.8930	12.7494	263.8868	1.0000	52.1913	12.1673	118.6975	1.0000	10.0000	0.0438	0.8783	0.3189	92.4280	1.2947
65.9147	24.6371	-39.4888	1.0000	52.2049	52.2319	117.8247	1.0000	36.0000	0.0441	0.4777	0.3092	55.3251	1.1683
82.9932	2.6556	-89.3801	1.0000	52.2169	28.3560	118.4279	1.0000	54.0000	0.0443	0.7164	0.3159	77.1099	1.3468
44.4362	47.5071	-59.3840	1.0000	47.9908	46.0793	0.6160	1.0000	4.0000	0.0402	0.5392	0.9932	104.4078	1.0442
33.9051	35.5624	233.6988	1.0000	29.8444	37.8113	92.6308	1.0000	6.0000	0.4031	0.6219	0.0292	65.4264	1.2926
69.0578	47.5820	44.3937	1.0000	69.4643	49.5064	88.5108	1.0000	2.0000	0.3893	0.5049	0.0165	54.1357	1.0168
92.1336	87.1305	1.8386	1.0000	90.4711	95.2278	136.2452	1.0000	10.0000	0.8094	0.0477	0.5138	61.6385	1.2098
43.8745	86.5115	-67.9830	1.0000	48.1682	84.6905	7.0170	1.0000	5.0000	0.0366	0.1531	0.9220	84.4033	1.0721
46.8810	2.4180	24.4997	1.0000	47.6526	3.0541	39.4997	1.0000	1.0000	0.0469	0.9695	0.5611	109.3357	1.0000
47.8377	80.0013	60.2329	1.0000	48.2795	80.8984	63.7771	1.0000	1.0000	0.0344	0.1910	0.2914	32.4880	1.0000
15.3747	98.4971	83.5210	1.0000	15.7104	99.4391	70.3883	1.0000	1.0000	0.6858	0.0056	0.2179	39.5059	1.0000
76.6397	63.0648	-62.5913	1.0000	52.3867	89.9881	118.3565	1.0000	46.0000	0.0477	0.1001	0.3151	30.1666	1.2694
43.9575	71.2393	-6.0582	1.0000	47.6915	74.1224	62.2349	1.0000	5.0000	0.0462	0.2588	0.3085	38.0248	1.0599
98.9597	46.4345	39.1045	1.0000	99.4166	48.3325	89.0081	1.0000	2.0000	0.9883	0.5167	0.0110	71.5019	1.0245
61.4775	73.2807	209.0022	1.0000	52.1833	79.1141	116.7588	1.0000	12.0000	0.0437	0.2089	0.2973	34.0151	1.0936
26.0694	38.9542	-78.4069	1.0000	47.7130	55.9257	75.6887	1.0000	40.0000	0.0457	0.4407	0.1590	46.3960	1.4543
58.6690	9.0792	228.0265	1.0000	52.4415	9.9313	130.8308	1.0000	7.0000	0.0488	0.9007	0.4537	98.9216	1.1137
12.5851	37.9724	-87.1470	1.0000	47.6448	57.2342	74.8508	1.0000	58.0000	0.0471	0.4277	0.1683	45.4308	1.4499
27.2957	24.9890	195.3455	1.0000	47.5314	65.9792	70.2348	1.0000	49.0000	0.0494	0.3402	0.2196	39.4230	1.0719
62.1174	15.9162	34.2404	1.0000	62.9076	18.7386	89.4240	1.0000	3.0000	0.2582	0.8126	0.0064	82.2821	1.0236
74.9228	97.1073	-16.5636	1.0000	75.9143	97.2370	7.4567	1.0000	1.0000	0.5183	0.0276	0.9171	86.5597	1.0000
44.2510	42.3070	-78.3590	1.0000	48.1465	39.7424	-3.3590	1.0000	5.0000	0.0371	0.6026	1.0373	111.1320	1.0721
62.1248	52.8591	199.6721	1.0000	52.3250	60.0449	117.4958	1.0000	13.0000	0.0465	0.3996	0.3055	48.5575	1.0698
55.6986	59.6489	-31.3442	1.0000	52.1057	74.4499	117.3472	1.0000	19.0000	0.0421	0.2555	0.3039	37.4848	1.2475
16.7569	3.8501	182.3795	1.0000	47.5772	55.3319	71.3561	1.0000	63.0000	0.0485	0.4467	0.2072	48.4635	1.0500
51.4706	67.7298	101.1174	1.0000	51.2238	68.6989	104.2929	1.0000	1.0000	0.0245	0.3130	0.1588	34.4317	1.0000
35.3736	20.1615	210.8954	1.0000	32.2213	22.9132	91.6465	1.0000	5.0000	0.3556	0.7709	0.0183	79.1275	1.1949
88.7350	6.5086	150.5885	1.0000	52.2683	23.6207	118.3173	1.0000	44.0000	0.0454	0.7638	0.3146	81.4912	1.0923
34.6997	65.9144	19.0084	1.0000	47.5320	88.3443	71.1517	1.0000	26.0000	0.0494	0.1166	0.2094	22.2981	1.0061
43.7589	59.8664	15.2831	1.0000	47.5132	65.5686	69.0695	1.0000	7.0000	0.0497	0.3443	0.2326	40.3707	1.0253
84.2063	19.4345	196.7562	1.0000	52.4422	34.0858	118.3439	1.0000	39.0000	0.0488	0.6591	0.3149	71.7915	1.1149
87.6240	87.6583	-7.5802	1.0000	89.7273	90.5112	91.0227	1.0000	4.0000	0.7945	0.0949	0.0114	40.8576	1.1286
77.4222	17.3384	-44.5693	1.0000	52.1361	45.2144	117.4645	1.0000	46.0000	0.0427	0.5479	0.3052	61.3214	1.2222
77.0110	26.7581	33.2158	1.0000	52.3264	53.4906	118.6812	1.0000	39.0000	0.0465	0.4651	0.3187	54.6914	1.0718
45.8456	24.0470	80.9894	1.0000	47.6541	30.8061	77.4581	1.0000	7.0000	0.0469	0.6919	0.1394	70.3605	1.0004
19.9117	4.0473	128.7906	1.0000	47.7558	49.3753	72.9309	1.0000	54.0000	0.0449	0.5062	0.1897	53.4720	1.0151
59.2464	3.5695	140.6103	1.0000	52.2162	13.2313	118.5052	1.0000	12.0000	0.0443	0.8677	0.3167	91.3578	1.0043
16.2901	58.0498	203.0764	1.0000	39.4752	95.1503	60.0389	1.0000	48.0000	0.2105	0.0485	0.3329	32.1241	1.0972
76.4245	23.5714	63.8057	1.0000	76.4593	24.5708	88.0070	1.0000	1.0000	0.5292	0.7543	0.0221	79.9602	1.0000
58.6918	14.0281	228.5967	1.0000	52.4571	14.8234	131.4514	1.0000	7.0000	0.0491	0.8518	0.4606	94.7592	1.1137
97.7464	25.5800	55.0101	1.0000	52.4182	50.8964	118.3199	1.0000	58.0000	0.0484	0.4910	0.3147	56.7364	1.1171
9.0601	59.8718	41.8879	1.0000	40.2685	95.5911	60.2561	1.0000	48.0000	0.1946	0.0441	0.3305	31.6045	1.0120
85.5932	83.6426	212.9784	1.0000	53.2121	95.6529	120.5258	1.0000	39.0000	0.0642	0.0435	0.3392	31.0007	1.1292
90.4405	49.5910	157.1884	1.0000	52.1077	66.4512	117.3368	1.0000	46.0000	0.0422	0.3355	0.3037	43.3274	1.0985
68.3726	62.0344	-48.3751	1.0000	72.2334	64.5845	92.4276	1.0000	6.0000	0.4447	0.3542	0.0270	41.8865	1.2967
72.3748	83.6333	43.3733	1.0000	72.7500	85.5541	90.8198	1.0000	2.0000	0.4550	0.1445	0.0091	26.9614	1.0219
67.4766	47.8363	116.5807	1.0000	52.1363	68.7612	117.4656	1.0000	26.0000	0.0427	0.3124	0.3052	41.6507	1.0021
35.7383	90.6472	139.2491	1.0000	35.3146	92.5555	90.3139	1.0000	2.0000	0.2937	0.0744	0.0035	16.4675	1.0231
95.5179	49.8972	16.9508	1.0000	96.6362	52.4796	91.5870	1.0000	3.0000	0.9327	0.4752	0.0176	66.6006	1.0661
70.8362	20.9771	234.7289	1.0000	52.2093	32.2472	117.8524	1.0000	26.0000	0.0442	0.6775	0.3095	73.2876	1.1943
67.6541	38.6570	187.0433	1.0000	52.3406	53.2433	118.5918	1.0000	22.0000	0.0468	0.4676	0.3177	54.8558	1.0403
11.4718	6.8172	7.2415	1.0000	47.6023	39.3051	72.1859	1.0000	53.0000	0.0480	0.6069	0.1979	63.3005	1.0908
28.3615	5.2555	142.3417	1.0000	47.7031	42.8359	72.1750	1.0000	43.0000	0.0459	0.5716	0.1981	59.9228	1.0174
30.9900	88.2965	244.6209	1.0000	29.8147	95.7478	49.4828	1.0000	13.0000	0.4037	0.0425	0.4502	45.4662	1.7234
39.2991	94.8880	188.6410	1.0000	38.3349	95.1531	164.6291	1.0000	1.0000	0.2333	0.0485	0.8292	75.6906	1.0000
76.0077	6.5687	216.0179	1.0000	52.3960	19.7546	118.3159	1.0000	31.0000	0.0479	0.8025	0.3146	85.1285	1.1463
81.9191	32.9556	72.0663	1.0000	52.1473	59.0456	117.5176	1.0000	42.0000	0.0429	0.4095	0.3058	49.3872	1.0610
93.6052	91.9583	13.0305	1.0000	94.8993	94.4562	87.5882	1.0000	3.0000	0.8980	0.0554	0.0268	45.3045	1.0664
40.3043	71.8111	52.1701	1.0000	47.7430	87.0459	75.5368	1.0000	17.0000	0.0451	0.1295	0.1607	19.5470	1.0027
35.5701	27.7073	12.4318	1.0000	47.6021	49.3071	74.0561	1.0000	25.0000	0.0480	0.5069	0.1772	53.1952	1.0111
35.9163	71.3003	193.8762	1.0000	41.4891	95.4365	69.0831	1.0000	27.0000	0.1702	0.0456	0.2324	23.0386	1.0900
30.9411	24.8285	191.6808	1.0000	47.5917	62.4700	71.0733	1.0000	44.0000	0.0482	0.3753	0.2103	42.1014	1.0690
72.3033	45.2186	-83.6897	1.0000	52.0750	71.7687	117.2115	1.0000	44.0000	0.0415	0.2823	0.3024	39.2655	1.3182
83.5996	62.3508	209.1421	1.0000	52.2182	76.6177	118.3275	1.0000	39.0000	0.0444	0.2338	0.3147	36.7981	1.1313
94.4876	49.4008	-72.9623	1.0000	52.3939	74.7732	118.3250	1.0000	64.0000	0.0479	0.2523	0.3147	38.0056	1.3022
21.3661	31.7409	210.8270	1.0000	18.3084	34.5204	88.5117	1.0000	5.0000	0.6338	0.6548	0.0165	72.7609	1.2100
1.1660	52.3289	91.8566	1.0000	37.3154	95.7260	60.4810	1.0000	57.0000	0.2537	0.0427	0.3280	32.4120	1.0092
98.0857	50.4100	107.1194	1.0000	52.4983	73.4010	118.4241	1.0000	56.0000	0.0500	0.2660	0.3158	39.0087	1.0968
65.5067	74.4684	131.8296	1.0000	52.3036	92.0181	118.8439	1.0000	22.0000	0.0461	0.0798	0.3205	30.0164	1.0017
63.6938	70.7673	203.4424	1.0000	52.4854	79.1812	118.2891	1.0000	15.0000	0.0497	0.2082	0.3143	35.2118	1.0703
34.5661	77.8380	49.7953	1.0000	44.3353	95.2897	60.7605	1.0000	20.0000	0.1133	0.0471	0.3249	30.1533	1.0000
85.5880	83.8644	221.6039	1.0000	52.8775	95.5647	119.0730	1.0000	40.0000	0.0575	0.0444	0.3230	29.5498	1.1514
47.7088	37.7089	-29.8280	1.0000	48.6755	37.4530	-14.8280	1.0000	1.0000	0.0265	0.6255	1.1648	122.0769	1.0000
47.4057	63.0723	267.2436	1.0000	42.3465	63.3694	92.1769	1.0000	8.0000	0.1531	0.3663	0.0242	37.4849	1.5786
52.5454	42.4087	-10.1780	1.0000	52.1550	52.8211	117.9948	1.0000	13.0000	0.0431	0.4718	0.3111	54.9017	1.2476
84.9991	17.5058	225.4771	1.0000	52.2206	29.9734	118.1434	1.0000	41.0000	0.0444	0.7003	0.3127	75.5030	1.1691
2.7721	2.1750	172.9313	1.0000	47.7466	67.2360	72.7549	1.0000	82.0000	0.0451	0.3276	0.1916	37.0938	1.0368
34.0974	62.0815	176.0050	1.0000	44.1288	95.0975	68.3250	1.0000	36.0000	0.1174	0.0490	0.2408	22.9850	1.0433
41.0875	53.9594	108.6954	1.0000	47.5841	75.9970	74.1305	1.0000	23.0000	0.0483	0.2400	0.1763	28.8759	1.0011
46.5757	83.1427	219.2758	1.0000	46.0789	95.4218	73.8814	1.0000	16.0000	0.0784	0.0458	0.1791	17.2089	1.3020
5.3803	74.1618	76.9113	1.0000	24.8400	95.4683	45.0000	1.0000	29.0000	0.5032	0.0453	0.5000	51.7548	1.0050
91.2024	70.4346	138.4970	1.0000	52.2193	88.9833	118.2372	1.0000	47.0000	0.0444	0.1102	0.3137	30.3914	1.0887
58.2525	97.1419	260.0422	1.0000	57.8305	96.2353	245.0422	1.0000	1.0000	0.1566	0.0376	1.7227	155.2855	1.0000
56.8405	15.9984	-64.4311	1.0000	61.1860	18.6536	89.3576	1.0000	7.0000	0.2237	0.8135	0.0071	82.1145	1.3746
56.8506	44.4276	145.6764	1.0000	52.1742	50.8212	118.3108	1.0000	8.0000	0.0435	0.4918	0.3146	56.7871	1.0099
25.3409	25.7032	-19.4052	1.0000	47.5018	52.0660	72.1879	1.0000	38.0000	0.0500	0.4793	0.1979	51.1974	1.1034
81.2022	11.2409	-21.7107	1.0000	52.4583	38.5551	118.3646	1.0000	47.0000	0.0492	0.6144	0.3152	67.7205	1.1853
25.0458	60.2379	97.6187	1.0000	46.0577	95.2000	61.5646	1.0000	41.0000	0.0788	0.0480	0.3159	29.1059	1.0051
69.8323	77.8510	55.6311	1.0000	58.9776	95.2450	128.4905	1.0000	21.0000	0.1796	0.0475	0.4277	39.8086	1.0242
98.3887	77.8431	229.1371	1.0000	52.0586	89.7047	117.1558	1.0000	55.0000	0.0412	0.1030	0.3017	29.1148	1.1500
88.4858	94.4806	106.4472	1.0000	88.1200	95.4113	111.4548	1.0000	1.0000	0.7624	0.0459	0.2384	43.9830	1.0000
86.8766	82.2498	80.3172	1.0000	61.2532	95.1227	134.0490	1.0000	31.0000	0.2251	0.0488	0.4894	45.7246	1.0811
58.7071	63.4804	202.8260	1.0000	52.1945	66.9219	117.9604	1.0000	8.0000	0.0439	0.3308	0.3107	43.3677	1.0861
90.5751	13.0769	74.2421	1.0000	52.2254	38.0027	118.6163	1.0000	50.0000	0.0445	0.6200	0.3180	68.3192	1.0932
61.2529	68.5678	6.7469	1.0000	63.0239	71.8632	87.1871	1.0000	4.0000	0.2605	0.2814	0.0313	31.1322	1.0692
69.2657	41.5539	-38.4963	1.0000	52.1988	71.6344	117.7865	1.0000	40.0000	0.0440	0.2837	0.3087	39.7685	1.1566
10.8802	50.6071	-87.3493	1.0000	47.5597	68.2775	70.9836	1.0000	58.0000	0.0488	0.3172	0.2113	37.0661	1.4246
30.4410	73.8628	-56.7327	1.0000	47.5477	93.0727	71.5382	1.0000	30.0000	0.0490	0.0693	0.2051	19.8706	1.1663
19.3773	3.5884	165.2678	1.0000	18.1479	6.1223	91.1338	1.0000	3.0000	0.6370	0.9388	0.0126	99.1407	1.0652
40.6398	23.8473	83.4466	1.0000	47.6412	46.7931	75.4674	1.0000	24.0000	0.0472	0.5321	0.1615	55.2063	1.0004
68.3414	96.8982	217.0277	1.0000	67.4299	96.4868	204.2887	1.0000	1.0000	0.3486	0.0351	1.2699	115.6635	1.0000
98.9420	61.6265	25.7378	1.0000	52.3458	87.6867	118.5617	1.0000	61.0000	0.0469	0.1231	0.3174	31.1911	1.1426
55.7577	62.1633	234.8040	1.0000	52.1006	61.0263	174.6645	1.0000	4.0000	0.0420	0.3897	0.9407	93.2279	1.0445
2.7717	28.3988	-62.8880	1.0000	47.6656	54.0535	73.0411	1.0000	64.0000	0.0467	0.4595	0.1884	49.0320	1.2377
41.8806	54.6431	13.5059	1.0000	47.7163	64.8292	74.6526	1.0000	12.0000	0.0457	0.3517	0.1705	38.4414	1.0222
35.9053	11.9898	-88.9404	1.0000	47.7219	20.0769	72.5209	1.0000	20.0000	0.0456	0.7992	0.1942	81.8438	1.3967
97.6289	54.5792	48.9826	1.0000	52.4718	79.9129	118.3834	1.0000	58.0000	0.0494	0.2009	0.3154	34.8600	1.1202
22.7493	29.9459	214.6912	1.0000	19.5067	32.5094	92.5642	1.0000	5.0000	0.6099	0.6749	0.0285	74.1039	1.2096
69.3172	70.1131	124.4611	1.0000	52.0482	93.3437	117.1216	1.0000	29.0000	0.0410	0.0666	0.3014	28.0015	1.0019
57.9330	50.3670	249.0995	1.0000	51.9537	49.4217	141.4749	1.0000	7.0000	0.0391	0.5058	0.5719	72.1918	1.1563
11.4224	30.5917	-6.6031	1.0000	47.7225	61.8424	73.1048	1.0000	53.0000	0.0455	0.3816	0.1877	41.7928	1.1065
53.5535	68.4518	257.4466	1.0000	52.4146	66.8286	227.4466	1.0000	2.0000	0.0483	0.3317	1.5272	141.4134	1.0086
37.6871	22.0761	-13.0095	1.0000	47.6349	36.0528	71.7856	1.0000	18.0000	0.0473	0.6395	0.2024	66.5327	1.0492
8.5813	30.4568	7.0311	1.0000	47.6452	63.6736	72.4490	1.0000	56.0000	0.0471	0.3633	0.1950	40.4128	1.0921
72.1905	64.2902	253.5783	1.0000	52.2671	72.3012	118.2845	1.0000	29.0000	0.0453	0.2770	0.3143	39.6532	1.3505
45.0336	98.6186	172.4424	1.0000	44.1828	99.1442	148.2939	1.0000	1.0000	0.1163	0.0086	0.6477	58.5896	1.0000
68.0204	99.1100	-70.9362	1.0000	68.6951	98.3719	-47.5681	1.0000	1.0000	0.3739	0.0163	1.5285	138.8422	1.0000
85.4727	73.4108	27.3626	1.0000	55.3041	95.6139	128.4914	1.0000	42.0000	0.1061	0.0439	0.4277	39.1019	1.1212
22.6630	12.1488	211.6098	1.0000	19.5560	14.8779	89.6174	1.0000	5.0000	0.6089	0.8512	0.0043	90.4033	1.2091
34.8248	24.9744	9.3935	1.0000	47.7209	48.2912	76.0224	1.0000	27.0000	0.0456	0.5171	0.1553	53.6132	1.0133
7.9087	74.6041	253.8078	1.0000	20.1815	95.0938	45.0001	1.0000	32.0000	0.5964	0.0491	0.5000	54.2052	1.3398
16.9658	87.3108	-75.6776	1.0000	42.0566	95.5395	61.7384	1.0000	38.0000	0.1589	0.0446	0.3140	29.6937	1.4391
7.2908	43.0545	-4.8328	1.0000	47.7273	76.3103	74.2859	1.0000	58.0000	0.0455	0.2369	0.1746	28.5184	1.1078
89.2608	65.9917	257.3116	1.0000	52.3883	72.7119	118.3493	1.0000	48.0000	0.0478	0.2729	0.3150	39.4212	1.2807
93.6966	98.2400	19.6528	1.0000	94.4086	98.9423	44.6079	1.0000	1.0000	0.8882	0.0106	0.5044	63.5112	1.0000
62.4158	88.6040	59.2131	1.0000	62.6947	90.5671	89.4138	1.0000	2.0000	0.2539	0.0943	0.0065	15.8265	1.0086
8.8171	62.3512	244.9755	1.0000	32.2633	95.1797	61.8420	1.0000	48.0000	0.3547	0.0482	0.3129	33.6258	1.1898
59.4037	59.5070	-41.8679	1.0000	63.0770	62.6780	87.8505	1.0000	6.0000	0.2615	0.3732	0.0239	39.6050	1.2364
69.3668	47.7376	152.3074	1.0000	52.2182	66.7143	118.7143	1.0000	26.0000	0.0444	0.3329	0.3190	44.0156	1.0165
9.3388	57.3128	241.8144	1.0000	5.2569	59.2007	93.2337	1.0000	6.0000	0.8949	0.4080	0.0359	60.6382	1.3341
44.5312	49.7043	263.1432	1.0000	40.0003	50.8757	91.2272	1.0000	7.0000	0.2000	0.4912	0.0136	50.1467	1.4958
25.1749	64.7747	144.9903	1.0000	42.3447	95.3320	60.2095	1.0000	36.0000	0.1531	0.0467	0.3310	31.1106	1.0271
86.5894	28.5345	175.2380	1.0000	52.1269	44.5079	117.4221	1.0000	42.0000	0.0425	0.5549	0.3047	61.9344	1.1057
93.5348	69.9827	190.0791	1.0000	52.1171	85.1001	117.3782	1.0000	49.0000	0.0423	0.1490	0.3042	31.2418	1.1114
22.0021	68.3039	-81.4610	1.0000	47.7333	85.6204	75.7496	1.0000	46.0000	0.0453	0.1438	0.1583	20.3712	1.4831
20.0069	46.4650	-7.7750	1.0000	47.6294	76.5695	74.2236	1.0000	45.0000	0.0474	0.2343	0.1753	28.3461	1.1014
93.5011	40.2185	252.9900	1.0000	52.2167	47.9208	118.4396	1.0000	52.0000	0.0443	0.5208	0.3160	59.3799	1.2382
1.9963	6.0131	144.9877	1.0000	47.7652	70.7198	73.4980	1.0000	81.0000	0.0447	0.2928	0.1834	33.6844	1.0220
44.7700	85.5327	-37.1167	1.0000	47.6792	85.1695	7.8833	1.0000	3.0000	0.0464	0.1483	0.9124	83.4774	1.0232
16.1819	70.8295	53.5501	1.0000	36.4339	95.3217	60.0358	1.0000	32.0000	0.2713	0.0468	0.3329	33.2231	1.0069
82.5696	91.0980	-37.8960	1.0000	85.9030	93.5183	85.5754	1.0000	5.0000	0.7181	0.0648	0.0492	36.7507	1.2138
50.7241	54.6736	161.2230	1.0000	49.9806	55.3423	138.0360	1.0000	1.0000	0.0004	0.4466	0.5337	65.5879	1.0000
77.4274	17.8392	4.7952	1.0000	52.1800	45.8366	117.6832	1.0000	42.0000	0.0436	0.5416	0.3076	60.8670	1.1141
16.5792	8.7723	60.7375	1.0000	47.5524	53.6617	70.6089	1.0000	55.0000	0.0490	0.4634	0.2155	50.2916	1.0085
54.2320	67.2247	20.2265	1.0000	52.3133	77.0038	118.4104	1.0000	11.0000	0.0463	0.2300	0.3157	36.6241	1.1038
99.1741	91.1933	174.7749	1.0000	59.9929	95.6964	129.1162	1.0000	41.0000	0.1999	0.0430	0.4346	40.6012	1.0396
50.0353	41.5564	155.4607	1.0000	49.3867	42.3176	130.4333	1.0000	1.0000	0.0123	0.5768	0.4493	70.4450	1.0000
78.9608	16.3827	115.8717	1.0000	52.0830	39.5522	117.2400	1.0000	37.0000	0.0417	0.6045	0.3027	66.3347	1.0427
55.3535	54.1388	56.6701	1.0000	55.6937	56.0922	87.6196	1.0000	2.0000	0.1139	0.4391	0.0264	44.3393	1.0086
97.7409	11.0243	207.4911	1.0000	52.2647	24.7882	118.2108	1.0000	53.0000	0.0453	0.7521	0.3135	80.3604	1.1155
48.9736	50.4632	58.8991	1.0000	49.4044	51.3656	64.4803	1.0000	1.0000	0.0119	0.4863	0.2836	54.9264	1.0000
79.3001	64.0866	-44.3671	1.0000	52.4751	91.2213	118.3883	1.0000	47.0000	0.0495	0.0878	0.3154	29.8176	1.2318
88.7699	31.0863	69.4184	1.0000	52.1298	57.0167	117.4354	1.0000	49.0000	0.0426	0.4298	0.3048	51.0373	1.0916
20.6618	65.0717	231.9843	1.0000	37.5430	95.4083	60.1219	1.0000	41.0000	0.2491	0.0459	0.3320	32.6949	1.1810
54.8521	88.9307	34.6836	1.0000	55.6800	91.7409	88.7493	1.0000	3.0000	0.1136	0.0826	0.0139	10.1015	1.0240
29.0839	16.2281	190.3868	1.0000	47.7701	56.2072	73.3976	1.0000	47.0000	0.0446	0.4379	0.1845	46.8873	1.0650
12.6774	59.2400	212.4841	1.0000	9.5862	61.9655	88.9265	1.0000	5.0000	0.8083	0.3803	0.0119	55.5072	1.2133
89.6012	83.3102	-42.1882	1.0000	65.4373	95.0169	159.9524	1.0000	37.0000	0.3087	0.0498	0.7772	71.8087	1.3780
31.5503	76.0581	-88.8577	1.0000	47.7076	92.2396	75.5024	1.0000	30.0000	0.0458	0.0776	0.1611	16.6030	1.3119
12.6377	3.8638	67.6862	1.0000	47.5137	53.2459	70.4504	1.0000	61.0000	0.0497	0.4675	0.2172	50.7377	1.0090
44.3794	30.6589	-10.5307	1.0000	47.7934	32.3962	49.4693	1.0000	4.0000	0.0441	0.6760	0.4503	78.8536	1.0442
2.6952	98.0388	119.9990	1.0000	2.6031	99.0345	95.2850	1.0000	1.0000	0.9479	0.0097	0.0587	47.7004	1.0000
44.8572	26.6185	230.2508	1.0000	47.5720	50.2531	73.5961	1.0000	28.0000	0.0486	0.4975	0.1823	52.4379	1.1770
60.0719	67.0576	250.7136	1.0000	52.0412	67.8351	117.8167	1.0000	10.0000	0.0408	0.3216	0.3091	42.5737	1.2394
28.5321	99.2783	241.8547	1.0000	27.7471	98.6588	218.2763	1.0000	1.0000	0.4451	0.0134	1.4253	130.1991	1.0000
96.5319	6.1780	226.0583	1.0000	52.4979	17.6730	118.4235	1.0000	52.0000	0.0500	0.8233	0.3158	87.1313	1.1426
80.2206	80.2988	268.0791	1.0000	52.1665	85.2641	117.6126	1.0000	41.0000	0.0433	0.1474	0.3068	31.3735	1.4391
8.7102	18.2160	124.6637	1.0000	47.5436	73.9910	70.3841	1.0000	69.0000	0.0491	0.2601	0.2180	32.6693	1.0153
17.3074	48.4397	79.4047	1.0000	47.6077	93.8022	70.9082	1.0000	55.0000	0.0478	0.0620	0.2121	20.2147	1.0082
29.7645	37.7374	258.8394	1.0000	25.1211	39.0295	92.7852	1.0000	7.0000	0.4976	0.6097	0.0309	65.9099	1.4524
38.1222	2.6730	147.3048	1.0000	47.6547	35.8620	73.5824	1.0000	35.0000	0.0469	0.6414	0.1824	66.2474	1.0136
7.1285	78.8690	236.7107	1.0000	3.2209	81.1089	88.2076	1.0000	6.0000	0.9356	0.1889	0.0199	50.4814	1.3321
59.7002	9.2831	-56.1516	1.0000	52.3966	28.9738	118.3136	1.0000	27.0000	0.0479	0.7103	0.3146	76.4992	1.2856
96.1594	66.9059	206.0436	1.0000	52.4744	80.5359	118.3872	1.0000	51.0000	0.0495	0.1946	0.3154	34.5080	1.1145
60.5588	68.2883	19.6606	1.0000	52.2172	86.0095	118.4099	1.0000	21.0000	0.0443	0.1399	0.3157	31.7454	1.0722
89.2624	91.5583	212.9810	1.0000	58.9338	95.6663	128.7097	1.0000	33.0000	0.1787	0.0433	0.4301	39.9629	1.0782
67.0514	45.0838	-69.8398	1.0000	71.5097	47.0675	94.4552	1.0000	7.0000	0.4302	0.5293	0.0495	57.3094	1.4345
83.3953	39.5067	74.6895	1.0000	52.2223	65.1584	118.6578	1.0000	43.0000	0.0444	0.3484	0.3184	45.1680	1.0651
48.0193	21.2854	103.3622	1.0000	47.9835	22.2848	92.0519	1.0000	1.0000	0.0403	0.7772	0.0228	77.7685	1.0000
6.1124	53.8416	-33.4866	1.0000	47.7491	85.0438	75.5108	1.0000	60.0000	0.0450	0.1496	0.1610	20.9450	1.1532
8.5677	79.1335	-9.6837	1.0000	39.9369	95.8533	60.2104	1.0000	39.0000	0.2013	0.0415	0.3310	31.7157	1.0971
90.0730	44.1751	181.6840	1.0000	52.3426	59.2915	118.5797	1.0000	45.0000	0.0469	0.4071	0.3176	49.7943	1.1071
68.8078	1.2315	-54.4075	1.0000	72.9055	3.3664	86.6629	1.0000	6.0000	0.4581	0.9663	0.0371	99.3672	1.2986
62.3000	50.7458	255.5664	1.0000	52.2368	52.9450	117.3214	1.0000	13.0000	0.0447	0.4706	0.3036	54.4576	1.2620
16.5230	6.0353	28.6738	1.0000	47.5466	42.9721	70.7029	1.0000	50.0000	0.0491	0.5703	0.2144	60.2543	1.0366
6.1741	78.4133	215.5193	1.0000	2.9520	80.9803	91.8112	1.0000	5.0000	0.9410	0.1902	0.0201	50.7794	1.2137
77.9547	20.7926	218.0635	1.0000	52.4288	33.6379	118.3298	1.0000	33.0000	0.0486	0.6636	0.3148	72.1970	1.1548
83.1369	46.5128	-49.5151	1.0000	52.0555	74.0888	117.1454	1.0000	52.0000	0.0411	0.2591	0.3016	37.5831	1.2515
12.4141	70.7635	169.8765	1.0000	30.6513	95.4723	45.0000	1.0000	33.0000	0.3870	0.0453	0.5000	49.1922	1.0746
79.3585	59.0855	173.1485	1.0000	52.0593	75.7239	117.1582	1.0000	35.0000	0.0412	0.2428	0.3018	36.4847	1.0948
87.9952	47.5353	13.1356	1.0000	89.2845	50.0357	87.6992	1.0000	3.0000	0.7857	0.4996	0.0256	63.6003	1.0664
12.3113	53.1119	102.0674	1.0000	43.0143	95.6236	60.2685	1.0000	53.0000	0.1397	0.0438	0.3303	30.8531	1.0107
76.5049	61.2416	-86.4223	1.0000	52.0984	87.9074	117.2969	1.0000	48.0000	0.0420	0.1209	0.3033	29.9292	1.3278
67.1131	10.7585	54.2114	1.0000	67.4641	12.7067	87.9737	1.0000	2.0000	0.3493	0.8729	0.0225	89.0462	1.0103
3.6538	60.1548	161.0798	1.0000	2.6230	62.7747	86.5288	1.0000	3.0000	0.9475	0.3723	0.0386	60.3519	1.0656
87.7354	37.9971	168.2819	1.0000	52.2103	54.1129	117.8587	1.0000	43.0000	0.0442	0.4589	0.3095	53.7273	1.1023
98.3249	82.1280	152.6335	1.0000	53.9932	95.5959	123.5491	1.0000	50.0000	0.0799	0.0440	0.3728	34.0717	1.0792
6.1915	27.8570	246.3144	1.0000	47.7585	91.4571	73.0203	1.0000	84.0000	0.0448	0.0854	0.1887	19.1393	1.1056
55.2715	5.7870	238.4175	1.0000	51.6933	4.4201	178.3751	1.0000	4.0000	0.0339	0.9558	0.9819	130.1866	1.0443
8.7874	77.2500	-87.9679	1.0000	47.2808	95.0834	69.2917	1.0000	60.0000	0.0544	0.0492	0.2301	21.4569	1.4143
49.0005	48.8972	208.9174	1.0000	48.0269	48.6690	193.1924	1.0000	1.0000	0.0395	0.5133	1.1466	115.2711	1.0000
81.3150	95.1753	-80.5434	1.0000	85.8103	95.5731	66.4760	1.0000	6.0000	0.7162	0.0443	0.2614	43.0738	1.3295
17.1377	30.9275	72.9785	1.0000	47.5524	76.2182	70.4857	1.0000	55.0000	0.0490	0.2378	0.2168	30.8605	1.0081
67.2790	34.3542	213.8050	1.0000	52.2047	46.6285	117.8230	1.0000	21.0000	0.0441	0.5337	0.3091	60.2287	1.0803
49.6497	42.0422	176.8514	1.0000	48.7320	42.4395	156.5864	1.0000	1.0000	0.0254	0.5756	0.7398	88.0259	1.0000
33.0599	17.0818	227.1742	1.0000	29.2544	19.7416	86.5161	1.0000	6.0000	0.4149	0.8026	0.0387	82.9694	1.2923
36.5549	23.5585	-38.1150	1.0000	47.5394	36.5415	72.7381	1.0000	19.0000	0.0492	0.6346	0.1918	65.8104	1.1172
85.3126	95.4004	83.5048	1.0000	85.1260	96.3828	100.7520	1.0000	1.0000	0.7025	0.0362	0.1195	36.9124	1.0000
11.4577	13.2247	-38.6762	1.0000	47.6297	41.6782	73.8969	1.0000	54.0000	0.0474	0.5832	0.1789	60.5505	1.1734
20.2483	14.7444	37.1778	1.0000	47.7729	52.9868	73.1706	1.0000	48.0000	0.0445	0.4701	0.1870	49.9843	1.0187
41.2377	92.5033	-38.6620	1.0000	47.4241	95.5708	63.8108	1.0000	8.0000	0.0515	0.0443	0.2910	26.6857	1.1585
77.9300	38.5865	-77.7731	1.0000	82.3734	40.1641	93.1392	1.0000	7.0000	0.6475	0.5984	0.0349	68.1045	1.4846
44.4783	78.5329	98.2705	1.0000	47.7274	90.0709	74.5176	1.0000	12.0000	0.0455	0.0993	0.1720	18.5326	1.0011
41.7449	52.1870	4.7916	1.0000	47.5713	61.0716	72.1979	1.0000	11.0000	0.0486	0.3893	0.1978	42.8746	1.0353
46.3923	33.1332	50.3162	1.0000	47.7225	35.8193	66.6524	1.0000	3.0000	0.0456	0.6418	0.2594	68.3334	1.0009
8.5746	4.6035	167.9708	1.0000	7.2344	7.0776	93.5459	1.0000	3.0000	0.8553	0.9292	0.0394	102.3525	1.0662
81.7528	15.7537	242.3747	1.0000	52.2123	25.5929	117.8722	1.0000	39.0000	0.0442	0.7441	0.3097	79.4869	1.2526
43.9948	2.3235	25.7136	1.0000	47.6304	9.3209	73.9170	1.0000	8.0000	0.0474	0.9068	0.1787	92.1248	1.0145
19.2955	32.3605	42.2871	1.0000	47.6304	72.8364	71.3425	1.0000	50.0000	0.0474	0.2716	0.2073	33.0390	1.0120
64.6661	60.7321	91.3689	1.0000	52.4659	78.8750	118.3752	1.0000	22.0000	0.0493	0.2113	0.3153	35.4612	1.0062
71.6171	81.7599	-80.1174	1.0000	76.2457	82.9987	87.1522	1.0000	7.0000	0.5249	0.1700	0.0316	31.4005	1.4609
33.5934	53.8740	233.6117	1.0000	29.5262	56.1137	92.7192	1.0000	6.0000	0.4095	0.4389	0.0302	48.5034	1.2922
54.3839	4.8451	-27.3784	1.0000	52.4232	17.2281	118.5218	1.0000	16.0000	0.0485	0.8277	0.3169	87.5817	1.2762
22.1918	45.2178	60.5681	1.0000	47.7717	85.4159	73.6276	1.0000	48.0000	0.0446	0.1458	0.1819	22.0390	1.0074
61.6504	36.6162	21.0028	1.0000	52.1041	55.9604	117.3214	1.0000	23.0000	0.0421	0.4404	0.3036	51.8688	1.0662
86.9251	41.8345	227.8832	1.0000	52.2288	53.8359	118.5704	1.0000	43.0000	0.0446	0.4616	0.3174	54.3357	1.1712
18.5257	89.3837	136.5325	1.0000	18.1970	91.3093	87.3059	1.0000	2.0000	0.6361	0.0869	0.0299	33.0789	1.0238
43.0876	51.0015	12.5616	1.0000	47.5824	58.4955	73.5439	1.0000	9.0000	0.0484	0.4150	0.1828	44.7132	1.0299
20.7278	75.1632	16.5779	1.0000	41.6497	95.2332	61.0715	1.0000	31.0000	0.1670	0.0477	0.3214	30.4845	1.0693
47.1574	77.5848	192.3357	1.0000	47.5427	91.3907	76.6937	1.0000	16.0000	0.0491	0.0861	0.1478	16.0379	1.1585
84.1358	79.0669	19.0890	1.0000	85.1621	81.6900	93.4558	1.0000	3.0000	0.7032	0.1831	0.0384	39.7941	1.0651
77.0867	93.4577	-28.3373	1.0000	80.1074	95.3524	68.5963	1.0000	4.0000	0.6021	0.0465	0.2378	37.2314	1.1218
24.5094	15.2720	17.4012	1.0000	47.5536	45.7891	71.6868	1.0000	40.0000	0.0489	0.5421	0.2035	57.2729	1.0460
55.2313	92.0443	249.4800	1.0000	51.9820	90.0155	189.4800	1.0000	4.0000	0.0396	0.0998	1.1053	99.9994	1.0442
85.1870	18.1582	246.3726	1.0000	52.1637	27.4336	117.5986	1.0000	43.0000	0.0433	0.7257	0.3067	77.6675	1.2536
20.7319	74.6824	114.1831	1.0000	20.7377	75.6824	89.6684	1.0000	1.0000	0.5852	0.2432	0.0037	38.0491	1.0000
40.6768	55.8762	224.0060	1.0000	47.5406	90.2766	76.1762	1.0000	39.0000	0.0492	0.0972	0.1536	17.0790	1.1118
53.5129	41.4780	132.7896	1.0000	52.0698	44.1078	117.7353	1.0000	3.0000	0.0414	0.5589	0.3082	62.4297	1.0001
2.2839	18.0684	125.3138	1.0000	47.6883	81.2013	72.7735	1.0000	79.0000	0.0462	0.1880	0.1914	25.6025	1.0159
20.3328	48.7911	-25.8325	1.0000	47.5966	76.4128	73.1637	1.0000	44.0000	0.0481	0.2359	0.1871	29.0791	1.1337
47.6911	88.5568	-87.2386	1.0000	47.9962	87.6045	-72.2386	1.0000	1.0000	0.0401	0.1240	1.8027	162.7237	1.0000
52.9471	71.7462	197.6044	1.0000	51.9481	71.7007	182.6044	1.0000	1.0000	0.0390	0.2830	1.0289	96.8515	1.0000
40.8230	71.4915	-69.4151	1.0000	47.9414	72.1430	60.8416	1.0000	9.0000	0.0412	0.2786	0.3240	40.3789	1.2591
77.9700	54.6565	9.1386	1.0000	52.2600	82.4810	118.1598	1.0000	42.0000	0.0452	0.1752	0.3129	33.2415	1.1086
26.3942	77.6291	245.9495	1.0000	33.5207	95.1013	61.0971	1.0000	26.0000	0.3296	0.0490	0.3211	33.6295	1.3779
67.8423	47.2481	101.8040	1.0000	52.1535	69.1240	117.5475	1.0000	27.0000	0.0431	0.3088	0.3061	41.4346	1.0030
70.6731	64.3174	140.0732	1.0000	52.2328	84.9054	118.5170	1.0000	28.0000	0.0447	0.1509	0.3169	32.3427	1.0131
33.4152	9.6859	198.1440	1.0000	47.6281	44.7876	71.5164	1.0000	41.0000	0.0474	0.5521	0.2054	58.2724	1.0827
20.7702	94.6095	-69.4605	1.0000	37.9887	95.0368	61.8959	1.0000	24.0000	0.2402	0.0496	0.3123	30.9636	1.3934
23.0620	44.2905	246.0047	1.0000	47.5877	90.8632	71.4236	1.0000	60.0000	0.0482	0.0914	0.2064	20.8418	1.1399
76.7584	46.7369	196.0722	1.0000	52.2229	62.0117	117.9420	1.0000	32.0000	0.0445	0.3799	0.3105	47.2102	1.1072
81.0869	72.3946	178.7085	1.0000	52.3487	87.9878	118.5462	1.0000	36.0000	0.0470	0.1201	0.3172	31.0596	1.1010
56.1965	83.2104	99.7505	1.0000	52.3513	90.2104	118.8650	1.0000	8.0000	0.0470	0.0979	0.3207	30.5705	1.0017
54.2840	67.2448	182.6807	1.0000	52.4183	67.9068	152.2942	1.0000	2.0000	0.0484	0.3209	0.6922	70.1169	1.0103
82.1531	16.6555	176.1503	1.0000	52.3893	32.2817	118.3449	1.0000	37.0000	0.0478	0.6772	0.3149	73.4501	1.1007
65.1703	11.3187	-17.2345	1.0000	67.9179	14.7252	89.1159	1.0000	5.0000	0.3584	0.8527	0.0098	87.1415	1.1425
73.9965	72.1053	138.7746	1.0000	52.2197	91.1668	118.6937	1.0000	30.0000	0.0444	0.0883	0.3188	30.1045	1.0366
13.0073	50.8428	-80.2270	1.0000	47.5955	69.9253	72.0747	1.0000	55.0000	0.0481	0.3007	0.1992	35.0940	1.3923
27.8207	26.5414	-66.2047	1.0000	47.6625	45.5235	75.0109	1.0000	36.0000	0.0468	0.5448	0.1665	56.5494	1.3110
94.8291	53.2381	245.7734	1.0000	52.4486	61.8322	118.3519	1.0000	52.0000	0.0490	0.3817	0.3150	47.6089	1.2025
42.1307	5.3426	103.2334	1.0000	47.6453	23.5010	75.1790	1.0000	19.0000	0.0471	0.7650	0.1647	77.9571	1.0012
7.9576	40.4874	158.2877	1.0000	46.0918	95.6327	61.4919	1.0000	69.0000	0.0782	0.0437	0.3168	29.1043	1.0291
75.4633	37.2043	252.0278	1.0000	52.2767	45.0943	118.5821	1.0000	33.0000	0.0455	0.5491	0.3176	61.9415	1.3474
28.3730	26.8936	179.0268	1.0000	47.7302	67.2756	73.2737	1.0000	47.0000	0.0454	0.3272	0.1858	36.8213	1.0495
36.3531	76.0439	-35.4882	1.0000	47.5811	90.2202	74.1338	1.0000	20.0000	0.0484	0.0978	0.1763	18.7944	1.1059
48.6927	78.1054	-4.9065	1.0000	49.6772	78.2807	10.0935	1.0000	1.0000	0.0065	0.2172	0.8878	82.8062	1.0000
79.3969	7.3602	116.1209	1.0000	52.2277	30.1334	118.5854	1.0000	37.0000	0.0446	0.6987	0.3176	75.5211	1.0437
92.6998	2.9991	200.5789	1.0000	52.2215	17.5620	118.0688	1.0000	48.0000	0.0444	0.8244	0.3119	87.1138	1.1158
56.7983	33.8086	131.1458	1.0000	52.3153	40.4050	118.7215	1.0000	8.0000	0.0463	0.5960	0.3191	66.1956	1.0031
98.3858	13.9315	3.1321	1.0000	100.1256	16.1508	76.1632	0.0000	3.0000	1.0025	0.8385	0.1537	98.6647	1.0639
76.3429	30.5045	104.6128	1.0000	52.1196	55.8125	117.3890	1.0000	36.0000	0.0424	0.4419	0.3043	52.0306	1.0276
37.6635	71.0180	205.4441	1.0000	41.4453	95.0718	72.5792	1.0000	27.0000	0.1711	0.0493	0.1936	20.0238	1.1089
29.7833	58.8176	179.7103	1.0000	47.0463	95.8305	66.2970	1.0000	43.0000	0.0591	0.0417	0.2634	24.2475	1.0529
22.2773	71.6675	-12.4294	1.0000	45.8919	95.5086	61.5457	1.0000	37.0000	0.0822	0.0449	0.3162	29.0980	1.1026
56.9030	98.4064	114.6149	1.0000	56.4086	99.2757	119.6252	1.0000	1.0000	0.1282	0.0072	0.3292	30.3191	1.0000
87.0077	34.6203	-66.6352	1.0000	52.0868	61.3782	117.2535	1.0000	57.0000	0.0417	0.3862	0.3028	47.3154	1.2956
30.9363	33.5848	-39.7781	1.0000	47.6482	56.3702	74.9442	1.0000	31.0000	0.0470	0.4363	0.1673	46.2144	1.0971
77.7601	63.8643	-50.4970	1.0000	52.0673	91.8554	117.1851	1.0000	47.0000	0.0413	0.0814	0.3021	28.4542	1.2370
62.1721	88.0804	16.2923	1.0000	61.6147	95.1916	124.0982	1.0000	8.0000	0.2323	0.0481	0.3789	36.3415	1.1215
0.4799	45.9760	131.8447	1.0000	39.4739	95.3305	60.1175	1.0000	64.0000	0.2105	0.0467	0.3320	32.0245	1.0175
50.7994	30.3971	-89.9076	1.0000	51.0794	29.4371	-73.7394	1.0000	1.0000	0.0216	0.7056	1.8193	178.3000	1.0000
38.7961	9.3880	164.8904	1.0000	37.5921	11.9324	90.4435	1.0000	3.0000	0.2482	0.8807	0.0049	88.9385	1.0658
43.8171	67.0546	192.1930	1.0000	41.4973	69.7359	93.5805	1.0000	4.0000	0.1701	0.3026	0.0398	31.6391	1.1282
53.0376	24.6535	-60.7897	1.0000	52.4808	36.1828	118.5381	1.0000	18.0000	0.0496	0.6382	0.3171	69.9515	1.5594
35.7524	31.6524	225.7982	1.0000	47.7036	74.5628	73.5496	1.0000	49.0000	0.0459	0.2544	0.1828	30.3800	1.1000
76.5461	48.6563	123.1866	1.0000	52.4582	69.5449	118.3645	1.0000	33.0000	0.0492	0.3046	0.3152	41.6905	1.0350
79.4446	22.6961	167.3426	1.0000	52.1147	39.5390	117.3674	1.0000	35.0000	0.0423	0.6046	0.3041	66.4001	1.0902
53.8395	68.9665	202.7786	1.0000	51.8571	68.9607	172.5539	1.0000	2.0000	0.0371	0.3104	0.9173	88.2158	1.0089
85.0367	34.6278	74.4869	1.0000	52.0642	60.5107	117.1744	1.0000	45.0000	0.0413	0.3949	0.3019	47.9804	1.0735
61.0226	41.0288	-74.4049	1.0000	52.2802	62.6500	118.7009	1.0000	31.0000	0.0456	0.3735	0.3189	47.1589	1.3292
88.0457	91.4229	42.6072	1.0000	88.3937	93.3436	92.3147	1.0000	2.0000	0.7679	0.0666	0.0257	39.0352	1.0246
7.0542	13.9022	-29.3703	1.0000	47.7303	45.5190	75.4646	1.0000	59.0000	0.0454	0.5448	0.1615	56.4324	1.1452
76.0059	95.4552	-79.6088	1.0000	80.5306	95.8583	66.0800	1.0000	6.0000	0.6106	0.0414	0.2658	39.0056	1.3208
21.7213	8.3882	40.2420	1.0000	47.7626	46.7345	73.4316	1.0000	47.0000	0.0447	0.5327	0.1841	55.8277	1.0140
72.7586	40.9669	3.0085	1.0000	52.1920	70.5785	117.7483	1.0000	39.0000	0.0438	0.2942	0.3083	40.5018	1.0817
38.3977	44.6749	261.4866	1.0000	33.8585	45.9967	91.2525	1.0000	7.0000	0.3228	0.5400	0.0139	56.3779	1.4806
95.4115	27.4243	120.8326	1.0000	52.3985	48.1815	118.3064	1.0000	52.0000	0.0480	0.5182	0.3145	59.0946	1.0888
92.3023	61.9074	-23.8270	1.0000	52.0791	89.2354	117.2261	1.0000	59.0000	0.0416	0.1076	0.3025	29.3506	1.2133
40.1900	94.3803	55.6580	1.0000	40.6596	95.2632	61.9953	1.0000	1.0000	0.1868	0.0474	0.3112	29.8989	1.0000
55.6947	47.5098	72.9523	1.0000	55.7304	48.5092	87.9523	1.0000	1.0000	0.1146	0.5149	0.0228	51.8492	1.0000
43.3690	37.9816	-80.4884	1.0000	48.1528	35.4393	9.5116	1.0000	6.0000	0.0369	0.6456	0.8943	103.1982	1.1076
78.2311	15.2242	-7.3721	1.0000	80.3504	18.0778	90.2890	1.0000	4.0000	0.6070	0.8192	0.0032	87.3641	1.1254
1.2742	20.3870	236.3971	1.0000	-0.5733	19.7546	186.4153	0.0000	2.0000	1.0115	0.8025	1.0713	135.2512	1.0242
32.9267	90.1532	232.2992	1.0000	28.8979	92.4584	91.6355	1.0000	6.0000	0.4220	0.0754	0.0182	22.4689	1.2926
56.1883	61.9822	254.0386	1.0000	52.1107	59.7189	179.0083	1.0000	5.0000	0.0422	0.4028	0.9890	97.7215	1.0721
88.8345	60.4506	244.7475	1.0000	52.3793	69.5145	118.3905	1.0000	46.0000	0.0476	0.3049	0.3155	41.7259	1.2245
91.5549	64.8807	250.6963	1.0000	52.1116	73.3013	117.3537	1.0000	50.0000	0.0422	0.2670	0.3039	38.2819	1.2397
27.6954	43.5566	-84.0295	1.0000	47.5103	56.8838	70.0541	1.0000	36.0000	0.0498	0.4312	0.2216	47.5715	1.5076
76.5145	43.0614	130.9488	1.0000	52.2175	63.4814	118.3826	1.0000	33.0000	0.0443	0.3652	0.3154	46.3044	1.0398
17.3526	95.7610	-25.5746	1.0000	18.2889	95.4098	-20.5631	1.0000	1.0000	0.6342	0.0459	1.2285	115.1124	1.0000
77.7059	51.6398	115.9528	1.0000	52.3821	73.9741	118.3775	1.0000	35.0000	0.0476	0.2603	0.3153	38.5786	1.0366
50.4276	96.7274	52.6383	1.0000	50.8565	97.6308	64.6067	1.0000	1.0000	0.0171	0.0237	0.2821	25.5179	1.0000
27.1738	43.7131	121.3482	1.0000	47.6572	81.1185	71.5424	1.0000	43.0000	0.0469	0.1888	0.2051	26.5082	1.0083
34.0625	43.0718	214.7411	1.0000	47.5818	77.2492	70.8752	1.0000	41.0000	0.0484	0.2275	0.2125	29.8195	1.1155
64.4427	73.2649	121.2755	1.0000	52.1057	90.1985	117.3281	1.0000	21.0000	0.0421	0.0980	0.3036	29.1089	1.0023
9.8818	64.3427	10.3171	1.0000	46.7561	95.0426	64.5597	1.0000	52.0000	0.0649	0.0496	0.2827	26.1210	1.0838
11.8643	83.0942	172.6077	1.0000	17.1891	95.0259	45.2016	1.0000	15.0000	0.6562	0.0497	0.4978	55.7512	1.1480
68.7328	8.1585	226.6771	1.0000	52.1610	20.4280	117.5844	1.0000	23.0000	0.0432	0.7957	0.3065	84.2453	1.1154
15.2907	55.2019	179.1448	1.0000	41.4179	95.7217	60.0647	1.0000	51.0000	0.1716	0.0428	0.3326	31.4337	1.0578
25.8010	87.1089	175.8744	1.0000	27.3855	95.3621	48.7264	1.0000	10.0000	0.4523	0.0464	0.4586	47.2909	1.1899
8.8051	59.5579	254.4855	1.0000	33.9848	95.0782	59.5973	1.0000	52.0000	0.3203	0.0492	0.3378	34.7136	1.1943
83.4178	66.4096	162.6961	1.0000	52.0894	83.2697	117.2630	1.0000	39.0000	0.0418	0.1673	0.3029	32.0553	1.0962
58.2928	90.0547	15.7214	1.0000	58.8289	95.4562	113.7056	1.0000	6.0000	0.1766	0.0454	0.2634	25.7012	1.1054
69.7839	99.3035	141.0803	1.0000	68.9645	99.8767	145.0310	1.0000	1.0000	0.3793	0.0012	0.6115	58.2072	1.0000
96.9184	41.8812	-20.4708	1.0000	52.2486	68.7301	118.3070	1.0000	63.0000	0.0450	0.3127	0.3145	42.2392	1.2088
39.2568	0.6281	146.9733	1.0000	47.5165	30.0358	77.9290	1.0000	31.0000	0.0497	0.6996	0.1341	71.0413	1.0149
69.3515	86.6784	-45.8910	1.0000	69.2895	95.1743	138.3128	1.0000	13.0000	0.3858	0.0483	0.5368	52.2446	1.5301
23.0651	68.9173	-74.0422	1.0000	47.5735	86.8026	73.7646	1.0000	43.0000	0.0485	0.1320	0.1804	21.0630	1.4172
65.6031	34.4871	-38.5357	1.0000	52.4634	61.3290	118.3717	1.0000	35.0000	0.0493	0.3867	0.3152	48.0257	1.1711
14.2835	27.8041	95.7107	1.0000	47.5880	76.9879	70.8209	1.0000	60.0000	0.0482	0.2301	0.2131	30.0534	1.0101
18.0166	93.9105	196.6706	1.0000	15.6335	95.4145	123.0071	1.0000	3.0000	0.6873	0.0459	0.3667	47.8701	1.0646
58.8695	87.9053	-13.4627	1.0000	61.4094	91.5070	90.3507	1.0000	5.0000	0.2282	0.0849	0.0039	14.2277	1.1345
88.9020	37.8047	201.2058	1.0000	52.2831	52.2533	118.7955	1.0000	44.0000	0.0457	0.4775	0.3200	55.8045	1.1177
23.2523	88.6839	184.0370	1.0000	21.2774	91.6461	87.0510	1.0000	4.0000	0.5745	0.0835	0.0328	30.0578	1.1235
15.6810	78.5159	88.2238	1.0000	29.7209	95.1524	45.0000	1.0000	22.0000	0.4056	0.0485	0.5000	49.5958	1.0106
49.1260	74.1958	-74.4648	1.0000	49.6341	73.3344	-59.4648	1.0000	1.0000	0.0073	0.2667	1.6607	151.8253	1.0000
0.2476	23.1832	117.0426	1.0000	0.2115	24.1826	92.0689	1.0000	1.0000	0.9958	0.7582	0.0230	90.7273	1.0000
25.8926	96.2762	-89.6773	1.0000	25.9855	95.2805	-84.6680	1.0000	1.0000	0.4803	0.0472	1.9408	176.3743	1.0000
69.2742	27.0223	210.5206	1.0000	52.1735	41.2311	117.6489	1.0000	24.0000	0.0435	0.5877	0.3072	64.9844	1.0795
2.2112	23.4296	-83.9487	1.0000	47.6136	44.4881	72.3323	1.0000	67.0000	0.0477	0.5551	0.1963	58.3044	1.3387
82.6345	76.9927	-85.3495	1.0000	87.1901	78.0113	86.9384	1.0000	7.0000	0.7438	0.2199	0.0340	43.3126	1.4996
53.9343	37.4151	38.9821	1.0000	54.7713	40.2297	87.9526	1.0000	3.0000	0.0954	0.5977	0.0227	59.9953	1.0216
97.9360	36.0849	-37.3604	1.0000	100.6952	36.6748	36.5264	0.0000	3.0000	1.0139	0.6333	0.5942	97.1571	1.0633
10.1775	9.5001	59.4804	1.0000	47.5992	60.6937	70.8494	1.0000	64.0000	0.0480	0.3931	0.2128	43.7892	1.0093
20.1435	35.6788	15.5925	1.0000	47.6680	67.6533	73.6115	1.0000	45.0000	0.0466	0.3235	0.1821	36.3363	1.0666
56.0022	25.7530	220.2419	1.0000	52.1868	25.6001	158.5165	1.0000	4.0000	0.0437	0.7440	0.7613	101.1664	1.0475
78.1595	9.7906	31.0266	1.0000	52.4962	36.5444	118.4208	1.0000	40.0000	0.0499	0.6346	0.3158	69.5744	1.0790
53.4396	86.9606	261.6826	1.0000	52.4237	85.2577	231.6826	1.0000	2.0000	0.0485	0.1474	1.5743	142.4681	1.0086
6.2682	9.9093	114.8986	1.0000	6.2719	10.9093	89.7889	1.0000	1.0000	0.8746	0.8909	0.0023	99.2439	1.0000
56.6195	22.0222	170.8089	1.0000	52.2382	25.6864	117.2532	1.0000	6.0000	0.0448	0.7431	0.3028	79.1850	1.0505
14.7951	92.1782	147.6671	1.0000	14.6538	95.9248	68.4348	1.0000	4.0000	0.7069	0.0408	0.2396	41.6056	1.0669
49.7560	87.3477	163.3265	1.0000	49.0070	88.0103	138.4993	1.0000	1.0000	0.0199	0.1199	0.5389	49.9692	1.0000
37.2906	68.7208	-78.5961	1.0000	47.5802	75.5735	74.1255	1.0000	17.0000	0.0484	0.2443	0.1764	29.2320	1.3751
18.1609	32.9547	21.3556	1.0000	47.7047	67.5975	73.7959	1.0000	48.0000	0.0459	0.3240	0.1800	36.3011	1.0543
92.7701	8.9795	119.2983	1.0000	52.1622	30.5199	117.5911	1.0000	50.0000	0.0432	0.6948	0.3066	74.7892	1.0877
44.1901	60.5677	52.3965	1.0000	47.5276	67.8174	72.8013	1.0000	8.0000	0.0494	0.3218	0.1911	36.5736	1.0024
88.0993	21.0991	119.7360	1.0000	52.2768	42.5044	118.5853	1.0000	45.0000	0.0455	0.5750	0.3176	64.2499	1.0783
30.4731	17.2183	126.9650	1.0000	47.7657	51.7488	73.1595	1.0000	39.0000	0.0447	0.4825	0.1871	51.1544	1.0099
58.3910	98.5225	89.9662	1.0000	58.1327	99.4886	104.9662	1.0000	1.0000	0.1627	0.0051	0.1663	17.0409	1.0000
10.2200	60.2736	-17.5497	1.0000	47.5121	90.7236	71.4906	1.0000	54.0000	0.0498	0.0928	0.2057	20.8528	1.1216
86.3123	79.0852	41.8108	1.0000	86.6859	81.0013	91.5183	1.0000	2.0000	0.7337	0.1900	0.0169	41.3414	1.0245
63.4846	85.3880	53.5836	1.0000	63.8890	87.3292	85.7344	1.0000	2.0000	0.2778	0.1267	0.0474	19.2782	1.0086
33.0509	80.7276	197.9019	1.0000	36.5002	95.5488	60.2517	1.0000	18.0000	0.2700	0.0445	0.3305	32.9700	1.1829
73.2942	77.7181	120.8535	1.0000	55.9364	95.3624	128.4906	1.0000	25.0000	0.1187	0.0464	0.4277	39.2208	1.0101
24.3290	60.1696	97.8607	1.0000	46.1213	95.7962	61.4727	1.0000	42.0000	0.0776	0.0420	0.3170	29.0951	1.0057
0.5186	89.5483	82.3905	1.0000	4.3408	95.3349	47.2080	1.0000	7.0000	0.9132	0.0467	0.4755	62.7510	1.0094
34.7698	96.3729	3.6902	1.0000	35.7183	96.6898	18.4792	1.0000	1.0000	0.2856	0.0331	0.7947	73.0078	1.0000
34.7269	59.1288	229.8320	1.0000	30.8639	61.6866	88.1366	1.0000	6.0000	0.3827	0.3831	0.0207	42.8670	1.2950
63.2292	84.9253	202.6039	1.0000	52.1754	93.4938	117.6128	1.0000	15.0000	0.0435	0.0651	0.3068	28.4522	1.0725
95.8210	69.9424	-3.3533	1.0000	53.0411	95.6236	119.0451	1.0000	59.0000	0.0608	0.0438	0.3227	29.5299	1.1825
20.7927	89.7250	219.5473	1.0000	18.8982	95.6811	58.1858	1.0000	9.0000	0.6220	0.0432	0.3535	44.7004	1.4400
1.6686	52.4779	-34.0893	1.0000	47.5279	83.0011	71.5554	1.0000	63.0000	0.0494	0.1700	0.2049	25.2047	1.1436
87.3298	79.7027	111.9185	1.0000	57.3891	95.1387	128.5094	1.0000	36.0000	0.1478	0.0486	0.4279	39.5120	1.0687
80.4501	79.8164	151.6120	1.0000	53.6511	95.0381	118.6052	1.0000	33.0000	0.0730	0.0496	0.3178	29.2610	1.0707
8.1316	79.2850	33.2952	1.0000	32.1023	95.5215	50.2894	1.0000	29.0000	0.3580	0.0448	0.4412	43.7872	1.0017
43.7375	22.3515	109.4545	1.0000	47.6265	36.8165	77.3797	1.0000	15.0000	0.0475	0.6318	0.1402	64.4753	1.0014
1.5322	8.9258	-0.4944	1.0000	47.7353	44.1018	74.3130	1.0000	64.0000	0.0453	0.5590	0.1743	58.1018	1.1021
64.2292	37.7120	43.8065	1.0000	52.1735	58.6813	117.6489	1.0000	25.0000	0.0435	0.4132	0.3072	49.7637	1.0336
56.7730	49.6334	192.2432	1.0000	52.4361	51.6208	127.5848	1.0000	5.0000	0.0487	0.4838	0.4176	61.3115	1.0481
71.3476	50.6884	-88.4031	1.0000	52.4845	77.0454	118.4023	1.0000	43.0000	0.0497	0.2295	0.3156	36.6030	1.3267
57.6966	12.9578	77.4890	1.0000	57.6532	13.9568	92.4890	1.0000	1.0000	0.1531	0.8604	0.0277	86.4187	1.0000
74.2175	46.1876	114.5411	1.0000	52.3458	70.2843	118.5621	1.0000	33.0000	0.0469	0.2972	0.3174	41.2834	1.0141
22.5999	72.8400	214.1556	1.0000	19.3822	75.4341	91.9966	1.0000	5.0000	0.6124	0.2457	0.0222	39.3055	1.2097
24.9272	56.6663	8.5479	1.0000	47.5875	86.9356	73.5423	1.0000	40.0000	0.0482	0.1306	0.1829	21.1508	1.0579
41.4770	89.2290	-22.5902	1.0000	47.7798	95.5812	72.2816	1.0000	10.0000	0.0444	0.0442	0.1969	18.3956	1.1175
85.8042	74.9233	245.9781	1.0000	52.4096	83.7383	118.3135	1.0000	43.0000	0.0482	0.1626	0.3146	32.7399	1.2450
48.9139	2.2270	-83.3794	1.0000	49.2823	1.2974	-68.3794	1.0000	1.0000	0.0144	0.9870	1.7598	186.6193	1.0000
63.1706	61.0875	17.9844	1.0000	52.4233	81.8800	118.3247	1.0000	25.0000	0.0485	0.1812	0.3147	33.7120	1.0681
37.2584	67.6271	237.6389	1.0000	33.2243	69.7614	92.1867	1.0000	6.0000	0.3355	0.3024	0.0243	34.6494	1.3146
95.1310	20.3162	49.7663	1.0000	52.2021	46.1637	117.8071	1.0000	56.0000	0.0440	0.5384	0.3090	60.6336	1.1175
6.7812	16.8116	236.0655	1.0000	2.8968	19.0945	87.6084	1.0000	6.0000	0.9421	0.8091	0.0266	93.6490	1.3317
70.0929	27.3010	209.6998	1.0000	52.1903	41.6355	117.7387	1.0000	25.0000	0.0438	0.5836	0.3082	64.6579	1.0901
82.9862	97.6065	224.9708	1.0000	82.2197	96.9642	219.9645	1.0000	1.0000	0.6444	0.0304	1.4440	133.9332	1.0000
79.7732	33.6330	-42.6687	1.0000	52.2186	61.4770	118.2983	1.0000	48.0000	0.0444	0.3852	0.3144	47.8512	1.2253
54.0568	86.4884	-13.2985	1.0000	56.8188	89.9120	87.1524	1.0000	5.0000	0.1364	0.1009	0.0316	12.5049	1.1367
58.7719	0.4105	191.7267	1.0000	52.3659	4.3621	118.8615	1.0000	8.0000	0.0473	0.9564	0.3207	99.9259	1.0629
93.4268	93.4890	-67.9115	1.0000	97.5321	95.9130	99.2639	1.0000	7.0000	0.9506	0.0409	0.1029	48.5986	1.4683
74.9107	96.2934	103.3481	1.0000	74.5288	97.2176	112.4510	1.0000	1.0000	0.4906	0.0278	0.2495	33.3684	1.0000
84.3523	60.2269	225.5907	1.0000	52.3710	72.3675	118.4304	1.0000	40.0000	0.0474	0.2763	0.3159	39.7173	1.1693
29.1960	97.4686	131.0640	1.0000	28.8940	98.4220	107.5765	1.0000	1.0000	0.4221	0.0158	0.1953	27.5116	1.0000
72.4471	10.6597	-75.6335	1.0000	76.9470	12.2777	92.1621	1.0000	7.0000	0.5389	0.8772	0.0240	91.7934	1.4638
54.2674	69.4459	71.8970	1.0000	54.3431	70.4430	85.6575	1.0000	1.0000	0.0869	0.2956	0.0482	30.1883	1.0000
88.8101	47.9235	-5.3124	1.0000	90.8068	50.8539	93.0875	1.0000	4.0000	0.8161	0.4915	0.0343	63.9536	1.1280
29.7388	67.8726	139.9708	1.0000	29.2380	69.7657	93.0812	1.0000	2.0000	0.4152	0.3023	0.0342	36.8058	1.0214
3.0044	93.2490	-38.5228	1.0000	32.0322	95.2262	26.0340	1.0000	30.0000	0.3594	0.0477	0.7107	66.6129	1.0311
54.6341	38.2102	167.8728	1.0000	52.3153	39.9823	125.7082	1.0000	3.0000	0.0463	0.6002	0.3968	69.8753	1.0280
70.8010	33.2502	-2.5957	1.0000	72.7852	36.2358	91.9678	1.0000	4.0000	0.4557	0.6376	0.0219	67.7415	1.1158
43.6865	74.0187	78.2299	1.0000	47.7497	87.4045	74.2160	1.0000	14.0000	0.0450	0.1260	0.1754	20.3186	1.0008
65.6906	77.3177	-22.2359	1.0000	58.3367	95.0350	128.4905	1.0000	23.0000	0.1667	0.0497	0.4277	39.6947	1.1990
71.0376	94.0702	24.7914	1.0000	72.0131	95.7675	71.9173	1.0000	2.0000	0.4403	0.0423	0.2009	28.8006	1.0216
10.7616	23.9357	244.6678	1.0000	47.5783	82.6330	70.9635	1.0000	77.0000	0.0484	0.1737	0.2115	25.8817	1.1113
63.6869	63.3101	225.2909	1.0000	52.1999	70.0552	118.1383	1.0000	15.0000	0.0440	0.2994	0.3126	41.1496	1.1260
54.8577	3.8497	-32.7344	1.0000	58.1200	7.4679	94.4141	1.0000	6.0000	0.1624	0.9253	0.0490	92.9925	1.2316
59.8967	54.3899	95.5627	1.0000	52.4556	66.1606	118.3678	1.0000	14.0000	0.0491	0.3384	0.3152	44.2251	1.0053
12.1190	68.7532	7.7540	1.0000	44.6007	95.6341	61.6284	1.0000	46.0000	0.1080	0.0437	0.3152	29.2089	1.0910
44.0254	91.9544	61.8714	1.0000	45.8985	95.4887	62.6933	1.0000	4.0000	0.0820	0.0451	0.3034	27.9791	1.0000
88.3969	71.6681	104.4850	1.0000	52.2334	95.7411	118.5083	1.0000	47.0000	0.0447	0.0426	0.3168	28.9111	1.0819
46.1994	27.3964	38.5238	1.0000	47.6883	29.9885	64.9675	1.0000	3.0000	0.0462	0.7001	0.2781	74.3880	1.0036
54.4431	25.7104	249.7166	1.0000	52.1879	23.8369	204.7166	1.0000	3.0000	0.0438	0.7616	1.2746	137.7153	1.0232
23.3625	18.0854	151.2768	1.0000	47.7029	61.4465	72.7098	1.0000	51.0000	0.0459	0.3855	0.1921	42.3155	1.0256
58.1068	71.7011	178.7766	1.0000	52.1481	76.3802	116.6974	1.0000	8.0000	0.0430	0.2362	0.2966	35.7108	1.0559
37.3965	85.7766	255.8996	1.0000	32.9460	87.5115	87.1230	1.0000	7.0000	0.3411	0.1249	0.0320	21.3326	1.4654
78.8500	43.6849	201.1569	1.0000	52.2561	58.5228	118.2095	1.0000	34.0000	0.0451	0.4148	0.3134	50.2118	1.1165
39.5076	26.4082	46.6316	1.0000	47.5467	41.3612	70.6018	1.0000	17.0000	0.0491	0.5864	0.2155	61.8128	1.0014
23.8860	34.0369	160.8776	1.0000	22.8079	36.6462	88.1715	1.0000	3.0000	0.5438	0.6335	0.0203	68.9671	1.0626
97.8518	23.3196	-31.9674	1.0000	100.5467	24.1554	41.7755	0.0000	3.0000	1.0109	0.7584	0.5358	103.1163	1.0632
51.2883	51.8969	224.1199	1.0000	50.4147	51.4102	209.1199	1.0000	1.0000	0.0083	0.4859	1.3236	128.6495	1.0000
93.0583	74.2629	126.4218	1.0000	52.4976	94.0360	118.4231	1.0000	49.0000	0.0500	0.0596	0.3158	29.1492	1.0859
16.2650	41.4827	187.8112	1.0000	14.1489	44.3274	89.3064	1.0000	4.0000	0.7170	0.5567	0.0077	66.2210	1.1282
40.1220	51.4300	32.1829	1.0000	47.6962	65.4485	72.6223	1.0000	16.0000	0.0461	0.3455	0.1931	38.7440	1.0042
19.6104	62.8547	144.2790	1.0000	40.4799	95.6479	60.0103	1.0000	40.0000	0.1904	0.0435	0.3332	31.7640	1.0291
71.5444	35.5032	231.9199	1.0000	52.1648	47.2128	117.6038	1.0000	27.0000	0.0433	0.5279	0.3067	59.6083	1.1924
3.8871	37.9966	126.2395	1.0000	45.9649	95.1007	60.9780	1.0000	72.0000	0.0807	0.0490	0.3225	29.7080	1.0150
65.5143	47.8905	20.1431	1.0000	52.1895	71.8641	117.7344	1.0000	29.0000	0.0438	0.2814	0.3082	39.5679	1.0573
60.6934	21.2245	221.5860	1.0000	52.3927	24.5071	118.2577	1.0000	10.0000	0.0479	0.7549	0.3140	80.6436	1.1203
70.8465	19.7366	-8.9259	1.0000	73.1459	22.4858	85.7043	1.0000	4.0000	0.4629	0.7751	0.0477	81.0101	1.1160
93.3883	88.5947	14.9753	1.0000	94.5949	91.1362	89.6116	1.0000	3.0000	0.8919	0.0886	0.0043	45.4689	1.0663
24.2435	26.8046	-46.7544	1.0000	47.6898	48.9552	72.8803	1.0000	39.0000	0.0462	0.5104	0.1902	53.8887	1.2091
78.9725	12.8507	-78.4942	1.0000	83.4185	14.3850	92.8351	1.0000	7.0000	0.6684	0.8562	0.0315	91.9498	1.4883
29.0840	31.3195	70.0024	1.0000	47.6227	64.4445	71.1737	1.0000	38.0000	0.0475	0.3556	0.2092	40.3023	1.0011
53.9438	74.6292	-53.9348	1.0000	58.1281	77.6015	92.9562	1.0000	7.0000	0.1626	0.2240	0.0328	24.0104	1.3638
30.2132	38.8934	9.9992	1.0000	47.5091	66.2357	70.7003	1.0000	33.0000	0.0498	0.3376	0.2144	38.9707	1.0200
60.1379	49.7385	20.3692	1.0000	52.3217	66.6409	118.7141	1.0000	20.0000	0.0464	0.3336	0.3190	44.0763	1.0740
74.4014	37.8133	9.3241	1.0000	52.3584	66.1474	118.4945	1.0000	39.0000	0.0472	0.3385	0.3166	44.3114	1.0864
21.0234	60.4113	123.2996	1.0000	43.1579	95.3897	60.1474	1.0000	42.0000	0.1368	0.0461	0.3317	30.9717	1.0147
64.7948	39.3690	227.0992	1.0000	52.1194	47.5436	117.2707	1.0000	17.0000	0.0424	0.5246	0.3030	59.1596	1.1271
18.7513	87.4000	3.6631	1.0000	35.5575	95.4148	61.5037	1.0000	20.0000	0.2889	0.0459	0.3166	32.2746	1.0741
48.9214	1.6577	147.5535	1.0000	48.3830	2.5004	122.5739	1.0000	1.0000	0.0323	0.9750	0.3619	102.8097	1.0000
67.4643	94.5896	67.9362	1.0000	67.5628	95.5848	84.3464	1.0000	1.0000	0.3513	0.0442	0.0628	18.9712	1.0000
33.2431	54.8209	-63.9131	1.0000	47.6933	71.2646	75.6721	1.0000	26.0000	0.0461	0.2874	0.1592	32.1921	1.1877
16.8020	34.9009	31.8838	1.0000	47.7780	73.5329	73.0706	1.0000	51.0000	0.0444	0.2647	0.1881	31.4968	1.0299
80.4471	46.4441	-72.9805	1.0000	52.4540	72.5805	118.3589	1.0000	50.0000	0.0491	0.2742	0.3151	39.5231	1.3056
15.2611	50.6945	-82.5284	1.0000	47.5313	67.6670	70.2617	1.0000	52.0000	0.0494	0.3233	0.2193	37.9620	1.4262
5.2312	54.2572	35.9935	1.0000	44.1403	95.5737	60.2871	1.0000	58.0000	0.1172	0.0443	0.3301	30.6069	1.0220
46.2573	30.3914	34.2154	1.0000	47.8434	32.9168	63.7859	1.0000	3.0000	0.0431	0.6708	0.2913	72.0554	1.0060
91.1419	61.5514	174.5421	1.0000	52.3836	76.9077	118.3704	1.0000	46.0000	0.0477	0.2309	0.3152	36.6581	1.1034
68.9937	71.8976	125.7566	1.0000	52.2275	94.2717	118.5873	1.0000	28.0000	0.0446	0.0573	0.3176	29.2405	1.0015
66.3841	44.6831	198.9087	1.0000	52.2168	57.3342	118.7190	1.0000	20.0000	0.0443	0.4267	0.3191	51.4787	1.0530
75.3378	38.2165	196.0893	1.0000	52.4099	52.8693	118.3137	1.0000	30.0000	0.0482	0.4713	0.3146	55.0343	1.1025
33.6919	25.1704	-6.9606	1.0000	47.5648	47.4504	72.9117	1.0000	27.0000	0.0487	0.5255	0.1899	55.3118	1.0287
64.9986	45.6335	227.5914	1.0000	52.2201	53.7004	118.2683	1.0000	17.0000	0.0444	0.4630	0.3141	54.2925	1.1250
81.8961	79.3090	-51.8582	1.0000	60.1661	95.6780	129.1126	1.0000	37.0000	0.2033	0.0432	0.4346	40.6427	1.3600
64.8617	80.4502	55.5986	1.0000	65.2246	82.3995	86.9855	1.0000	2.0000	0.3045	0.1760	0.0335	23.4660	1.0087
63.2785	78.7585	263.6490	1.0000	52.0541	81.4232	117.3905	1.0000	15.0000	0.0411	0.1858	0.3043	33.1595	1.3002
47.9908	16.6224	-2.5603	1.0000	48.9674	16.8378	12.4397	1.0000	1.0000	0.0207	0.8316	0.8618	113.7217	1.0000
20.8602	2.1021	-2.9478	1.0000	47.5369	32.3253	73.2789	1.0000	44.0000	0.0493	0.6767	0.1858	69.7533	1.0915
27.6260	23.2940	-9.7441	1.0000	47.6898	51.3722	75.8053	1.0000	37.0000	0.0462	0.4863	0.1577	50.7098	1.0722
19.6513	26.6136	-6.2057	1.0000	47.6609	56.5361	73.5948	1.0000	45.0000	0.0468	0.4346	0.1823	46.5157	1.0979
34.6612	10.7311	118.0301	1.0000	34.5949	11.7289	93.8022	1.0000	1.0000	0.3081	0.8827	0.0422	89.6859	1.0000
15.4801	57.7546	2.7285	1.0000	47.7690	88.9628	73.4437	1.0000	49.0000	0.0446	0.1104	0.1840	20.0227	1.0912
50.6807	83.8335	70.9954	1.0000	50.8867	84.8121	78.1093	1.0000	1.0000	0.0177	0.1519	0.1321	19.3093	1.0000
83.9596	72.7648	-50.2101	1.0000	55.0350	95.1860	128.4911	1.0000	47.0000	0.1007	0.0481	0.4277	39.1164	1.2843
94.6956	83.5912	204.9726	1.0000	53.6935	95.1440	119.2799	1.0000	47.0000	0.0739	0.0486	0.3253	29.9088	1.1033
47.9384	35.5083	163.1042	1.0000	47.7184	42.9373	74.7182	1.0000	8.0000	0.0456	0.5706	0.1698	59.1176	1.0764
49.7579	52.0108	118.6012	1.0000	49.3786	52.9361	112.2886	1.0000	1.0000	0.0124	0.4706	0.2477	52.0786	1.0000
13.4658	32.3423	116.7379	1.0000	13.4354	33.3418	91.7416	1.0000	1.0000	0.7313	0.6666	0.0194	76.0481	1.0000
62.2313	28.1593	87.8472	1.0000	52.0567	44.0422	117.1498	1.0000	19.0000	0.0411	0.5596	0.3017	62.2304	1.0073
18.5725	67.3764	192.3555	1.0000	16.2416	70.0502	93.8626	1.0000	4.0000	0.6752	0.2995	0.0429	45.2939	1.1276
73.9305	71.3452	190.7243	1.0000	52.2255	86.5962	118.6146	1.0000	29.0000	0.0445	0.1340	0.3179	31.6766	1.0932
34.6609	50.9026	39.7518	1.0000	47.7269	76.7176	76.2017	1.0000	29.0000	0.0455	0.2328	0.1533	27.1593	1.0023
45.1408	0.8403	-36.6237	1.0000	48.0531	0.5021	8.3763	1.0000	3.0000	0.0389	0.9950	0.9069	128.7092	1.0232
57.1926	60.5703	199.0855	1.0000	52.2286	63.0369	116.5701	1.0000	6.0000	0.0446	0.3696	0.2952	45.5764	1.0824
8.3590	95.7475	36.5017	1.0000	9.1628	96.3423	36.5017	1.0000	1.0000	0.8167	0.0366	0.5944	67.4026	1.0000
96.1473	23.0813	120.1799	1.0000	52.2772	44.0633	118.5973	1.0000	53.0000	0.0455	0.5594	0.3177	62.8642	1.0899
0.4414	79.7140	74.6834	1.0000	14.1285	95.4346	45.0007	1.0000	21.0000	0.7174	0.0457	0.5000	57.7282	1.0075
35.8722	48.3726	96.4948	1.0000	47.7691	84.4324	74.1304	1.0000	38.0000	0.0446	0.1557	0.1763	22.3421	1.0007
97.4382	58.6164	-8.6962	1.0000	99.5939	61.4294	89.9601	1.0000	4.0000	0.9919	0.3857	0.0004	62.8272	1.1286
66.8390	49.6284	268.9970	1.0000	52.1059	56.1307	117.2711	1.0000	21.0000	0.0421	0.4387	0.3030	51.6978	1.3040
6.3228	54.0007	228.6637	1.0000	35.7364	95.1758	60.1694	1.0000	57.0000	0.2853	0.0482	0.3315	33.4154	1.1264
45.9058	35.5844	86.4194	1.0000	47.6633	42.3581	76.7820	1.0000	7.0000	0.0467	0.5764	0.1469	59.1842	1.0003
83.7236	89.5101	76.2302	1.0000	80.2778	95.4376	136.1468	1.0000	7.0000	0.6056	0.0456	0.5127	55.3813	1.0209
14.0709	12.6703	136.9796	1.0000	13.7341	14.5933	87.3947	1.0000	2.0000	0.7253	0.8541	0.0289	92.8240	1.0244
6.6383	3.7389	162.4766	1.0000	5.5452	6.3325	87.8729	1.0000	3.0000	0.8891	0.9367	0.0236	103.7032	1.0659
16.6029	97.8110	257.9368	1.0000	16.0117	97.0045	233.7531	1.0000	1.0000	0.6798	0.0300	1.5973	147.7468	1.0000
76.7181	27.4480	187.8674	1.0000	52.1942	43.0903	117.7606	1.0000	32.0000	0.0439	0.5691	0.3085	63.3575	1.1001
93.4565	24.6422	232.9471	1.0000	52.1976	35.8169	117.7798	1.0000	50.0000	0.0440	0.6418	0.3087	69.9716	1.1697
16.4045	29.1989	253.3665	1.0000	47.7434	82.4032	73.0798	1.0000	70.0000	0.0451	0.1760	0.1880	24.5159	1.1336
32.9904	52.0378	86.3784	1.0000	46.8350	95.8971	75.7248	1.0000	46.0000	0.0633	0.0410	0.1586	15.1865	1.0002
9.2242	27.6162	2.1147	1.0000	47.6456	61.0294	73.5908	1.0000	56.0000	0.0471	0.3897	0.1823	42.3499	1.0998
66.9803	5.3807	183.8262	1.0000	52.4277	19.4848	118.3285	1.0000	21.0000	0.0486	0.8052	0.3148	85.3879	1.0362
5.7770	74.8990	-31.8602	1.0000	42.9213	95.0846	60.2208	1.0000	48.0000	0.1416	0.0492	0.3309	31.0011	1.1354
40.4322	15.6166	231.9549	1.0000	47.5049	53.5411	74.6668	1.0000	43.0000	0.0499	0.4646	0.1704	48.9874	1.1146
0.2000	61.8647	141.9598	1.0000	-0.2552	62.7551	117.0758	0.0000	1.0000	1.0051	0.3724	0.3008	68.1605	1.0000
35.5623	44.1442	214.7948	1.0000	47.6531	83.5320	75.4373	1.0000	45.0000	0.0469	0.1647	0.1618	22.1083	1.0922
8.0634	25.9436	-27.5000	1.0000	47.7283	57.6186	75.6122	1.0000	58.0000	0.0454	0.4238	0.1599	44.8147	1.1426
25.5965	28.1765	183.6997	1.0000	23.6126	31.1437	87.5159	1.0000	4.0000	0.5277	0.6886	0.0276	73.7812	1.1207
70.2106	44.3570	60.3847	1.0000	52.0667	71.4344	117.1830	1.0000	33.0000	0.0413	0.2857	0.3020	39.4865	1.0124
74.9288	14.0543	-2.9876	1.0000	76.8717	17.0460	93.3386	1.0000	4.0000	0.5374	0.8295	0.0371	87.2617	1.1213
56.8782	52.5681	174.7753	1.0000	52.2545	55.9320	117.5955	1.0000	6.0000	0.0451	0.4407	0.3066	52.0440	1.0493
17.5957	72.6253	173.1562	1.0000	32.7574	95.7110	60.3026	1.0000	30.0000	0.3449	0.0429	0.3300	34.6069	1.0862
41.4909	27.8588	-27.9196	1.0000	47.6988	32.8194	68.3118	1.0000	9.0000	0.0460	0.6718	0.2410	70.6322	1.1326
49.1363	31.9961	127.5698	1.0000	48.7575	32.9216	112.2566	1.0000	1.0000	0.0248	0.6708	0.2473	70.6853	1.0000
79.5731	67.4206	250.4753	1.0000	52.4846	75.3366	118.4024	1.0000	37.0000	0.0497	0.2466	0.3156	37.6982	1.3111
50.1826	69.7322	176.8202	1.0000	49.2637	70.1268	156.7605	1.0000	1.0000	0.0147	0.2987	0.7418	73.1431	1.0000
4.2051	52.2165	211.5420	1.0000	1.1552	54.9896	88.0671	1.0000	5.0000	0.9769	0.4501	0.0215	66.4492	1.2130
88.1775	38.7259	161.0891	1.0000	52.4338	54.7912	118.3349	1.0000	43.0000	0.0487	0.4521	0.3148	53.4100	1.0973
11.0713	97.0805	252.3664	1.0000	10.4012	96.3382	227.9220	1.0000	1.0000	0.7920	0.0366	1.5325	143.5408	1.0000
57.5733	50.9345	85.4027	1.0000	52.2992	60.4881	118.4017	1.0000	11.0000	0.0460	0.3951	0.3156	48.7148	1.0080
23.4274	58.2121	-6.3907	1.0000	47.6855	86.0129	72.1085	1.0000	40.0000	0.0463	0.1399	0.1988	22.8277	1.0841
70.7485	50.5779	3.6693	1.0000	52.0629	80.7912	117.1702	1.0000	38.0000	0.0413	0.1921	0.3019	33.3384	1.0697
92.0705	27.5124	193.5485	1.0000	52.3610	42.1042	118.4809	1.0000	47.0000	0.0472	0.5790	0.3165	64.5651	1.1110
70.9301	11.7893	-16.2016	1.0000	52.3829	41.5695	118.3741	1.0000	39.0000	0.0477	0.5843	0.3153	64.9991	1.1116
58.9350	19.3213	-45.3697	1.0000	62.7510	22.2714	85.6799	1.0000	6.0000	0.2550	0.7773	0.0480	78.8859	1.2439
86.0786	79.8421	55.4158	1.0000	60.2625	95.0759	129.3526	1.0000	33.0000	0.2053	0.0492	0.4373	40.9657	1.1009
89.7567	15.8291	239.1787	1.0000	52.0985	26.3444	117.2972	1.0000	47.0000	0.0420	0.7366	0.3033	78.5791	1.2021
3.0882	12.4641	-71.0931	1.0000	47.6424	36.8444	73.7188	1.0000	65.0000	0.0472	0.6316	0.1809	65.2630	1.2798
28.6399	25.0912	262.0579	1.0000	47.5555	65.3295	70.4995	1.0000	53.0000	0.0489	0.3467	0.2167	39.8533	1.1920
50.7997	78.1400	146.4974	1.0000	50.2511	78.9761	123.2713	1.0000	1.0000	0.0050	0.2102	0.3697	39.3579	1.0000
50.9335	60.9290	119.5191	1.0000	50.4923	61.8264	116.1792	1.0000	1.0000	0.0098	0.3817	0.2909	46.2906	1.0000
8.0750	13.0170	57.6153	1.0000	47.5642	66.3535	70.7530	1.0000	67.0000	0.0487	0.3365	0.2139	38.8390	1.0096
12.3296	97.4059	109.5429	1.0000	12.4269	98.4012	84.4173	1.0000	1.0000	0.7515	0.0160	0.0620	38.0192	1.0000
89.7887	5.5377	35.9789	1.0000	90.3459	7.4096	85.8601	1.0000	2.0000	0.8069	0.9259	0.0460	101.0837	1.0240
0.7350	73.5658	95.9553	1.0000	19.6849	95.1437	45.0000	1.0000	29.0000	0.6063	0.0486	0.5000	54.4756	1.0098
68.6994	54.9519	97.6076	1.0000	52.4809	77.6482	118.3969	1.0000	28.0000	0.0496	0.2235	0.3155	36.2235	1.0037
0.9738	81.6019	147.8874	1.0000	9.2905	95.1325	45.0360	1.0000	17.0000	0.8142	0.0487	0.4996	60.8499	1.0704
93.7212	37.2129	-66.3151	1.0000	52.3791	63.0722	118.3917	1.0000	63.0000	0.0476	0.3693	0.3155	46.6413	1.2920
89.1979	57.6285	-49.9129	1.0000	52.0465	84.7476	117.1160	1.0000	58.0000	0.0409	0.1525	0.3013	31.1786	1.2610
0.7225	88.1567	251.2884	1.0000	-0.8918	87.0595	201.6080	0.0000	2.0000	1.0178	0.1294	1.2401	123.3442	1.0247
90.9329	41.1965	157.5879	1.0000	52.3000	57.5450	118.8713	1.0000	46.0000	0.0460	0.4245	0.3208	51.3933	1.0965
21.2828	57.0622	237.3364	1.0000	17.3073	59.1995	90.0532	1.0000	6.0000	0.6539	0.4080	0.0006	52.2828	1.3293
93.1553	76.2967	136.3384	1.0000	52.2261	95.0014	118.6070	1.0000	49.0000	0.0445	0.0500	0.3179	29.1256	1.0889
37.2723	96.3257	269.7467	1.0000	36.8685	95.4108	246.1837	1.0000	1.0000	0.2626	0.0459	1.7354	156.8019	1.0000
10.0672	54.1072	268.6436	1.0000	38.3409	95.7416	60.2415	1.0000	60.0000	0.2332	0.0426	0.3306	32.2434	1.1922
98.4919	26.1891	-9.9200	1.0000	100.2402	27.0611	38.8618	0.0000	2.0000	1.0048	0.7294	0.5682	102.2706	1.0237
93.6679	50.1652	-87.1536	1.0000	52.4899	75.0614	118.4107	1.0000	64.0000	0.0498	0.2494	0.3157	37.8854	1.3300
81.5032	7.7965	118.3578	1.0000	52.1889	30.3768	117.7315	1.0000	39.0000	0.0438	0.6962	0.3081	74.9748	1.0540
41.0187	15.9692	243.6177	1.0000	47.7641	50.9614	74.0927	1.0000	41.0000	0.0447	0.4904	0.1767	51.6026	1.1505
17.8553	51.2688	-14.0262	1.0000	47.5327	81.2264	73.1785	1.0000	47.0000	0.0493	0.1877	0.1869	25.3278	1.1146
92.3885	33.7435	128.2640	1.0000	52.1186	53.9413	117.3849	1.0000	49.0000	0.0424	0.4606	0.3043	53.6267	1.0877
57.6123	29.7483	130.1888	1.0000	52.4961	37.1173	118.4166	1.0000	9.0000	0.0499	0.6288	0.3157	69.0504	1.0032
4.8319	46.3596	130.9652	1.0000	42.0433	95.8504	60.0117	1.0000	63.0000	0.1591	0.0415	0.3332	31.3022	1.0174
58.2561	32.9011	183.7748	1.0000	52.1650	37.3598	117.2046	1.0000	8.0000	0.0433	0.6264	0.3023	68.3269	1.0598
71.2497	52.8955	260.5762	1.0000	52.4431	59.6884	118.3434	1.0000	28.0000	0.0489	0.4031	0.3149	49.3390	1.4003
27.9377	36.1356	193.0543	1.0000	47.5865	76.5040	70.6346	1.0000	48.0000	0.0483	0.2350	0.2152	30.5435	1.0691
25.2085	64.4127	143.4602	1.0000	42.3612	95.0378	60.4530	1.0000	36.0000	0.1528	0.0496	0.3283	30.9192	1.0256
59.6185	5.9459	-48.8917	1.0000	52.1858	26.1357	117.7146	1.0000	27.0000	0.0437	0.7386	0.3079	78.9228	1.2550
45.6626	12.4565	73.3406	1.0000	47.6850	20.1944	76.9367	1.0000	8.0000	0.0463	0.7981	0.1451	80.9008	1.0003
49.2519	67.3993	225.9944	1.0000	48.3901	66.8922	210.4758	1.0000	1.0000	0.0322	0.3311	1.3386	124.9525	1.0000
93.1620	81.8793	-7.5231	1.0000	95.2626	84.7342	91.0764	1.0000	4.0000	0.9053	0.1527	0.0120	47.7798	1.1285
16.0486	84.8583	111.2260	1.0000	16.1133	85.8562	86.2922	1.0000	1.0000	0.6777	0.1414	0.0412	36.9067	1.0000
13.9642	94.2663	84.7475	1.0000	14.2863	95.2130	71.2119	1.0000	1.0000	0.7143	0.0479	0.2088	40.6372	1.0000
96.9992	92.2954	188.0664	1.0000	60.5147	95.6276	130.0462	1.0000	38.0000	0.2103	0.0437	0.4450	41.6338	1.0372
50.8491	23.1763	54.6511	1.0000	51.2549	24.0902	66.0592	1.0000	1.0000	0.0251	0.7591	0.2660	79.6055	1.0000
25.1435	80.9902	143.0208	1.0000	32.9432	95.0878	61.5350	1.0000	17.0000	0.3411	0.0491	0.3163	33.5458	1.0552
66.9023	52.1335	236.8848	1.0000	52.2133	61.5035	118.4415	1.0000	20.0000	0.0443	0.3850	0.3160	47.9145	1.1479
36.5773	64.5188	195.8884	1.0000	43.9013	95.3594	70.4942	1.0000	34.0000	0.1220	0.0464	0.2167	20.9572	1.0726
28.3890	51.0008	267.2801	1.0000	47.5959	91.7125	71.1117	1.0000	54.0000	0.0481	0.0829	0.2099	20.7660	1.1996
45.7147	53.9138	157.2124	1.0000	47.6885	67.1926	73.5633	1.0000	14.0000	0.0462	0.3281	0.1826	36.7673	1.0429
85.2458	31.5163	17.5446	1.0000	86.3396	34.1104	92.0520	1.0000	3.0000	0.7268	0.6589	0.0228	75.2743	1.0656
31.6764	34.8255	34.7213	1.0000	47.6062	63.6425	72.0394	1.0000	33.0000	0.0479	0.3636	0.1996	40.6224	1.0022
69.4886	58.9788	116.6646	1.0000	52.2851	82.2716	118.8637	1.0000	29.0000	0.0457	0.1773	0.3207	33.9505	1.0015
57.9672	58.1761	260.5640	1.0000	52.2871	56.0624	154.0734	1.0000	7.0000	0.0457	0.4394	0.7119	77.7248	1.1550
99.4953	0.2012	163.4111	1.0000	70.5434	-0.0192	182.1414	0.0000	29.0000	0.4109	1.0002	1.0238	137.5351	1.0016
38.5778	72.9881	216.5651	1.0000	35.2899	75.4943	93.7283	1.0000	5.0000	0.2942	0.2451	0.0414	28.8239	1.2094
71.5505	62.1475	137.6601	1.0000	52.1369	83.0238	117.4685	1.0000	29.0000	0.0427	0.1698	0.3052	32.3617	1.0173
99.7110	89.9147	83.3184	1.0000	96.9163	95.1175	131.7503	1.0000	6.0000	0.9383	0.0488	0.4639	62.9926	1.0159
48.5821	44.8798	215.1662	1.0000	47.6373	44.5521	199.1253	1.0000	1.0000	0.0473	0.5545	1.2125	122.4270	1.0000
31.3479	66.3447	253.8094	1.0000	26.7813	67.9854	89.1695	1.0000	7.0000	0.4644	0.3201	0.0092	39.5567	1.4426
9.0227	95.3910	109.7114	1.0000	9.1172	96.3865	84.5781	1.0000	1.0000	0.8177	0.0361	0.0602	41.3988	1.0000
14.7075	25.2252	186.7257	1.0000	12.6433	28.1078	88.2444	1.0000	4.0000	0.7471	0.7189	0.0195	81.0376	1.1282
68.9620	32.9118	227.1171	1.0000	52.2750	44.9636	118.5310	1.0000	23.0000	0.0455	0.5504	0.3170	62.0339	1.1174
54.6551	69.3135	6.9970	1.0000	56.5042	72.5619	86.0371	1.0000	4.0000	0.1301	0.2744	0.0440	28.4755	1.0701
4.1290	50.8993	170.7559	1.0000	37.4012	95.2698	60.0035	1.0000	58.0000	0.2520	0.0473	0.3333	32.8770	1.0458
24.8412	11.6388	33.3743	1.0000	47.6040	44.8576	71.0579	1.0000	41.0000	0.0479	0.5514	0.2105	58.3544	1.0181
22.6728	35.0423	153.7834	1.0000	47.6765	79.0536	72.3730	1.0000	52.0000	0.0465	0.2095	0.1959	27.4747	1.0273
10.5861	51.3027	49.0934	1.0000	44.4393	95.3186	60.2718	1.0000	56.0000	0.1112	0.0468	0.3303	30.6040	1.0085
96.3503	84.9346	154.6578	1.0000	56.4082	95.1184	128.4963	1.0000	44.0000	0.1282	0.0488	0.4277	39.3301	1.0674
43.1640	55.8097	20.0234	1.0000	47.5592	63.4874	72.1477	1.0000	9.0000	0.0488	0.3651	0.1984	40.7165	1.0173
49.2400	87.8128	28.5385	1.0000	49.9649	88.5016	43.5385	1.0000	1.0000	0.0007	0.1150	0.5162	47.8632	1.0000
89.2048	48.8742	258.5934	1.0000	52.4560	55.2443	118.3615	1.0000	48.0000	0.0491	0.4476	0.3151	53.0423	1.2870
33.4377	27.1211	42.1633	1.0000	47.6135	54.6361	74.2935	1.0000	31.0000	0.0477	0.4536	0.1745	48.0653	1.0015
67.0860	56.6611	173.4018	1.0000	52.2167	72.0622	118.5361	1.0000	22.0000	0.0443	0.2794	0.3171	39.9968	1.0277
47.6400	4.9677	74.2400	1.0000	47.8541	5.9445	77.6345	1.0000	1.0000	0.0429	0.9406	0.1374	94.8891	1.0000
54.7998	40.0717	90.1574	1.0000	52.3517	46.6211	111.2342	1.0000	7.0000	0.0470	0.5338	0.2359	57.4955	1.0011
59.4203	21.6312	70.9048	1.0000	59.4917	22.6287	85.9048	1.0000	1.0000	0.1898	0.7737	0.0455	78.0588	1.0000
7.5451	17.5462	-30.6505	1.0000	47.7073	47.1377	72.9065	1.0000	57.0000	0.0459	0.5286	0.1899	55.6046	1.1426
19.7228	20.4268	-47.1133	1.0000	47.6876	43.5225	72.0986	1.0000	44.0000	0.0462	0.5648	0.1989	59.2918	1.2132
12.8590	21.2036	187.3213	1.0000	10.7674	24.0655	88.7640	1.0000	4.0000	0.7847	0.7593	0.0137	85.4797	1.1284
11.9935	17.8909	225.6164	1.0000	47.7792	75.5390	73.0465	1.0000	74.0000	0.0444	0.2446	0.1884	29.8445	1.0906
6.3882	32.0906	-13.8127	1.0000	47.5761	63.8542	71.9924	1.0000	58.0000	0.0485	0.3615	0.2001	40.4558	1.1151
55.4012	20.9567	-58.4546	1.0000	59.5064	24.0024	94.1954	1.0000	7.0000	0.1901	0.7600	0.0466	76.7047	1.3694
84.2583	65.6187	-42.6965	1.0000	52.3202	92.6465	118.7226	1.0000	52.0000	0.0464	0.0735	0.3191	29.7396	1.2428
98.1501	19.5279	165.1174	1.0000	52.4037	35.0106	118.3097	1.0000	53.0000	0.0481	0.6499	0.3146	70.9284	1.0974
0.8113	72.4207	154.3526	1.0000	-0.0877	74.1593	105.4746	0.0000	2.0000	1.0018	0.2584	0.1719	58.4464	1.0218
25.9181	43.1320	9.6095	1.0000	47.5944	73.2357	73.5948	1.0000	39.0000	0.0481	0.2676	0.1823	31.4841	1.0513
10.2908	41.0995	208.3541	1.0000	45.8765	95.6838	60.8099	1.0000	70.0000	0.0825	0.0432	0.3243	29.7942	1.0743
52.1080	6.1477	233.5518	1.0000	51.3259	5.5245	218.5518	1.0000	1.0000	0.0265	0.9448	1.4284	159.5398	1.0000
73.1325	41.6878	-36.4506	1.0000	52.4701	69.4020	118.3810	1.0000	41.0000	0.0494	0.3060	0.3153	41.8070	1.1860
88.3476	60.6941	18.3808	1.0000	89.4025	63.3040	92.9508	1.0000	3.0000	0.7881	0.3670	0.0328	53.9246	1.0657
52.0635	57.0209	123.2275	1.0000	51.6111	57.9127	116.8973	1.0000	1.0000	0.0322	0.4209	0.2989	49.9740	1.0000
21.4184	65.5382	-38.7041	1.0000	47.7216	89.7109	72.6700	1.0000	42.0000	0.0456	0.1029	0.1926	20.2827	1.1757
61.0335	76.5299	8.2162	1.0000	62.7300	79.8700	88.2638	1.0000	4.0000	0.2546	0.2013	0.0193	23.8806	1.0677
28.4747	97.2115	83.0396	1.0000	28.8028	98.1561	70.8455	1.0000	1.0000	0.4239	0.0184	0.2128	28.6290	1.0000
21.5743	52.8441	72.6164	1.0000	47.5687	93.9984	70.8674	1.0000	49.0000	0.0486	0.0600	0.2126	20.1987	1.0066
62.7031	12.0937	-26.7188	1.0000	52.4184	34.8054	118.3201	1.0000	29.0000	0.0484	0.6519	0.3147	71.1211	1.1632
79.7198	39.0792	-24.0775	1.0000	52.3609	66.6726	118.4814	1.0000	46.0000	0.0472	0.3333	0.3165	43.9031	1.1838
19.0732	82.0040	229.2598	1.0000	24.1793	95.4625	45.0384	1.0000	20.0000	0.5164	0.0454	0.4996	52.0466	1.3894
7.2303	35.7183	-36.0515	1.0000	47.7296	66.3723	75.5583	1.0000	59.0000	0.0454	0.3363	0.1605	36.6680	1.1616
48.1413	96.3903	47.3425	1.0000	48.6369	97.2589	60.2878	1.0000	1.0000	0.0273	0.0274	0.3301	29.8695	1.0000
66.7059	7.1766	111.6257	1.0000	52.1423	27.4156	117.4937	1.0000	25.0000	0.0428	0.7258	0.3055	77.6465	1.0026
57.8804	72.8056	-35.5975	1.0000	61.2291	76.3412	93.0465	1.0000	6.0000	0.2246	0.2366	0.0339	26.3650	1.2321
51.7469	29.7289	88.2587	1.0000	51.6675	30.7257	94.5563	1.0000	1.0000	0.0333	0.6927	0.0506	69.4440	1.0000
28.9941	76.1954	-24.3846	1.0000	45.6170	95.6277	60.8933	1.0000	28.0000	0.0877	0.0437	0.3234	29.7578	1.0949
43.2616	16.0866	-1.8161	1.0000	47.6051	21.0537	68.6628	1.0000	7.0000	0.0479	0.7895	0.2371	81.8140	1.0609
98.0526	26.7820	70.6969	1.0000	52.1524	51.9464	117.5423	1.0000	58.0000	0.0430	0.4805	0.3060	55.4288	1.1080
41.2794	51.4884	-80.4272	1.0000	47.7461	50.0041	39.5728	1.0000	8.0000	0.0451	0.5000	0.5603	71.0462	1.2057
34.4003	90.4843	100.7067	1.0000	35.8611	95.2531	70.9337	1.0000	5.0000	0.2828	0.0475	0.2118	24.2067	1.0025
21.7320	83.3857	-1.6359	1.0000	38.5586	95.5702	61.4619	1.0000	23.0000	0.2288	0.0443	0.3171	31.0637	1.1071
52.3846	41.4418	0.7713	1.0000	55.0125	45.1510	87.6372	1.0000	5.0000	0.1002	0.5485	0.0263	55.1283	1.0999
63.2211	61.3571	203.8118	1.0000	52.1488	69.8399	117.4321	1.0000	15.0000	0.0430	0.3016	0.3048	40.8261	1.0754
72.3756	58.7049	196.5574	1.0000	52.4101	73.4367	118.3138	1.0000	27.0000	0.0482	0.2656	0.3146	38.8985	1.0882
95.4222	36.1374	163.5942	1.0000	52.0807	52.4591	117.2315	1.0000	51.0000	0.0416	0.4754	0.3026	54.8272	1.1012
31.4849	59.6858	-81.2703	1.0000	47.5351	74.8113	70.5156	1.0000	28.0000	0.0493	0.2519	0.2165	31.9404	1.2696
79.0286	47.0654	7.6346	1.0000	52.2987	74.7944	118.8807	1.0000	43.0000	0.0460	0.2521	0.3209	38.4018	1.1165
31.7198	77.4817	171.1002	1.0000	38.3447	95.7225	60.2259	1.0000	21.0000	0.2331	0.0428	0.3308	32.2590	1.0821
52.2919	41.4447	28.8504	1.0000	53.7239	45.0223	87.9156	1.0000	4.0000	0.0745	0.5498	0.0232	55.1431	1.0380
28.5082	22.7160	186.6651	1.0000	26.3310	25.5597	91.7089	1.0000	4.0000	0.4734	0.7444	0.0190	78.1313	1.1169
91.7629	61.8307	259.5197	1.0000	52.2871	68.1679	118.9332	1.0000	51.0000	0.0457	0.3183	0.3215	43.0772	1.2756
92.3498	33.3247	-13.1459	1.0000	52.2174	60.5729	118.3836	1.0000	58.0000	0.0443	0.3943	0.3154	48.6317	1.1957
28.0839	21.7299	28.5822	1.0000	47.5812	52.5054	71.3303	1.0000	37.0000	0.0484	0.4749	0.2074	51.0896	1.0156
57.4950	38.5886	201.7885	1.0000	52.3747	40.8051	121.1221	1.0000	6.0000	0.0475	0.5919	0.3458	66.9198	1.0754
58.5262	28.1451	138.6360	1.0000	52.2017	37.0858	117.8035	1.0000	11.0000	0.0440	0.6291	0.3089	68.8192	1.0044
32.0225	21.7398	265.8131	1.0000	47.7804	59.9260	73.6658	1.0000	50.0000	0.0444	0.4007	0.1815	43.3320	1.2104
70.3293	81.5525	168.7709	1.0000	54.0676	95.2055	124.2874	1.0000	22.0000	0.0814	0.0479	0.3810	34.8591	1.0361
52.0278	14.7575	187.4639	1.0000	51.0370	14.8928	172.2244	1.0000	1.0000	0.0207	0.8511	0.9136	118.3434	1.0000
79.7100	20.3219	150.9542	1.0000	52.2705	37.9618	118.3844	1.0000	35.0000	0.0454	0.6204	0.3154	68.2610	1.0729
80.7432	99.3844	234.0303	1.0000	80.0875	98.6294	229.0223	1.0000	1.0000	0.6017	0.0137	1.5447	142.2474	1.0000
88.3441	71.8323	206.0343	1.0000	52.0913	86.4684	117.2701	1.0000	44.0000	0.0418	0.1353	0.3030	30.5145	1.1254
13.7683	66.8530	267.8883	1.0000	32.9968	95.5192	60.4004	1.0000	44.0000	0.3401	0.0448	0.3289	34.4285	1.2747
82.3131	44.0679	91.3005	1.0000	52.1800	69.8558	117.6831	1.0000	42.0000	0.0436	0.3014	0.3076	40.9851	1.0590
32.2052	59.2514	5.3328	1.0000	47.7344	85.4969	74.2950	1.0000	31.0000	0.0453	0.1450	0.1745	21.4969	1.0165
86.9299	42.6730	0.8304	1.0000	52.3559	69.6920	118.5074	1.0000	51.0000	0.0471	0.3031	0.3167	41.6749	1.1623
84.0832	38.9988	45.8710	1.0000	52.3870	65.5434	118.3550	1.0000	45.0000	0.0477	0.3446	0.3151	44.6874	1.0884
92.4378	10.8367	177.8344	1.0000	52.0737	26.6284	117.2071	1.0000	48.0000	0.0415	0.7337	0.3023	78.2810	1.1074
79.2522	30.8308	85.3113	1.0000	52.1556	56.4313	117.5583	1.0000	39.0000	0.0431	0.4357	0.3062	51.5978	1.0462
33.0842	68.1280	225.8445	1.0000	42.8905	95.3428	60.3007	1.0000	34.0000	0.1422	0.0466	0.3300	30.8915	1.1753
10.4698	35.5614	245.6284	1.0000	47.6932	95.0482	72.8036	1.0000	78.0000	0.0461	0.0495	0.1911	18.0432	1.1115
11.1465	56.3806	258.6826	1.0000	6.7376	57.9494	86.2394	1.0000	7.0000	0.8652	0.4205	0.0418	60.4485	1.4958
36.7540	56.8771	233.3189	1.0000	32.8547	59.2837	88.7775	1.0000	6.0000	0.3429	0.4072	0.0136	44.1958	1.3094
37.9459	61.0407	-58.9761	1.0000	47.5883	68.2915	70.8251	1.0000	15.0000	0.0482	0.3171	0.2131	37.1338	1.2433
96.4850	21.9064	198.7910	1.0000	52.1143	36.6157	117.3656	1.0000	52.0000	0.0423	0.6338	0.3041	69.0718	1.1124
62.1316	8.6539	-47.4406	1.0000	52.1458	32.0323	117.5103	1.0000	31.0000	0.0429	0.6797	0.3057	73.3555	1.2194
69.2732	32.8767	197.4829	1.0000	52.2604	47.9112	118.1540	1.0000	24.0000	0.0452	0.5209	0.3128	59.2537	1.0571
94.3599	3.6231	77.9581	1.0000	52.1438	28.5727	117.5007	1.0000	54.0000	0.0429	0.7143	0.3056	76.5685	1.1012
3.9236	88.0484	-61.3095	1.0000	38.0160	95.4862	61.6037	1.0000	42.0000	0.2397	0.0451	0.3155	31.1503	1.2036
72.2214	33.8593	-80.1756	1.0000	76.8323	35.1154	87.6264	1.0000	7.0000	0.5366	0.6488	0.0264	70.2540	1.4647
6.7378	11.4611	-23.0698	1.0000	47.7631	42.5172	73.4699	1.0000	58.0000	0.0447	0.5748	0.1837	59.8541	1.1272
80.6551	54.0510	0.4854	1.0000	52.3375	81.7176	118.6110	1.0000	45.0000	0.0468	0.1828	0.3179	34.0338	1.1367
61.4296	5.5290	64.9041	1.0000	52.2745	21.6706	118.5048	1.0000	19.0000	0.0455	0.7833	0.3167	83.3857	1.0239
84.7885	72.6728	164.2957	1.0000	52.2167	89.0161	118.5374	1.0000	40.0000	0.0443	0.1098	0.3171	30.6585	1.0976
56.2555	68.3245	9.9097	1.0000	57.8715	71.7114	89.4156	1.0000	4.0000	0.1574	0.2829	0.0065	29.3691	1.0659
93.6557	97.7246	8.5213	1.0000	94.4953	98.2679	32.9078	1.0000	1.0000	0.8899	0.0173	0.6344	72.4041	1.0000
16.9096	42.7794	73.4515	1.0000	47.7253	88.9558	72.5886	1.0000	56.0000	0.0455	0.1104	0.1935	20.7438	1.0087
51.2370	61.6086	193.1438	1.0000	50.2376	61.6418	178.0950	1.0000	1.0000	0.0048	0.3836	0.9788	96.0840	1.0000
17.1800	41.2388	240.0340	1.0000	13.1481	43.2389	91.6390	1.0000	6.0000	0.7370	0.5676	0.0182	67.6946	1.3331
17.9513	1.5021	-39.3732	1.0000	21.5031	-0.2959	-19.3350	0.0000	4.0000	0.5699	1.0030	1.2148	151.0810	1.0048
81.6540	15.1997	231.1894	1.0000	52.2125	26.8870	117.8731	1.0000	38.0000	0.0442	0.7311	0.3097	78.2772	1.1996
7.6090	47.0595	-51.8046	1.0000	47.5779	72.4414	70.6409	1.0000	57.0000	0.0484	0.2756	0.2151	33.7656	1.2039
41.7047	64.1417	219.2454	1.0000	47.5892	95.0038	76.2847	1.0000	35.0000	0.0482	0.0500	0.1524	14.7947	1.1140
2.3106	62.3215	165.9619	1.0000	1.0609	64.8424	91.4083	1.0000	3.0000	0.9788	0.3516	0.0156	60.2750	1.0662
35.9953	96.8230	59.7974	1.0000	36.4914	97.6913	60.2604	1.0000	1.0000	0.2702	0.0231	0.3304	32.7453	1.0000
64.3298	67.0474	170.8754	1.0000	52.2163	79.7229	118.4371	1.0000	18.0000	0.0443	0.2028	0.3160	34.9963	1.0266
16.7307	32.0714	114.4044	1.0000	16.7390	33.0713	89.5227	1.0000	1.0000	0.6652	0.6693	0.0053	74.7393	1.0000
55.6061	90.6470	220.5837	1.0000	51.7975	90.4861	157.9501	1.0000	4.0000	0.0359	0.0951	0.7550	68.6364	1.0493
46.6209	50.3353	145.4737	1.0000	45.9403	53.1581	85.9542	1.0000	3.0000	0.0812	0.4684	0.0450	47.1912	1.0331
36.0149	69.3923	-63.6127	1.0000	47.6694	80.6959	75.1904	1.0000	20.0000	0.0466	0.1930	0.1646	24.4419	1.2319
80.3304	46.9741	192.9677	1.0000	52.4815	61.7905	118.3977	1.0000	35.0000	0.0496	0.3821	0.3155	47.6713	1.1095
9.5145	59.5866	119.0664	1.0000	9.4402	60.5839	94.2626	1.0000	1.0000	0.8112	0.3942	0.0474	56.7177	1.0000
10.6766	31.1318	229.3939	1.0000	47.7252	89.9579	72.4680	1.0000	76.0000	0.0455	0.1004	0.1948	20.3320	1.0932
34.4174	24.5490	48.5507	1.0000	47.7317	49.1344	72.9944	1.0000	28.0000	0.0454	0.5087	0.1890	53.6810	1.0015
35.8008	8.4023	29.1469	1.0000	47.6817	30.2994	73.3891	1.0000	25.0000	0.0464	0.6970	0.1846	71.6901	1.0035
68.7167	41.2621	143.1875	1.0000	52.3848	61.3128	118.3654	1.0000	26.0000	0.0477	0.3869	0.3152	48.0310	1.0054
83.3641	43.1754	45.7494	1.0000	52.1394	70.4787	117.4802	1.0000	45.0000	0.0428	0.2952	0.3053	40.3887	1.0849
39.9834	20.7348	83.3508	1.0000	47.6221	45.5766	75.7301	1.0000	26.0000	0.0476	0.5442	0.1586	56.3134	1.0004
5.6898	71.2383	132.2981	1.0000	25.5068	95.2896	45.0000	1.0000	32.0000	0.4899	0.0471	0.5000	51.4500	1.0268
69.5919	17.3267	266.2513	1.0000	52.4284	25.0599	118.3257	1.0000	25.0000	0.0486	0.7494	0.3147	80.1514	1.3280
88.1142	14.2968	200.5410	1.0000	52.4103	28.6814	118.3140	1.0000	43.0000	0.0482	0.7132	0.3146	76.7713	1.1171
38.6255	28.2613	195.2650	1.0000	47.7061	65.9330	74.9521	1.0000	41.0000	0.0459	0.3407	0.1672	37.3130	1.0580
7.0107	47.9960	-50.0728	1.0000	47.5534	75.5314	73.1198	1.0000	59.0000	0.0489	0.2447	0.1876	29.8268	1.2039
22.7854	59.8344	0.3184	1.0000	47.5671	89.8365	73.3937	1.0000	42.0000	0.0487	0.1016	0.1845	19.6211	1.0793
25.0001	85.9089	201.4169	1.0000	26.9340	95.6067	46.0399	1.0000	13.0000	0.4613	0.0439	0.4884	49.8381	1.3146
87.6944	93.0323	137.6810	1.0000	84.2399	95.0107	157.7133	1.0000	4.0000	0.6848	0.0499	0.7524	76.0418	1.0048
89.5253	85.6636	-79.4730	1.0000	93.9527	87.1700	93.0199	1.0000	7.0000	0.8791	0.1283	0.0336	45.8865	1.4968
72.5831	9.6913	143.8159	1.0000	52.4120	27.7282	118.3151	1.0000	28.0000	0.0482	0.7227	0.3146	77.6581	1.0348
43.5394	85.6510	36.4211	1.0000	47.5370	93.6659	72.4848	1.0000	9.0000	0.0493	0.0633	0.1946	18.7875	1.0049
88.4322	70.5909	-27.5199	1.0000	53.7916	95.1007	121.2051	1.0000	52.0000	0.0758	0.0490	0.3467	31.8141	1.2254
32.5689	71.6134	-51.9758	1.0000	47.6823	90.0403	74.0548	1.0000	27.0000	0.0464	0.0996	0.1772	18.9425	1.1329
79.1747	33.5860	60.5327	1.0000	52.1630	60.1768	117.5950	1.0000	40.0000	0.0433	0.3982	0.3066	48.4979	1.0553
17.3313	12.4351	132.7565	1.0000	47.6960	60.6988	72.5764	1.0000	58.0000	0.0461	0.3930	0.1936	43.0520	1.0172
36.2031	61.6245	269.8511	1.0000	45.2632	95.3083	66.0021	1.0000	43.0000	0.0947	0.0469	0.2666	24.9068	1.2328
82.6127	50.2124	132.7182	1.0000	52.1803	70.4689	117.6848	1.0000	39.0000	0.0436	0.2953	0.3076	40.5374	1.0668
23.1494	61.7568	171.8884	1.0000	42.1423	95.6908	60.3131	1.0000	41.0000	0.1572	0.0431	0.3299	31.0101	1.0543
95.1463	48.2195	11.8262	1.0000	96.4945	50.6888	86.2980	1.0000	3.0000	0.9299	0.4931	0.0411	67.8752	1.0663
58.8642	19.5627	255.0926	1.0000	52.2312	18.5636	136.1749	1.0000	8.0000	0.0446	0.8144	0.5131	93.6429	1.1926
61.9342	10.0166	208.9914	1.0000	52.4937	15.7510	118.3492	1.0000	12.0000	0.0499	0.8425	0.3150	88.9257	1.0864
58.6424	77.1599	-77.2492	1.0000	52.3750	95.4407	118.4110	1.0000	27.0000	0.0475	0.0456	0.3157	28.8723	1.3971
69.2403	41.6247	21.0453	1.0000	70.3160	44.2482	91.1122	1.0000	3.0000	0.4063	0.5575	0.0124	59.3484	1.0580
57.8315	48.9590	130.0577	1.0000	52.2129	57.1897	117.8755	1.0000	10.0000	0.0443	0.4281	0.3097	51.1337	1.0035
47.4582	32.6889	68.6952	1.0000	47.7682	33.6396	71.9404	1.0000	1.0000	0.0446	0.6636	0.2007	68.8101	1.0000
21.5087	1.6910	189.8183	1.0000	19.2784	4.4573	91.9423	1.0000	4.0000	0.6144	0.9554	0.0216	100.3792	1.1257
93.7114	25.9697	-81.5749	1.0000	98.1852	27.3076	91.0146	1.0000	7.0000	0.9637	0.7269	0.0113	87.2183	1.4991
17.5473	68.6113	-5.0087	1.0000	46.3456	95.1361	62.7963	1.0000	43.0000	0.0731	0.0486	0.3023	27.8757	1.0983
69.7054	77.0727	52.1722	1.0000	58.1826	95.1758	128.4905	1.0000	22.0000	0.1637	0.0482	0.4277	39.6453	1.0252
9.3536	27.3732	67.9676	1.0000	47.6726	80.3450	71.8498	1.0000	66.0000	0.0465	0.1965	0.2017	26.8545	1.0095
24.5088	35.2270	200.9549	1.0000	47.7701	79.6965	72.9135	1.0000	54.0000	0.0446	0.2030	0.1899	26.6299	1.0760
56.8740	88.0808	221.7885	1.0000	52.2093	88.3017	146.4596	1.0000	5.0000	0.0442	0.1170	0.6273	57.7011	1.0707
80.1521	27.2406	238.3432	1.0000	52.2012	37.7581	117.8013	1.0000	37.0000	0.0440	0.6224	0.3089	68.2042	1.2389
26.3867	7.1260	-60.3183	1.0000	47.7648	26.4101	73.9838	1.0000	37.0000	0.0447	0.7359	0.1780	75.3457	1.2851
98.2151	82.4061	262.9215	1.0000	52.2924	87.8384	118.9301	1.0000	58.0000	0.0458	0.1216	0.3214	31.4660	1.2542
77.8482	72.0348	138.1572	1.0000	52.1787	91.6448	117.6761	1.0000	34.0000	0.0436	0.0836	0.3075	28.9918	1.0525
16.6817	54.5913	110.5713	1.0000	16.7569	55.5885	85.6859	1.0000	1.0000	0.6649	0.4441	0.0479	55.6426	1.0000
50.1252	4.0350	67.0642	1.0000	50.4256	4.9888	72.5213	1.0000	1.0000	0.0085	0.9501	0.1942	96.6065	1.0000
86.6208	31.4094	137.5582	1.0000	52.4604	49.9158	118.3675	1.0000	42.0000	0.0492	0.5008	0.3152	57.6124	1.0810
6.9202	8.2461	0.4207	1.0000	47.5687	41.7594	72.4216	1.0000	58.0000	0.0486	0.5824	0.1953	60.8842	1.1009
10.0314	8.9333	-42.8330	1.0000	47.5438	35.2938	70.5436	1.0000	54.0000	0.0491	0.6471	0.2162	67.6127	1.1778
60.9459	14.4507	103.8117	1.0000	52.2171	27.7780	117.9031	1.0000	16.0000	0.0443	0.7222	0.3100	77.4566	1.0043
38.7867	30.4159	111.6710	1.0000	38.8468	31.4141	86.5554	1.0000	1.0000	0.2231	0.6859	0.0383	69.5722	1.0000
45.7283	59.1002	65.3017	1.0000	47.6084	64.7865	74.8444	1.0000	6.0000	0.0478	0.3521	0.1684	38.4110	1.0018
1.9291	2.2914	-1.0346	1.0000	47.7786	36.6672	73.4394	1.0000	63.0000	0.0444	0.6333	0.1840	65.4998	1.0994
29.2091	71.7373	96.3225	1.0000	42.2344	95.3267	60.4371	1.0000	27.0000	0.1553	0.0467	0.3285	30.9210	1.0020
6.5225	61.9138	245.3884	1.0000	31.0884	95.0900	50.2036	1.0000	49.0000	0.3782	0.0491	0.4422	44.3340	1.1870
93.2883	40.6807	-17.7623	1.0000	52.3589	67.5882	118.4914	1.0000	59.0000	0.0472	0.3241	0.3166	43.2186	1.2045
91.1475	77.0938	28.3950	1.0000	58.1583	95.2757	128.5348	1.0000	43.0000	0.1632	0.0472	0.4282	39.6713	1.1416
67.4313	48.1589	7.2942	1.0000	69.1166	51.4376	92.8994	1.0000	4.0000	0.3823	0.4856	0.0322	52.2700	1.0850
49.9692	43.0382	150.3075	1.0000	49.3940	43.8563	125.1100	1.0000	1.0000	0.0121	0.5614	0.3901	66.2208	1.0000
10.0413	99.9351	210.7447	1.0000	9.0464	99.8340	185.8029	1.0000	1.0000	0.8191	0.0017	1.0645	104.1894	1.0000
42.7218	33.2418	175.2295	1.0000	47.5406	56.5056	77.1002	1.0000	25.0000	0.0492	0.4349	0.1433	45.4336	1.0523
3.2874	69.3323	77.7545	1.0000	27.7098	95.5803	45.0000	1.0000	36.0000	0.4458	0.0442	0.5000	50.4122	1.0041
97.8148	5.4631	77.5727	1.0000	52.3515	29.8923	118.5310	1.0000	57.0000	0.0470	0.7011	0.3170	75.7274	1.1044
52.5303	72.2762	181.8119	1.0000	51.5603	72.5194	165.9249	1.0000	1.0000	0.0312	0.2748	0.8436	80.7602	1.0000
30.4554	0.8753	-64.1780	1.0000	31.7363	-0.6483	-44.3530	0.0000	2.0000	0.3653	1.0065	1.4928	168.8620	1.0048
53.9247	19.7533	121.5565	1.0000	52.4484	22.3649	119.0901	1.0000	3.0000	0.0490	0.7764	0.3232	82.9424	1.0000
4.0299	72.9415	36.4107	1.0000	32.9429	95.7249	59.0485	1.0000	37.0000	0.3411	0.0428	0.3439	35.5980	1.0051
21.5868	75.4237	119.0807	1.0000	35.1992	95.7972	60.4503	1.0000	25.0000	0.2960	0.0420	0.3283	33.3154	1.0203
94.1575	33.5957	259.8367	1.0000	52.0748	40.3320	117.2108	1.0000	54.0000	0.0415	0.5967	0.3023	65.6126	1.2671
3.0132	39.2879	-34.0999	1.0000	47.7598	69.8186	73.4264	1.0000	62.0000	0.0448	0.3018	0.1842	34.5054	1.1445
43.2733	18.7759	210.4885	1.0000	40.2621	21.5925	87.2809	1.0000	5.0000	0.1948	0.7841	0.0302	79.0566	1.2126
89.6776	39.7816	156.2545	1.0000	52.2220	56.5138	118.0325	1.0000	45.0000	0.0444	0.4349	0.3115	51.7862	1.0969
26.6621	39.4025	41.0477	1.0000	47.6538	73.0720	71.6922	1.0000	40.0000	0.0469	0.2693	0.2034	32.6466	1.0081
32.4198	42.0276	0.5973	1.0000	47.6745	68.2705	75.3729	1.0000	31.0000	0.0465	0.3173	0.1625	35.0161	1.0213
1.6443	43.4393	244.1168	1.0000	-0.0986	42.5602	194.1944	0.0000	2.0000	1.0020	0.5744	1.1577	129.0956	1.0246
31.2568	24.4003	34.4766	1.0000	47.5623	53.0069	70.4370	1.0000	33.0000	0.0488	0.4699	0.2174	50.9608	1.0022
77.1163	89.5461	219.8320	1.0000	57.0486	95.5096	128.5088	1.0000	24.0000	0.1410	0.0449	0.4279	39.4053	1.1464
0.8113	64.4775	222.7559	1.0000	-0.1420	64.1756	197.5697	0.0000	1.0000	1.0028	0.3582	1.1952	123.9712	1.0000
43.1428	27.3004	143.7838	1.0000	42.5851	29.1724	94.1846	1.0000	2.0000	0.1483	0.7083	0.0465	71.3375	1.0239
36.0383	52.5257	-46.9993	1.0000	47.6145	65.5648	73.8254	1.0000	20.0000	0.0477	0.3444	0.1797	38.1194	1.1470
66.0143	1.2361	96.5358	1.0000	52.3443	20.8353	118.5701	1.0000	24.0000	0.0469	0.7916	0.3174	84.1950	1.0044
5.2905	13.1215	227.0325	1.0000	47.5603	76.9528	70.6578	1.0000	83.0000	0.0488	0.2305	0.2149	30.1869	1.0841
81.2742	51.7382	-4.8199	1.0000	83.2584	54.6828	93.1078	1.0000	4.0000	0.6652	0.4532	0.0345	56.2977	1.1265
44.7936	9.8867	-67.0957	1.0000	48.1245	7.9948	-7.0957	1.0000	4.0000	0.0375	0.9201	1.0788	133.7761	1.0442
5.2688	91.3597	131.3048	1.0000	5.8791	95.1469	64.6623	1.0000	4.0000	0.8824	0.0485	0.2815	51.1098	1.0428
71.4916	23.5442	76.2939	1.0000	52.1680	51.2238	117.6203	1.0000	34.0000	0.0434	0.4878	0.3069	56.0954	1.0072
88.2103	51.3468	28.8983	1.0000	52.4821	77.8270	118.3986	1.0000	50.0000	0.0496	0.2217	0.3155	36.1149	1.1243
79.4059	71.3076	172.6925	1.0000	52.0808	87.9235	117.2321	1.0000	35.0000	0.0416	0.1208	0.3026	29.8623	1.0944
83.1595	56.7129	127.1581	1.0000	52.1380	77.8781	117.4735	1.0000	40.0000	0.0428	0.2212	0.3053	35.3376	1.0651
65.6062	71.0670	193.9997	1.0000	52.2164	83.2958	118.6255	1.0000	19.0000	0.0443	0.1670	0.3181	33.2169	1.0478
84.3751	7.7745	56.4511	1.0000	52.2624	34.2247	118.1456	1.0000	45.0000	0.0452	0.6578	0.3127	71.5799	1.0816
34.3891	35.8716	172.1160	1.0000	47.5699	80.6736	74.9220	1.0000	48.0000	0.0486	0.1933	0.1675	24.6325	1.0278
42.1543	67.9720	160.5340	1.0000	41.1466	70.6018	86.0790	1.0000	3.0000	0.1771	0.2940	0.0436	30.9518	1.0653
14.2971	69.3633	208.7532	1.0000	11.3709	72.2729	85.6363	1.0000	5.0000	0.7726	0.2773	0.0485	47.7498	1.2116
65.1811	48.4849	242.7850	1.0000	52.3276	54.9855	118.1511	1.0000	17.0000	0.0466	0.4501	0.3128	53.1433	1.1802
43.8977	82.4655	30.0148	1.0000	47.6428	89.4602	71.3356	1.0000	8.0000	0.0471	0.1054	0.2074	21.5639	1.0083
4.1104	81.7459	205.8455	1.0000	10.0223	95.5888	45.0430	1.0000	19.0000	0.7996	0.0441	0.4995	60.3226	1.2622
91.6268	96.7460	222.6085	1.0000	90.8345	96.1358	217.6008	1.0000	1.0000	0.8167	0.0386	1.4178	134.0312	1.0000
34.7362	43.0889	190.8144	1.0000	47.5999	82.7231	75.5142	1.0000	44.0000	0.0480	0.1728	0.1610	22.6735	1.0559
57.1397	28.1515	235.1160	1.0000	51.7769	27.9742	140.7499	1.0000	6.0000	0.0355	0.7203	0.5639	88.1274	1.1182
44.7708	60.9101	89.9935	1.0000	47.5475	71.5521	77.5287	1.0000	11.0000	0.0491	0.2845	0.1386	31.1581	1.0002
61.5670	45.8076	196.6935	1.0000	52.4597	52.4223	117.8907	1.0000	12.0000	0.0492	0.4758	0.3099	55.2049	1.0661
88.0973	39.3652	51.7739	1.0000	52.1614	65.6332	117.5870	1.0000	49.0000	0.0432	0.3437	0.3065	44.1225	1.1008
37.4971	13.2049	229.4998	1.0000	47.6954	60.7793	77.4933	1.0000	53.0000	0.0461	0.3922	0.1390	41.2310	1.0893
67.8333	99.0523	269.6436	1.0000	67.5957	98.0809	256.2525	1.0000	1.0000	0.3519	0.0192	1.8473	167.1921	1.0000
94.6833	84.5179	220.1285	1.0000	53.3951	95.1936	118.9408	1.0000	48.0000	0.0679	0.0481	0.3216	29.5330	1.1255
78.0599	96.3704	251.6244	1.0000	77.6630	95.4526	246.6142	1.0000	1.0000	0.5533	0.0455	1.7402	159.1035	1.0000
48.8756	23.8525	-55.5434	1.0000	49.6356	23.2025	-40.5434	1.0000	1.0000	0.0073	0.7680	1.4505	151.4581	1.0000
71.5575	26.4721	-79.6398	1.0000	76.1772	27.7475	87.5837	1.0000	7.0000	0.5235	0.7225	0.0268	76.8863	1.4606
72.0898	68.7156	169.2474	1.0000	52.4590	85.2509	118.3657	1.0000	27.0000	0.0492	0.1475	0.3152	32.0655	1.0519
81.9414	43.6697	-53.6953	1.0000	85.7545	46.0858	94.0619	1.0000	6.0000	0.7151	0.5391	0.0451	64.8200	1.3292
33.4205	78.6375	27.2308	1.0000	42.7624	95.1039	61.8841	1.0000	19.0000	0.1448	0.0490	0.3124	29.4425	1.0036
55.8571	38.8155	-30.9670	1.0000	52.1949	53.6125	117.7724	1.0000	19.0000	0.0439	0.4639	0.3086	54.1103	1.2464
2.2762	34.8521	48.6138	1.0000	47.5994	93.6784	71.1397	1.0000	75.0000	0.0480	0.0632	0.2096	20.0359	1.0099
83.0976	6.5468	-5.7654	1.0000	85.1186	9.4621	92.5099	1.0000	4.0000	0.7024	0.9054	0.0279	97.1428	1.1276
9.0566	52.1120	-22.1051	1.0000	47.5235	83.2771	72.7809	1.0000	56.0000	0.0495	0.1672	0.1913	24.1306	1.1312
8.1183	96.8897	99.1726	1.0000	8.2853	97.8756	80.3812	1.0000	1.0000	0.8343	0.0212	0.1069	42.8619	1.0000
15.1968	0.6984	-13.8407	1.0000	47.6092	30.3803	72.4096	1.0000	49.0000	0.0478	0.6962	0.1954	71.8474	1.1149
82.8138	42.7121	209.3335	1.0000	52.2911	56.7693	118.9398	1.0000	38.0000	0.0458	0.4323	0.3216	52.0735	1.1308
1.7642	3.9560	99.9025	1.0000	47.6419	65.9458	71.5313	1.0000	78.0000	0.0472	0.3405	0.2052	38.8117	1.0114
50.1694	26.1846	-89.8736	1.0000	50.4347	25.2205	-74.6173	1.0000	1.0000	0.0087	0.7478	1.8291	180.8066	1.0000
1.3743	33.6332	-65.1634	1.0000	47.5404	59.6177	72.8830	1.0000	66.0000	0.0492	0.4038	0.1902	43.9291	1.2458
71.7161	98.2954	232.1321	1.0000	71.0356	97.5626	227.1191	1.0000	1.0000	0.4207	0.0244	1.5235	138.7446	1.0000
72.6028	15.5076	61.6336	1.0000	52.2970	43.4106	118.8941	1.0000	35.0000	0.0459	0.5659	0.3210	63.5807	1.0142
97.3908	29.6915	211.0843	1.0000	52.1507	43.4170	117.5342	1.0000	53.0000	0.0430	0.5658	0.3059	62.9635	1.1211
73.1254	2.3764	21.7470	1.0000	74.1188	5.0247	93.3536	1.0000	3.0000	0.4824	0.9498	0.0373	98.0473	1.0607
30.3226	83.2894	254.6283	1.0000	25.7691	84.9012	89.0427	1.0000	7.0000	0.4846	0.1510	0.0106	28.5662	1.4492
71.4800	52.6834	49.3835	1.0000	52.2777	81.1810	118.6134	1.0000	35.0000	0.0456	0.1882	0.3179	34.3231	1.0185
37.6774	85.6441	200.3056	1.0000	37.3939	95.5733	71.0420	1.0000	12.0000	0.2521	0.0443	0.2106	23.1930	1.2081
97.1408	99.4525	-86.4660	1.0000	97.5991	98.5637	-62.7229	1.0000	1.0000	0.9520	0.0144	1.6969	159.9750	1.0000
76.6324	32.5294	176.5830	1.0000	52.1737	48.8707	117.6497	1.0000	32.0000	0.0435	0.5113	0.3072	58.1673	1.0879
37.2781	88.7134	-54.0887	1.0000	46.6030	95.5218	64.8597	1.0000	14.0000	0.0679	0.0448	0.2793	25.7610	1.2125
14.6233	90.1884	230.3433	1.0000	12.2301	95.5455	59.8475	1.0000	9.0000	0.7554	0.0445	0.3350	48.5344	1.5339
98.9356	76.8273	-3.8092	1.0000	100.5837	77.8745	44.9145	0.0000	2.0000	1.0117	0.2213	0.5009	71.2808	1.0242
83.6144	85.0907	25.6551	1.0000	76.7346	95.1521	161.1494	1.0000	14.0000	0.5347	0.0485	0.7905	76.1609	1.1486
60.3929	96.3610	190.1735	1.0000	59.3952	96.4288	176.1135	1.0000	1.0000	0.1879	0.0357	0.9568	86.6981	1.0000
22.2860	68.0689	-1.8598	1.0000	47.2646	95.3599	67.8866	1.0000	40.0000	0.0547	0.0464	0.2457	22.7600	1.0812
89.1333	57.2118	-70.7492	1.0000	52.2062	83.3217	117.8328	1.0000	59.0000	0.0441	0.1668	0.3093	32.5223	1.3046
53.3495	57.6046	93.8006	1.0000	52.2948	61.4607	105.2412	1.0000	4.0000	0.0459	0.3854	0.1693	41.5071	1.0006
68.5096	19.4148	-34.1139	1.0000	52.0712	49.2371	117.1984	1.0000	39.0000	0.0414	0.5076	0.3022	57.6273	1.1453
53.1591	96.7880	235.9155	1.0000	52.4034	96.1331	220.9155	1.0000	1.0000	0.0481	0.0387	1.4546	130.9946	1.0000
32.9095	28.2429	229.0566	1.0000	29.0166	30.7712	88.4182	1.0000	6.0000	0.4197	0.6923	0.0176	72.3563	1.2926
40.5743	44.3859	261.6793	1.0000	36.0884	45.7155	89.6522	1.0000	7.0000	0.2782	0.5428	0.0039	56.0398	1.4961
55.1837	18.6635	38.3015	1.0000	55.8095	21.5278	92.6761	1.0000	3.0000	0.1162	0.7847	0.0297	78.7324	1.0232
76.4388	33.3059	-72.4571	1.0000	52.1212	60.3719	117.3963	1.0000	47.0000	0.0424	0.3963	0.3044	48.2228	1.2917
33.3531	26.5966	-22.4413	1.0000	47.6824	47.8577	74.2240	1.0000	27.0000	0.0464	0.5214	0.1753	54.5259	1.0531
14.5878	66.0666	113.1150	1.0000	14.6213	67.0660	88.0835	1.0000	1.0000	0.7076	0.3293	0.0213	48.3733	1.0000
19.1853	85.3438	137.1304	1.0000	18.8372	87.2663	87.9106	1.0000	2.0000	0.6233	0.1273	0.0232	33.7288	1.0237
8.8003	46.3074	45.3779	1.0000	46.2622	95.0411	62.0385	1.0000	62.0000	0.0748	0.0496	0.3107	28.6428	1.0086
70.7656	26.4940	42.4212	1.0000	71.1836	28.4069	89.4411	1.0000	2.0000	0.4237	0.7159	0.0062	74.6635	1.0215
10.6141	33.4986	129.2771	1.0000	47.6277	88.0302	71.8034	1.0000	67.0000	0.0474	0.1197	0.2022	21.9093	1.0166
84.0087	15.3285	-60.6952	1.0000	88.0563	17.2910	87.8904	1.0000	6.0000	0.7611	0.8271	0.0234	91.0687	1.3338
86.5430	44.4932	25.3816	1.0000	52.2162	71.4776	117.8972	1.0000	49.0000	0.0443	0.2852	0.3100	39.9586	1.1222
54.8339	89.2818	-13.9942	1.0000	57.4624	92.8201	89.0171	1.0000	5.0000	0.1492	0.0718	0.0109	10.4021	1.1343
37.8650	99.4179	104.5991	1.0000	38.0315	100.4040	80.4159	1.0000	1.0000	0.2394	0.0040	0.1065	15.3383	1.0000
2.3965	70.8536	31.3314	1.0000	35.5209	95.4364	60.1473	1.0000	42.0000	0.2896	0.0456	0.3317	33.4911	1.0182
16.4804	48.4903	-19.9142	1.0000	47.6206	76.5841	71.1552	1.0000	47.0000	0.0476	0.2342	0.2094	30.1511	1.1206
82.9630	21.3339	59.6983	1.0000	52.4590	47.2975	118.3656	1.0000	43.0000	0.0492	0.5270	0.3152	59.9017	1.0735
37.2053	71.8341	72.7520	1.0000	44.6180	95.7099	72.7520	1.0000	25.0000	0.1076	0.0429	0.1916	18.5705	1.0000
25.0326	5.3433	170.1649	1.0000	47.5624	47.7697	70.7574	1.0000	50.0000	0.0488	0.5223	0.2138	55.7156	1.0409
87.5300	7.0100	217.1941	1.0000	52.2753	20.2042	118.5361	1.0000	43.0000	0.0455	0.7980	0.3171	84.7753	1.1423
62.3828	96.2606	220.8588	1.0000	61.4829	95.8245	205.8588	1.0000	1.0000	0.2297	0.0418	1.2873	116.5013	1.0000
47.2476	82.4289	164.4848	1.0000	47.5547	91.7471	76.5273	1.0000	10.0000	0.0489	0.0825	0.1497	15.9876	1.0726
3.0412	63.6338	209.9280	1.0000	0.0628	66.4867	86.6306	1.0000	5.0000	0.9987	0.3351	0.0374	60.2347	1.2123
72.1418	26.0806	43.6927	1.0000	72.5080	28.0034	91.0768	1.0000	2.0000	0.4502	0.7200	0.0120	75.4406	1.0218
7.1375	89.2894	-10.5286	1.0000	33.7358	95.4659	57.9216	1.0000	28.0000	0.3253	0.0453	0.3564	36.2506	1.0254
15.2696	78.7237	61.2513	1.0000	31.0868	95.3827	50.1897	1.0000	23.0000	0.3783	0.0462	0.4423	44.3158	1.0012
47.1848	84.8012	159.9469	1.0000	46.0356	87.4243	93.3732	1.0000	3.0000	0.0793	0.1258	0.0375	13.6104	1.0476
70.7706	44.8529	265.0311	1.0000	52.3078	51.2600	118.8084	1.0000	28.0000	0.0462	0.4874	0.3201	56.6643	1.4327
80.8536	82.6073	-15.0574	1.0000	65.6209	95.1333	159.6765	1.0000	26.0000	0.3124	0.0487	0.7742	71.5717	1.3184
45.9780	88.3935	195.7440	1.0000	44.7485	95.4960	70.9212	1.0000	9.0000	0.1050	0.0450	0.2120	20.2944	1.2486
84.7493	90.2338	266.5039	1.0000	52.3162	95.1788	118.7513	1.0000	45.0000	0.0463	0.0482	0.3195	29.2446	1.3716
5.3556	63.3848	75.9842	1.0000	33.5809	95.4613	59.1911	1.0000	43.0000	0.3284	0.0454	0.3423	35.2047	1.0064
62.0827	32.3506	239.9809	1.0000	52.4187	35.3965	117.7694	1.0000	12.0000	0.0484	0.6460	0.3085	70.3605	1.1843
34.4644	72.5522	156.4761	1.0000	39.9236	95.2528	72.2899	1.0000	24.0000	0.2015	0.0475	0.1968	20.9217	1.0279
94.6375	20.4202	198.7033	1.0000	52.1851	35.0626	117.7108	1.0000	50.0000	0.0437	0.6494	0.3079	70.6366	1.1134
97.6686	57.0281	136.6496	1.0000	52.4905	75.1117	118.4116	1.0000	53.0000	0.0498	0.2489	0.3157	37.8530	1.0891
35.9549	91.5544	92.8677	1.0000	37.1375	95.3721	71.4472	1.0000	4.0000	0.2573	0.0463	0.2061	23.0449	1.0008
47.1673	55.2182	200.3388	1.0000	44.0151	58.0040	90.4851	1.0000	5.0000	0.1197	0.4200	0.0054	42.4231	1.1886
28.0373	85.1991	62.6573	1.0000	34.5731	95.2190	60.1374	1.0000	12.0000	0.3085	0.0478	0.3318	33.9503	1.0031
56.8556	12.1139	123.9817	1.0000	52.4323	18.7549	118.3741	1.0000	8.0000	0.0486	0.8125	0.3153	86.0917	1.0026
82.0313	76.6529	-76.6766	1.0000	57.5074	95.4086	128.5095	1.0000	43.0000	0.1501	0.0459	0.4279	39.5022	1.3928
78.6025	79.4272	-50.3209	1.0000	60.5911	95.3654	129.9300	1.0000	33.0000	0.2118	0.0463	0.4437	41.5699	1.3721
54.6476	53.7741	43.9957	1.0000	52.1300	63.0180	115.2958	1.0000	10.0000	0.0426	0.3698	0.2811	44.8563	1.0438
7.7667	30.0857	49.6272	1.0000	47.5152	83.2117	70.4187	1.0000	67.0000	0.0497	0.1679	0.2176	25.9123	1.0098
78.2954	94.3832	82.4357	1.0000	78.1185	95.3674	100.1926	1.0000	1.0000	0.5624	0.0463	0.1133	30.2655	1.0000
35.3466	1.3245	106.7261	1.0000	47.7109	40.3836	75.8979	1.0000	41.0000	0.0458	0.5962	0.1567	61.3044	1.0007
21.7681	67.2372	113.0921	1.0000	21.7910	68.2370	88.6873	1.0000	1.0000	0.5642	0.3176	0.0146	42.5013	1.0000
26.0687	89.9369	9.6518	1.0000	34.9020	95.2347	61.1074	1.0000	11.0000	0.3020	0.0477	0.3210	32.9460	1.0679
10.8727	78.7125	131.6970	1.0000	23.6617	95.6790	45.0013	1.0000	22.0000	0.5268	0.0432	0.5000	52.3188	1.0355
60.3445	43.4379	114.5177	1.0000	52.3741	54.9057	118.4168	1.0000	14.0000	0.0475	0.4509	0.3157	53.3540	1.0025
2.7239	7.7971	232.9648	1.0000	-0.0942	7.6306	159.2989	0.0000	3.0000	1.0019	0.9237	0.7700	125.8725	1.0627
75.9776	93.4392	219.9334	1.0000	60.0616	95.6702	129.9162	1.0000	18.0000	0.2012	0.0433	0.4435	41.3919	1.1200
7.8962	66.2083	70.6276	1.0000	33.5385	95.2968	59.7976	1.0000	39.0000	0.3292	0.0470	0.3356	34.7172	1.0057
66.1858	88.1349	-11.1373	1.0000	66.8632	95.3800	123.0939	1.0000	9.0000	0.3373	0.0462	0.3677	37.4289	1.2368
7.8566	78.7961	-69.2227	1.0000	44.4920	95.2144	61.2074	1.0000	52.0000	0.1102	0.0479	0.3199	29.7028	1.2953
6.7185	0.9010	201.6581	1.0000	47.6818	63.0590	72.0725	1.0000	79.0000	0.0464	0.3694	0.1992	41.1267	1.0612
64.8220	81.8264	249.2575	1.0000	52.1168	87.6617	117.2255	1.0000	17.0000	0.0423	0.1234	0.3025	29.9656	1.2159
23.2378	12.9018	-18.2379	1.0000	47.7016	41.7974	75.9150	1.0000	42.0000	0.0460	0.5820	0.1565	59.9267	1.1093
51.6171	95.5314	208.0488	1.0000	50.6429	95.3057	193.0488	1.0000	1.0000	0.0129	0.0469	1.1450	103.1577	1.0000
66.0524	45.5937	109.9827	1.0000	52.1627	65.0786	117.5934	1.0000	24.0000	0.0433	0.3492	0.3066	44.5598	1.0030
51.3148	56.9299	182.8028	1.0000	50.3442	57.1708	166.0642	1.0000	1.0000	0.0069	0.4283	0.8452	87.2939	1.0000
88.3967	55.2182	45.5376	1.0000	52.1019	82.1078	117.3118	1.0000	50.0000	0.0420	0.1789	0.3035	32.7182	1.1069
49.0054	30.2213	-29.2008	1.0000	49.9748	29.9760	-14.2008	1.0000	1.0000	0.0005	0.7002	1.1578	125.5434	1.0000
41.3880	61.8034	249.3712	1.0000	47.4961	95.4532	77.3773	1.0000	40.0000	0.0501	0.0455	0.1403	13.6483	1.1696
12.0702	65.5955	6.2539	1.0000	46.4191	95.8733	64.3777	1.0000	50.0000	0.0716	0.0413	0.2847	26.1983	1.0920
82.3913	30.5381	245.9224	1.0000	52.2215	39.7574	117.9323	1.0000	40.0000	0.0444	0.6024	0.3104	66.4403	1.2679
46.3903	52.7244	105.5986	1.0000	46.4219	53.7239	88.1943	1.0000	1.0000	0.0716	0.4628	0.0201	46.4494	1.0000
25.6292	20.3696	204.9279	1.0000	47.7410	64.0554	72.7285	1.0000	53.0000	0.0452	0.3594	0.1919	39.9428	1.0824
24.1197	66.2757	80.0803	1.0000	42.8052	95.6583	60.4339	1.0000	35.0000	0.1439	0.0434	0.3285	30.7371	1.0051
67.8027	68.8199	167.4069	1.0000	52.2810	85.0272	118.7252	1.0000	23.0000	0.0456	0.1497	0.3192	32.4735	1.0249
87.3263	66.3334	129.4149	1.0000	52.0828	86.7333	117.2392	1.0000	44.0000	0.0417	0.1327	0.3027	30.3697	1.0805
52.3312	44.4637	197.4664	1.0000	51.3321	44.4207	182.4664	1.0000	1.0000	0.0266	0.5558	1.0274	107.8929	1.0000
6.1998	10.1775	-56.1426	1.0000	47.5581	36.5141	72.6433	1.0000	60.0000	0.0488	0.6349	0.1929	65.8610	1.2237
31.6130	47.1059	269.6283	1.0000	47.7063	84.7497	72.5788	1.0000	50.0000	0.0459	0.1525	0.1936	23.2665	1.2213
94.2417	36.5097	138.0467	1.0000	52.2298	54.9390	118.5572	1.0000	50.0000	0.0446	0.4506	0.3173	53.3946	1.0899
63.7621	89.0626	-7.4515	1.0000	64.7566	95.6284	118.7475	1.0000	8.0000	0.2951	0.0437	0.3194	32.6081	1.2047
19.2909	80.8300	154.0771	1.0000	28.7567	95.7003	45.0020	1.0000	19.0000	0.4249	0.0430	0.5000	49.9458	1.0779
2.7809	44.1601	242.0320	1.0000	-0.7732	44.1540	143.2958	0.0000	4.0000	1.0155	0.5585	0.5922	92.3966	1.1255
84.2544	59.4998	135.4163	1.0000	52.2930	78.5935	118.9249	1.0000	40.0000	0.0459	0.2141	0.3214	36.0575	1.0744
21.3340	39.7478	262.9867	1.0000	16.7927	40.9164	91.4756	1.0000	7.0000	0.6641	0.5908	0.0164	67.7921	1.4928
8.0323	39.5730	-19.5266	1.0000	47.7381	72.2263	75.7423	1.0000	58.0000	0.0452	0.2777	0.1584	31.3014	1.1282
83.6349	55.5635	40.8734	1.0000	84.0401	57.4738	90.4943	1.0000	2.0000	0.6808	0.4253	0.0055	54.4743	1.0242
16.2162	45.3986	12.8493	1.0000	47.6576	78.1046	73.6680	1.0000	49.0000	0.0468	0.2190	0.1815	27.4159	1.0801
11.6194	64.7490	-14.7719	1.0000	47.7401	95.5466	73.4587	1.0000	53.0000	0.0452	0.0445	0.1838	17.2788	1.1165
22.9521	63.1562	82.2352	1.0000	43.9263	95.7734	60.3317	1.0000	39.0000	0.1215	0.0423	0.3296	30.5771	1.0057
87.7106	13.4527	51.4682	1.0000	52.4325	39.1844	118.3335	1.0000	48.0000	0.0486	0.6082	0.3148	67.1360	1.0993
84.5571	7.5876	47.7562	1.0000	52.1070	34.6507	117.3338	1.0000	46.0000	0.0421	0.6535	0.3037	70.8668	1.0886
33.9244	91.8345	75.9457	1.0000	35.1979	95.6263	71.2304	1.0000	4.0000	0.2960	0.0437	0.2086	24.3008	1.0000
82.9271	40.8841	-24.4205	1.0000	52.4224	68.1571	118.3238	1.0000	49.0000	0.0484	0.3184	0.3147	42.6858	1.1975
70.3550	50.1917	8.4982	1.0000	52.2900	79.9522	118.9487	1.0000	37.0000	0.0458	0.2005	0.3217	35.2872	1.0628
6.5101	47.3279	-1.0903	1.0000	47.6354	80.2299	72.3961	1.0000	58.0000	0.0473	0.1977	0.1956	26.5771	1.1013
27.6297	48.7428	-55.5079	1.0000	47.7088	69.8392	75.6261	1.0000	36.0000	0.0458	0.3016	0.1597	33.4893	1.2361
29.9034	19.6246	-71.4930	1.0000	47.6216	37.3587	73.3990	1.0000	32.0000	0.0476	0.6264	0.1845	64.8473	1.2765
16.6234	81.1171	-61.4300	1.0000	43.9726	95.0019	60.1117	1.0000	40.0000	0.1205	0.0500	0.3321	30.8969	1.3041
57.9309	8.3630	138.1405	1.0000	52.2189	16.5175	118.0651	1.0000	10.0000	0.0444	0.8348	0.3118	88.1016	1.0044
68.1254	24.0530	182.5026	1.0000	52.2351	39.5338	118.4855	1.0000	23.0000	0.0447	0.6047	0.3165	66.8773	1.0368
20.7712	60.6019	213.7520	1.0000	17.5957	63.2337	90.9143	1.0000	5.0000	0.6481	0.3677	0.0102	49.0167	1.2123
56.9258	86.8821	-36.5196	1.0000	60.3385	90.3542	92.0093	1.0000	6.0000	0.2068	0.0965	0.0223	14.2816	1.2324
53.6182	90.1516	175.9203	1.0000	51.8800	91.0869	142.4458	1.0000	2.0000	0.0376	0.0891	0.5827	53.2310	1.0132
65.9994	47.5104	29.0980	1.0000	66.9908	50.2519	86.5908	1.0000	3.0000	0.3398	0.4975	0.0379	52.6800	1.0291
54.9381	53.9203	29.5956	1.0000	55.9356	56.6665	85.7419	1.0000	3.0000	0.1187	0.4333	0.0473	43.9449	1.0268
64.7246	56.3957	92.1827	1.0000	52.4841	74.5192	118.4018	1.0000	22.0000	0.0497	0.2548	0.3156	38.2375	1.0060
0.7216	79.6787	184.1690	1.0000	-0.2205	80.0142	160.3938	0.0000	1.0000	1.0044	0.1999	0.7822	88.7514	1.0000
25.2365	6.7828	-60.0900	1.0000	47.6742	27.0051	74.3055	1.0000	39.0000	0.0465	0.7299	0.1744	74.6993	1.2911
50.6306	37.9695	-25.9252	1.0000	51.6140	37.7881	-10.4518	1.0000	1.0000	0.0323	0.6221	1.1161	118.1672	1.0000
1.4728	38.5298	219.3510	1.0000	-0.4812	38.4593	169.9212	0.0000	2.0000	1.0096	0.6154	0.8880	112.7963	1.0229
32.0023	37.0715	51.3848	1.0000	47.7337	66.0294	73.3654	1.0000	33.0000	0.0453	0.3397	0.1848	37.8926	1.0014
56.3967	82.7398	192.1772	1.0000	52.2150	84.9050	121.8450	1.0000	5.0000	0.0443	0.1509	0.3538	35.3111	1.0618
16.9610	25.5617	-34.3482	1.0000	47.5485	52.1394	71.5224	1.0000	47.0000	0.0490	0.4786	0.2053	51.3621	1.1599
70.3756	82.9718	-42.8787	1.0000	65.1097	95.1069	136.4726	1.0000	19.0000	0.3022	0.0489	0.5164	49.1116	1.4363
58.0529	79.4219	0.0760	1.0000	52.3520	95.2055	118.5360	1.0000	19.0000	0.0470	0.0479	0.3171	29.0314	1.1322
91.1737	11.5042	-49.6876	1.0000	52.4766	37.6890	118.3904	1.0000	59.0000	0.0495	0.6231	0.3154	68.5187	1.2627
47.0413	16.6696	4.1001	1.0000	47.9862	16.9968	19.1001	1.0000	1.0000	0.0403	0.8300	0.7878	109.1805	1.0000
89.6486	33.8318	69.2979	1.0000	89.5712	34.8288	94.4353	1.0000	1.0000	0.7914	0.6517	0.0493	76.3730	1.0000
5.4035	33.4889	259.7983	1.0000	0.9687	34.9693	87.2802	1.0000	7.0000	0.9806	0.6503	0.0302	81.4890	1.4972
47.1730	95.7652	222.1806	1.0000	46.2637	95.3491	204.5886	1.0000	1.0000	0.0747	0.0465	1.2732	114.7438	1.0000
2.9940	63.7822	107.9512	1.0000	31.4823	95.4891	53.2525	1.0000	43.0000	0.3704	0.0451	0.4083	41.3961	1.0088
38.8769	98.6221	82.3879	1.0000	39.1950	99.5702	71.4535	1.0000	1.0000	0.2161	0.0043	0.2061	21.4687	1.0000
21.4671	50.8906	256.1438	1.0000	46.1475	95.2240	61.6543	1.0000	59.0000	0.0771	0.0478	0.3150	29.0023	1.1628
6.9271	64.0000	-34.3209	1.0000	47.7592	93.5577	73.5098	1.0000	58.0000	0.0448	0.0644	0.1832	17.8452	1.1506
42.2321	44.9453	64.4501	1.0000	47.5811	57.8423	75.9719	1.0000	14.0000	0.0484	0.4216	0.1559	44.4962	1.0027
97.3510	67.3207	41.9275	1.0000	97.7194	69.2375	91.7144	1.0000	2.0000	0.9544	0.3076	0.0190	56.8015	1.0247
9.2008	57.3209	195.9764	1.0000	36.1934	95.8299	60.0352	1.0000	51.0000	0.2761	0.0417	0.3329	33.2551	1.0845
68.2179	59.7339	144.6008	1.0000	52.1019	79.9458	117.3117	1.0000	26.0000	0.0420	0.2005	0.3035	33.9487	1.0058
83.4548	88.6174	34.5034	1.0000	81.2543	95.6683	131.8810	1.0000	8.0000	0.6251	0.0433	0.4653	52.4368	1.0831
59.5706	52.8224	111.2706	1.0000	52.3558	63.5921	118.5153	1.0000	13.0000	0.0471	0.3641	0.3168	46.3056	1.0029
1.4835	22.8915	170.0047	1.0000	47.5745	88.5935	70.6272	1.0000	83.0000	0.0485	0.1141	0.2153	22.6119	1.0342
83.8486	0.5518	233.7280	1.0000	83.1889	-0.1997	228.7201	0.0000	1.0000	0.6638	1.0020	1.5413	174.3122	1.0000
88.6551	18.6518	265.2372	1.0000	52.2170	24.1515	118.6477	1.0000	49.0000	0.0443	0.7585	0.3183	81.1086	1.3297
13.9213	37.7327	263.7465	1.0000	9.4021	38.8933	91.2447	1.0000	7.0000	0.8120	0.6111	0.0138	73.3741	1.5003
84.5778	94.5270	-81.5716	1.0000	89.0515	95.8651	91.0179	1.0000	7.0000	0.7810	0.0413	0.0113	39.2830	1.4991
83.2625	82.3007	31.6347	1.0000	63.6012	95.1702	149.4277	1.0000	27.0000	0.2720	0.0483	0.6603	61.1553	1.1490
33.1580	17.0120	-82.0121	1.0000	47.7226	31.1338	74.6889	1.0000	26.0000	0.0455	0.6887	0.1701	70.5845	1.2816
86.4984	18.9459	222.7483	1.0000	52.3843	31.3841	118.3675	1.0000	42.0000	0.0477	0.6862	0.3152	74.2869	1.1567
40.2086	56.0738	258.8370	1.0000	35.7780	57.6284	87.1903	1.0000	7.0000	0.2844	0.4237	0.0312	44.7829	1.4908
35.6031	24.2850	137.6317	1.0000	35.2316	26.2042	88.7626	1.0000	2.0000	0.2954	0.7380	0.0137	75.2692	1.0231
35.6291	7.1782	149.9775	1.0000	47.5425	47.9277	75.8478	1.0000	43.0000	0.0491	0.5207	0.1572	54.0172	1.0128
83.6856	27.6546	121.7849	1.0000	52.1104	49.7113	117.3483	1.0000	41.0000	0.0422	0.5029	0.3039	57.2830	1.0645
49.0331	43.1772	265.9392	1.0000	48.6873	42.2389	249.7688	1.0000	1.0000	0.0263	0.5776	1.7752	169.8945	1.0000
26.0131	37.8771	198.8092	1.0000	47.6902	81.1687	72.7865	1.0000	52.0000	0.0462	0.1883	0.1913	25.6176	1.0740
25.9693	36.3382	215.3159	1.0000	47.7684	80.4735	73.6115	1.0000	54.0000	0.0446	0.1953	0.1821	25.5900	1.0970
27.6951	36.5078	15.1058	1.0000	47.7201	67.2696	75.3358	1.0000	38.0000	0.0456	0.3273	0.1629	35.9376	1.0353
47.5947	91.6374	157.1530	1.0000	46.5893	95.2867	82.3267	1.0000	4.0000	0.0682	0.0471	0.0853	9.6295	1.0567
22.6681	62.7727	149.2129	1.0000	41.8892	95.3342	60.2572	1.0000	39.0000	0.1622	0.0467	0.3305	31.1799	1.0314
48.5709	93.2985	-66.3324	1.0000	49.1957	92.5177	-51.3324	1.0000	1.0000	0.0161	0.0748	1.5704	141.5326	1.0000
40.1887	96.7147	71.3042	1.0000	40.5092	97.6619	71.3042	1.0000	1.0000	0.1898	0.0234	0.2077	21.0967	1.0000
40.7680	32.0155	86.1121	1.0000	47.6432	56.0456	77.2453	1.0000	25.0000	0.0471	0.4395	0.1417	45.8282	1.0002
49.3346	54.1208	19.2606	1.0000	50.1611	54.6837	34.2606	1.0000	1.0000	0.0032	0.4532	0.6193	71.8364	1.0000
68.9111	51.8820	-17.5409	1.0000	52.2108	81.8429	117.8624	1.0000	38.0000	0.0442	0.1816	0.3096	33.3299	1.1078
46.1942	11.3931	-20.9404	1.0000	48.1763	11.4471	9.0596	1.0000	2.0000	0.0365	0.8855	0.8993	119.9845	1.0086
6.7550	44.5891	165.8967	1.0000	5.5083	47.1115	91.3403	1.0000	3.0000	0.8898	0.5289	0.0149	69.1267	1.0662
66.0666	60.2845	136.9153	1.0000	52.2197	78.5891	118.6942	1.0000	23.0000	0.0444	0.2141	0.3188	35.8708	1.0021
98.5728	4.8873	-0.2470	1.0000	100.1502	6.0376	48.6449	0.0000	2.0000	1.0030	0.9396	0.4595	114.2551	1.0245
85.3964	10.4748	148.0955	1.0000	52.1605	28.2441	117.5825	1.0000	41.0000	0.0432	0.7176	0.3065	76.9049	1.0879
79.2008	84.2272	146.3312	1.0000	57.1705	95.4131	128.5000	1.0000	26.0000	0.1434	0.0459	0.4278	39.4297	1.0523
29.9701	73.2659	-40.5896	1.0000	47.7449	95.6072	74.5043	1.0000	32.0000	0.0451	0.0439	0.1722	16.2634	1.1209
98.1158	27.8149	261.2461	1.0000	52.1429	33.9210	117.4967	1.0000	58.0000	0.0429	0.6608	0.3055	71.6038	1.2506
64.3097	21.2790	-36.4404	1.0000	67.7535	24.7104	93.1864	1.0000	6.0000	0.3551	0.7529	0.0354	77.4200	1.2342
90.9857	12.9945	138.4651	1.0000	52.1256	31.7497	117.4163	1.0000	47.0000	0.0425	0.6825	0.3046	73.5818	1.0892
68.6191	98.8623	188.9834	1.0000	67.6194	98.8377	181.4126	1.0000	1.0000	0.3524	0.0116	1.0157	93.1024	1.0000
40.7392	99.2481	-62.4560	1.0000	41.4154	98.5114	-47.4560	1.0000	1.0000	0.1717	0.0149	1.5273	137.7318	1.0000
5.6432	52.6865	188.8874	1.0000	3.4777	55.4926	90.2702	1.0000	4.0000	0.9304	0.4451	0.0030	64.3841	1.1285
8.7065	9.5786	175.1393	1.0000	47.6950	69.0542	72.8140	1.0000	74.0000	0.0461	0.3095	0.1910	35.4728	1.0406
21.1093	68.7737	94.3354	1.0000	39.4277	95.8544	60.1883	1.0000	33.0000	0.2114	0.0415	0.3312	31.9013	1.0093
13.2470	71.0918	-50.3831	1.0000	47.3620	95.4273	69.8438	1.0000	51.0000	0.0528	0.0457	0.2240	20.8361	1.2170
17.4741	7.8689	124.6087	1.0000	47.6031	55.2930	71.1690	1.0000	57.0000	0.0479	0.4471	0.2092	48.5702	1.0145
20.2047	60.5153	140.2966	1.0000	19.7511	62.4160	91.1163	1.0000	2.0000	0.6050	0.3758	0.0124	48.2576	1.0235
57.7106	99.2433	37.3350	1.0000	58.1760	100.1284	62.2641	1.0000	1.0000	0.1635	0.0013	0.3082	28.9162	1.0000
65.7530	39.4926	262.4134	1.0000	52.4951	44.4564	118.1886	1.0000	18.0000	0.0499	0.5554	0.3132	62.3371	1.2715
78.1514	84.4180	255.2884	1.0000	52.0866	92.2732	117.2527	1.0000	37.0000	0.0417	0.0773	0.3028	28.4036	1.3592
39.0898	87.0872	-52.4526	1.0000	47.5292	93.3641	72.4772	1.0000	13.0000	0.0494	0.0664	0.1947	18.8995	1.2360
2.2439	55.8808	18.5226	1.0000	47.7545	94.4192	73.6561	1.0000	64.0000	0.0449	0.0558	0.1816	17.4159	1.0732
72.1702	74.7185	-77.8186	1.0000	76.7301	76.1594	89.8838	1.0000	7.0000	0.5346	0.2384	0.0013	35.8174	1.4638
37.5136	7.5442	49.7961	1.0000	47.6558	27.0257	73.2666	1.0000	22.0000	0.0469	0.7297	0.1859	74.9049	1.0017
21.8536	11.3610	244.5764	1.0000	47.5492	58.5261	70.3017	1.0000	61.0000	0.0490	0.4147	0.2189	45.9795	1.1357
38.5029	29.1228	204.0921	1.0000	47.7001	69.3726	74.3044	1.0000	44.0000	0.0460	0.3063	0.1744	34.4917	1.0657
45.1387	24.1400	5.5555	1.0000	47.5239	25.8448	50.5555	1.0000	3.0000	0.0495	0.7416	0.4383	84.0297	1.0232
25.7924	0.0040	-32.2893	1.0000	26.6811	-0.4543	-27.2828	0.0000	1.0000	0.4664	1.0045	1.3031	156.1733	1.0000
80.5536	74.4147	-24.5831	1.0000	56.7511	95.5349	128.4968	1.0000	39.0000	0.1350	0.0447	0.4277	39.3385	1.2256
26.5299	6.9315	254.3224	1.0000	22.0897	8.6771	85.9242	1.0000	7.0000	0.5582	0.9132	0.0453	95.5797	1.4672
3.1223	69.5178	141.3549	1.0000	2.6498	71.4123	91.4988	1.0000	2.0000	0.9470	0.2859	0.0167	55.3312	1.0243
43.4972	41.2198	205.6720	1.0000	47.7244	67.2155	76.8547	1.0000	29.0000	0.0455	0.3278	0.1461	35.3949	1.1011
52.4885	65.4134	189.0030	1.0000	51.4943	65.5207	173.8369	1.0000	1.0000	0.0299	0.3448	0.9315	90.6625	1.0000
41.6859	74.7616	198.2053	1.0000	45.1563	95.1808	70.8596	1.0000	23.0000	0.0969	0.0482	0.2127	20.3234	1.1105
31.8328	71.1581	-56.7678	1.0000	47.6602	89.6834	73.1486	1.0000	28.0000	0.0468	0.1032	0.1872	19.8966	1.1491
8.9620	84.7158	-83.9238	1.0000	42.9985	95.3112	61.5153	1.0000	50.0000	0.1400	0.0469	0.3165	29.7050	1.4026
41.3554	30.1028	94.0116	1.0000	47.5811	50.1392	76.9042	1.0000	21.0000	0.0484	0.4986	0.1455	51.6087	1.0009
94.2130	92.9319	204.3743	1.0000	60.7173	95.4520	130.6188	1.0000	35.0000	0.2143	0.0455	0.4513	42.2544	1.0420
39.9325	19.3904	-28.2389	1.0000	47.7779	27.9578	73.4581	1.0000	13.0000	0.0444	0.7204	0.1838	73.9504	1.1191
45.1769	69.6215	237.3466	1.0000	41.1701	71.6865	90.7903	1.0000	6.0000	0.1766	0.2831	0.0088	29.6690	1.3311
3.6449	71.2877	224.7426	1.0000	19.6105	95.6478	45.0000	1.0000	35.0000	0.6078	0.0435	0.5000	54.4744	1.2017
45.3722	34.5538	25.6033	1.0000	47.5632	37.8315	65.8002	1.0000	4.0000	0.0487	0.6217	0.2689	66.7570	1.0146
46.2955	73.0977	91.0669	1.0000	47.5321	77.9373	73.6779	1.0000	5.0000	0.0494	0.2206	0.1814	27.5548	1.0010
58.3158	31.5413	-0.0635	1.0000	52.1291	48.1867	117.4345	1.0000	20.0000	0.0426	0.5181	0.3048	58.6669	1.1263
98.7061	5.5746	84.2889	1.0000	52.2170	30.0223	118.6459	1.0000	58.0000	0.0443	0.6998	0.3183	75.6464	1.1042
58.2320	32.8384	214.0126	1.0000	52.2963	34.9560	117.1974	1.0000	7.0000	0.0459	0.6504	0.3022	70.5386	1.1107
39.9343	16.1573	-83.2629	1.0000	47.8565	16.9162	64.2872	1.0000	11.0000	0.0429	0.8308	0.2857	86.9980	1.3822
36.9117	22.5602	222.8102	1.0000	47.6494	68.3507	74.8353	1.0000	51.0000	0.0470	0.3165	0.1685	35.1735	1.0844
14.2658	1.6114	111.6072	1.0000	14.3259	2.6096	86.5564	1.0000	1.0000	0.7135	0.9739	0.0383	103.7757	1.0000
24.1951	10.1387	1.3683	1.0000	47.6921	39.2020	73.2825	1.0000	40.0000	0.0462	0.6080	0.1858	63.0967	1.0703
76.9434	51.5659	-1.0526	1.0000	52.2227	79.6376	117.9769	1.0000	42.0000	0.0445	0.2036	0.3109	34.6738	1.1228
24.1288	84.4966	-82.7094	1.0000	46.1067	95.7962	62.2898	1.0000	38.0000	0.0779	0.0420	0.3079	28.2964	1.5377
7.3665	91.2750	209.2957	1.0000	4.4161	94.1586	86.0933	1.0000	5.0000	0.9117	0.0584	0.0434	46.1224	1.2120
44.9632	86.3753	112.7128	1.0000	44.9915	87.3749	88.3782	1.0000	1.0000	0.1002	0.1263	0.0180	13.6787	1.0000
83.5512	72.2965	70.6791	1.0000	53.8886	95.1872	122.6225	1.0000	40.0000	0.0778	0.0481	0.3625	33.2041	1.0676
7.4547	23.1653	-70.3290	1.0000	47.5230	45.1786	70.6212	1.0000	59.0000	0.0495	0.5482	0.2153	58.1985	1.2905
52.4068	18.0513	-85.1999	1.0000	57.6114	19.4013	93.4083	1.0000	9.0000	0.1522	0.8060	0.0379	81.0290	1.6739
98.2187	94.5550	9.1711	1.0000	99.0517	95.1084	33.5973	1.0000	1.0000	0.9810	0.0489	0.6267	74.9083	1.0000
94.7698	87.5462	246.5509	1.0000	52.9366	95.0948	119.0360	1.0000	51.0000	0.0587	0.0491	0.3226	29.5934	1.1998
10.4592	0.5400	150.7847	1.0000	47.7231	56.5700	72.3802	1.0000	69.0000	0.0455	0.4343	0.1958	46.9234	1.0254
58.9432	11.9821	243.5263	1.0000	52.1545	12.1676	126.6756	1.0000	8.0000	0.0431	0.8783	0.4075	95.2065	1.1780
49.1344	67.4041	-39.1944	1.0000	50.0465	66.9943	-24.1944	1.0000	1.0000	0.0009	0.3301	1.2688	118.8686	1.0000
68.0458	30.3544	250.5510	1.0000	52.2205	39.5426	117.9964	1.0000	22.0000	0.0444	0.6046	0.3111	66.6620	1.2022
7.6450	81.5909	52.9435	1.0000	20.9314	95.1666	45.0002	1.0000	19.0000	0.5814	0.0483	0.5000	53.7897	1.0002
85.6044	58.3828	-39.2753	1.0000	52.3699	85.3707	118.4360	1.0000	53.0000	0.0474	0.1463	0.3160	32.0661	1.2380
23.7105	47.7311	214.2020	1.0000	20.4746	50.3121	92.5017	1.0000	5.0000	0.5905	0.4969	0.0278	57.8523	1.2080
71.8993	83.4701	-12.5866	1.0000	65.8019	95.2823	142.9062	1.0000	17.0000	0.3160	0.0472	0.5878	55.4168	1.2789
65.2003	12.8551	96.1754	1.0000	52.2166	31.7138	118.4877	1.0000	23.0000	0.0443	0.6829	0.3165	74.0234	1.0045
37.7288	72.3707	50.0688	1.0000	47.7611	91.8983	74.6225	1.0000	22.0000	0.0448	0.0810	0.1709	17.5248	1.0021
37.1411	69.3103	235.9515	1.0000	33.1613	71.5549	90.7444	1.0000	6.0000	0.3368	0.2845	0.0083	33.0638	1.3132
27.4827	16.9408	15.3593	1.0000	47.5500	46.5262	72.1730	1.0000	37.0000	0.0490	0.5347	0.1981	56.4203	1.0350
74.1521	69.9094	28.0207	1.0000	54.1870	95.1090	125.6549	1.0000	34.0000	0.0837	0.0489	0.3962	36.2316	1.0575
59.0061	43.0433	-31.8806	1.0000	52.2186	61.7023	118.7100	1.0000	24.0000	0.0444	0.3830	0.3190	47.9156	1.2088
43.4963	37.9642	67.1077	1.0000	47.7644	50.2137	73.7198	1.0000	13.0000	0.0447	0.4979	0.1809	52.4282	1.0022
92.8652	66.1358	-58.1452	1.0000	96.8227	68.2790	90.4745	1.0000	6.0000	0.9365	0.3172	0.0053	56.5580	1.3332
90.1949	0.0056	121.6585	1.0000	52.2450	21.0732	118.3551	1.0000	47.0000	0.0449	0.7893	0.3151	83.8957	1.0828
88.2046	22.7818	167.2381	1.0000	52.4302	38.5246	118.3312	1.0000	43.0000	0.0486	0.6148	0.3148	67.7332	1.1002
21.6811	32.8955	175.9460	1.0000	47.5510	78.6793	70.5843	1.0000	55.0000	0.0490	0.2132	0.2157	28.9403	1.0459
49.5432	68.0129	255.1763	1.0000	49.0397	67.1489	239.7695	1.0000	1.0000	0.0192	0.3285	1.6641	153.3330	1.0000
26.1866	93.6944	194.0700	1.0000	23.8394	95.2687	122.0743	1.0000	3.0000	0.5232	0.0473	0.3564	41.6596	1.0615
3.9047	59.6258	-12.8825	1.0000	47.5746	92.6624	72.4589	1.0000	61.0000	0.0485	0.0734	0.1949	19.1680	1.1140
73.6379	36.7544	-45.0992	1.0000	52.2447	63.8535	118.3596	1.0000	42.0000	0.0449	0.3615	0.3151	45.9986	1.2165
94.3061	22.1952	-33.0294	1.0000	97.4203	24.8928	90.6054	1.0000	5.0000	0.9484	0.7511	0.0067	88.8265	1.2135
97.0456	2.5486	58.7071	1.0000	52.4734	27.6860	118.3857	1.0000	57.0000	0.0495	0.7231	0.3154	77.7250	1.1139
11.4678	57.7879	-58.9755	1.0000	47.6088	82.5273	73.5350	1.0000	55.0000	0.0478	0.1747	0.1829	24.1269	1.2558
49.1260	86.7763	-32.3365	1.0000	50.0805	86.4783	-17.3365	1.0000	1.0000	0.0016	0.1352	1.1926	108.1849	1.0000
18.3870	25.8404	-30.5071	1.0000	47.6041	53.2074	72.9622	1.0000	46.0000	0.0479	0.4679	0.1893	49.8556	1.1491
81.7274	65.0649	168.4018	1.0000	52.2047	81.4260	117.8235	1.0000	37.0000	0.0441	0.1857	0.3091	33.5261	1.0962
14.5119	48.3756	10.7549	1.0000	47.7764	80.4261	73.2316	1.0000	50.0000	0.0445	0.1957	0.1863	25.8701	1.0824
3.7824	5.2522	130.0423	1.0000	47.6979	66.9405	72.7862	1.0000	77.0000	0.0460	0.3306	0.1913	37.3436	1.0169
16.7203	59.2383	-63.0329	1.0000	47.5247	79.8804	70.3676	1.0000	48.0000	0.0495	0.2012	0.2181	28.2198	1.2945
13.3293	52.8765	97.9147	1.0000	43.8501	95.5579	60.2112	1.0000	53.0000	0.1230	0.0444	0.3310	30.7397	1.0101
47.2115	85.7693	264.1176	1.0000	42.2611	86.4801	87.1537	1.0000	8.0000	0.1548	0.1352	0.0316	15.8360	1.5996
94.0619	88.5392	225.9436	1.0000	55.4270	95.4574	128.4919	1.0000	44.0000	0.1085	0.0454	0.4277	39.1371	1.1210
13.0092	16.3000	262.1624	1.0000	8.5224	17.5903	89.6085	1.0000	7.0000	0.8296	0.8241	0.0044	92.2600	1.4994
35.2497	53.8885	-76.7342	1.0000	47.5705	64.4376	73.0388	1.0000	21.0000	0.0486	0.3556	0.1885	39.4749	1.2947
98.9669	81.1740	168.5090	1.0000	52.7649	95.7392	119.7383	1.0000	53.0000	0.0553	0.0426	0.3304	30.1690	1.0941
65.5592	35.3575	91.3594	1.0000	52.2214	55.1362	118.0768	1.0000	24.0000	0.0444	0.4486	0.3120	52.9717	1.0061
57.0199	82.5507	238.8192	1.0000	52.4932	81.4447	163.3764	1.0000	5.0000	0.0499	0.1856	0.8153	75.7272	1.0730
2.9189	1.6281	256.8131	1.0000	-0.5082	0.6863	158.9359	0.0000	4.0000	1.0102	0.9931	0.7660	131.0208	1.1254
46.6954	59.6394	-78.5551	1.0000	47.8027	57.9944	-48.5551	1.0000	2.0000	0.0439	0.4201	1.5395	144.7992	1.0086
58.2968	44.3130	158.5648	1.0000	52.3399	50.7415	117.5128	1.0000	9.0000	0.0468	0.4926	0.3057	56.4697	1.0269
